,cases,county,date_number,Population,region,pop_dens,crime_per_100k,tranlevel,Longitude,Latitude,tranlevel_in_2_weeks
18100,19035,Alamance,1,175029.0,Northern,404.8,3065.6,Moderate,-79.3994248175,36.0437098766,Moderate
18182,3908,Scotland,1,33662.0,Eastern,107.1,3528.0,Moderate,-79.4804292418,34.8408848102,Substantial
18131,25979,Durham,1,331347.0,Eastern,1133.7,3966.0,Moderate,-78.8765926949,36.0360299243,Moderate
18110,18087,Buncombe,1,271638.0,Western,410.4,3012.8,Low,-82.5301070587,35.611177887,Moderate
18181,8160,Sampson,1,58371.0,Coastal,62.4,2241.9,Moderate,-78.3713906105,34.9915361594,Moderate
18144,10310,Henderson,1,117429.0,Western,311.8,2039.7,Error,-82.4799463782,35.3362263031,Moderate
18136,750,Gates,1,10324.0,Coastal,30.8,750.9,Error,-76.7005266521,36.4449435708,Moderate
18135,27187,Gaston,1,233387.0,Central,640.7,2912.4,Low,-81.1802416273,35.2943489527,Moderate
18180,7448,Rutherford,1,63870.0,Western,114.0,2009.9,Moderate,-81.9198334642,35.4025956291,Moderate
18111,10152,Burke,1,88398.0,Western,173.0,1836.1,Moderate,-81.7047784739,35.7496106399,Moderate
18179,17248,Rowan,1,148565.0,Northern,287.1,2292.8,Moderate,-80.5247717485,35.6394734632,Substantial
18199,1640,Yancey,1,18320.0,Western,59.1,557.0,Error,-82.3076279784,35.8989479924,Moderate
18178,8099,Rockingham,1,90457.0,Northern,161.0,2130.4,Moderate,-79.7749871967,36.3960127906,Substantial
18112,22378,Cabarrus,1,232873.0,Central,625.1,1374.8,Moderate,-80.5518508851,35.3867940405,Substantial
18130,6382,Duplin,1,48249.0,Coastal,59.8,2911.6,Moderate,-77.9330277459,34.9365348363,High
18145,2116,Hertford,1,20374.0,Coastal,61.0,2281.6,Moderate,-76.9807147831,36.3586360305,Low
18177,16880,Robeson,1,115899.0,Coastal,123.0,5137.4,Substantial,-79.1038649277,34.6402420514,High
18198,4136,Yadkin,1,36925.0,Northern,111.1,1820.8,Low,-80.6652439331,36.1605336919,Moderate
18146,4902,Hoke,1,53783.0,Eastern,133.5,2028.14,Moderate,-79.237290715,35.0175290075,Substantial
18176,4818,Richmond,1,43006.0,Eastern,90.7,5508.4,Moderate,-79.7477780226,35.0060483545,High
18175,15346,Randolph,1,143325.0,Northern,184.3,1615.5,Moderate,-79.8060069064,35.7103417044,Moderate
18114,695,Camden,1,10537.0,Coastal,43.1,793.0,Moderate,-76.1609504039,36.3411216216,Low
18174,1501,Polk,1,19461.0,Western,81.3,1596.5,Low,-82.1696779265,35.2792789622,Substantial
18173,20504,Pitt,1,173536.0,Coastal,261.0,2238.9,Moderate,-77.3744965519,35.5932989746,Substantial
18129,4179,Davie,1,43127.0,Northern,162.0,1665.25,Low,-80.5444636482,35.929110866,Moderate
18147,671,Hyde,1,4595.0,Coastal,7.5,0.0,Low,-76.1449651093,35.4081187361,Low
18115,5261,Carteret,1,69039.0,Coastal,133.3,1912.1,Moderate,-76.5357430669,34.8612598084,Substantial
18172,3511,Person,1,39048.0,Eastern,99.7,1862.8,Moderate,-78.9718051426,36.3900951244,Substantial
18148,19279,Iredell,1,192986.0,Northern,325.0,1866.4,Moderate,-80.8734378255,35.8070259189,Moderate
18171,1037,Perquimans,1,13049.0,Coastal,52.6,684.8,Low,-76.4076199893,36.1772228503,Low
18183,7931,Stanly,1,62143.0,Central,158.2,2425.2,Error,-80.2509863077,35.3119550622,Moderate
18109,9337,Brunswick,1,144821.0,Coastal,160.8,1537.1,Low,-78.2274071617,34.0388755841,Substantial
18143,4496,Haywood,1,62831.0,Western,112.2,3591.8,Error,-82.9821729698,35.5560557128,Moderate
18184,4235,Stokes,1,44422.0,Northern,99.1,2146.85,Low,-80.2395157151,36.4019040049,Substantial
18137,666,Graham,1,7935.0,Western,27.5,8085.4,Substantial,-83.833581803,35.350171951,High
18197,9924,Wilson,1,79078.0,Coastal,214.3,2386.9,Substantial,-77.9186629547,35.7051457145,Moderate
18102,1095,Alleghany,1,11057.0,Northern,46.4,697.2,Low,-81.1278593427,36.4912704378,Moderate
18196,6952,Wilkes,1,65151.0,Northern,87.5,1887.3,Moderate,-81.1633856618,36.2062757623,Moderate
18195,11492,Wayne,1,115895.0,Coastal,211.8,2813.0,Moderate,-78.0039971272,35.3639599672,Substantial
18134,7047,Franklin,1,70655.0,Eastern,139.4,1314.6,Error,-78.2856965824,36.0827733527,Low
18103,2637,Anson,1,22028.0,Central,41.5,2802.1,Moderate,-80.102712026,34.9737894417,Substantial
18138,5991,Granville,1,60720.0,Eastern,114.6,1466.3,Moderate,-78.6527194252,36.3040698262,Moderate
18194,5025,Watauga,1,54804.0,Northern,173.1,1191.8,Moderate,-81.6964250718,36.2311062795,Low
18193,1140,Washington,1,10708.0,Coastal,31.8,1746.8,Substantial,-76.5693098876,35.8392646425,Low
18139,2418,Greene,1,19978.0,Coastal,76.7,1640.3,Error,-77.6757626742,35.4849957203,Moderate
18104,2248,Ashe,1,26506.0,Northern,62.3,1123.1,Low,-81.5005211955,36.434424701,Moderate
18192,1819,Warren,1,18621.0,Eastern,43.4,2235.0,Moderate,-78.1067171324,36.3965102811,Low
18191,90342,Wake,1,1154170.0,Eastern,1353.3,1846.0,Moderate,-78.6503081729,35.7902443741,Moderate
18116,2200,Caswell,1,22400.0,Eastern,53.5,317.5,Moderate,-79.3335234769,36.3932742158,Moderate
18105,2164,Avery,1,17347.0,Western,72.0,1003.4,Moderate,-81.9226013745,36.0766050343,Low
18190,4995,Vance,1,41665.0,Eastern,168.7,3584.5,Low,-78.4079288849,36.3649169333,Low
18140,48722,Guilford,1,545484.0,Northern,838.0,3371.1,Moderate,-79.7889042685,36.0794717315,Moderate
18101,4456,Alexander,1,36172.0,Northern,140.2,1440.7,Moderate,-81.1770268506,35.9210263138,Moderate
18189,24933,Union,1,244960.0,Central,376.6,1582.3,Moderate,-80.5307400446,34.9883574887,Substantial
18106,4789,Beaufort,1,44150.0,Coastal,53.6,2157.95,Moderate,-76.8453144055,35.486983815,Moderate
18141,5687,Halifax,1,47859.0,Coastal,67.2,2754.7,Moderate,-77.6517329831,36.2574485453,Moderate
18188,326,Tyrrell,1,3315.0,Coastal,8.3,957.2,Low,-76.1704523585,35.8694070017,Moderate
18107,1794,Bertie,1,17302.0,Coastal,25.7,1594.6,Low,-76.9667121404,36.0656302022,Moderate
18187,2386,Transylvania,1,32825.0,Western,87.2,978.5,Error,-82.7983001279,35.2021778635,Moderate
18132,5703,Edgecombe,1,48604.0,Coastal,96.7,2366.3,Low,-77.5970588882,35.912880671,Moderate
18186,1210,Swain,1,14046.0,Western,26.8,3517.8,Moderate,-83.4927393736,35.4868150519,Moderate
18108,3513,Bladen,1,29171.0,Coastal,33.8,2578.5,High,-78.5636493115,34.6145873342,High
18142,12060,Harnett,1,134986.0,Eastern,224.5,2172.6,Moderate,-78.8694125204,35.3686291614,Substantial
18185,8407,Surry,1,70573.0,Northern,134.0,1507.5,Moderate,-80.6880779273,36.4148205561,Substantial
18133,37028,Forsyth,1,387703.0,Northern,938.1,4129.5,Moderate,-80.256300016,36.1306195485,Moderate
18170,5557,Pender,1,62250.0,Coastal,69.1,1461.9,Low,-77.8884355846,34.5150997489,Substantial
18113,9525,Caldwell,1,81319.0,Northern,170.9,2504.8,Low,-81.5464366451,35.9530379334,Moderate
18169,3443,Pasquotank,1,40966.0,Coastal,178.8,2078.8,Low,-76.2492413613,36.2650187228,Moderate
18123,6461,Columbus,1,49795.0,Coastal,54.0,2887.71,Moderate,-78.6550308717,34.2656450828,Substantial
18166,17891,Onslow,1,207928.0,Coastal,268.4,2191.23,Moderate,-77.4157658244,34.709836363,Substantial
18119,2635,Cherokee,1,28738.0,Western,63.2,3613.3,Moderate,-84.063444228,35.1338574515,Substantial
18154,10286,Lincoln,1,88742.0,Central,293.4,1745.2,Moderate,-81.2235326264,35.4855950234,Substantial
18158,5291,McDowell,1,44151.0,Western,101.3,2610.9,Error,-82.0493124426,35.6816924709,Moderate
18165,1894,Northampton,1,16953.0,Eastern,32.6,2092.6,Error,-77.3968212099,36.4177312434,Moderate
18127,2190,Dare,1,37817.0,Coastal,96.3,1872.9,Moderate,-75.6852333134,35.664936694,High
18164,19557,New Hanover,1,230423.0,Coastal,1174.0,2612.3,Moderate,-77.865597569,34.1815553357,Moderate
18151,899,Jones,1,9076.0,Coastal,19.5,0.0,Error,-77.3551679748,35.0217248029,Substantial
18159,114680,Mecklenburg,1,1128426.0,Central,2130.4,3736.1,Moderate,-80.8327311406,35.2467670437,Substantial
18120,1488,Chowan,1,13646.0,Coastal,79.4,1402.6,Low,-76.6021303656,36.1265615389,High
18153,6269,Lenoir,1,54323.0,Coastal,138.1,3246.04,Moderate,-77.6412486292,35.2387731611,Moderate
18163,11709,Nash,1,96101.0,Coastal,175.7,1838.5,Moderate,-77.9864448378,35.9672502839,Moderate
18122,11712,Cleveland,1,99332.0,Western,214.4,2001.7,Moderate,-81.5555471412,35.3341018022,Substantial
18152,6155,Lee,1,64360.0,Eastern,248.1,1631.1,Moderate,-79.1714836119,35.4751864248,Moderate
18160,1479,Mitchell,1,14783.0,Western,67.4,458.42,Error,-82.1635815487,36.0132038869,Error
18162,9062,Moore,1,102966.0,Eastern,142.9,1617.3,Moderate,-79.4813744392,35.3106538555,Moderate
18121,906,Clay,1,11238.0,Western,51.6,2288.34,Substantial,-83.7501767115,35.0571811284,Substantial
18126,1581,Currituck,1,29385.0,Coastal,107.3,1344.3,Moderate,-75.936949201,36.3672994836,Moderate
18150,22280,Johnston,1,224833.0,Coastal,272.7,1547.3,Moderate,-78.3657109025,35.5178069265,Substantial
18157,2325,Martin,1,21503.0,Coastal,48.3,2717.4,Moderate,-77.109232267,35.843213981,Moderate
18161,3383,Montgomery,1,25485.0,Eastern,52.4,2480.1,Low,-79.9054790812,35.332466935,Moderate
18124,9470,Craven,1,102568.0,Coastal,142.5,2112.3,Low,-77.082003837,35.117685821,Moderate
18167,8596,Orange,1,148331.0,Eastern,374.0,1991.9,Low,-79.120649356,36.0611182361,Moderate
18118,4755,Chatham,1,77095.0,Eastern,111.9,1456.0,Low,-79.2552758614,35.7025721296,Moderate
18149,3661,Jackson,1,41919.0,Western,87.8,1864.6,Error,-83.1408496187,35.2875866253,Moderate
18155,3167,Macon,1,37041.0,Western,71.8,2077.4,Moderate,-83.4221767088,35.1504672096,Moderate
18125,30324,Cumberland,1,341793.0,Eastern,512.9,3748.5,Moderate,-78.8275607671,35.048611942,High
18156,1602,Madison,1,21146.0,Western,47.1,1247.6,Error,-82.7057582627,35.8580358086,Substantial
18128,17034,Davidson,1,171752.0,Northern,305.4,1757.8,Moderate,-80.2127487756,35.7933524917,Moderate
18117,19814,Catawba,1,162841.0,Northern,400.2,2802.5,Moderate,-81.2150705598,35.662042354,Substantial
18168,1119,Pamlico,1,12215.0,Coastal,36.5,2321.5,Error,-76.6694598427,35.151021226,Low
18289,24944,Union,2,244960.0,Central,376.6,1582.3,Moderate,-80.5307400446,34.9883574887,Substantial
18202,1095,Alleghany,2,11057.0,Northern,46.4,697.2,Low,-81.1278593427,36.4912704378,Moderate
18222,11717,Cleveland,2,99332.0,Western,214.4,2001.7,Moderate,-81.5555471412,35.3341018022,Substantial
18206,4791,Beaufort,2,44150.0,Coastal,53.6,2157.95,Moderate,-76.8453144055,35.486983815,Moderate
18224,9470,Craven,2,102568.0,Coastal,142.5,2112.3,Low,-77.082003837,35.117685821,Moderate
18241,5686,Halifax,2,47859.0,Coastal,67.2,2754.7,Moderate,-77.6517329831,36.2574485453,Moderate
18253,6270,Lenoir,2,54323.0,Coastal,138.1,3246.04,Moderate,-77.6412486292,35.2387731611,Moderate
18288,326,Tyrrell,2,3315.0,Coastal,8.3,957.2,Low,-76.1704523585,35.8694070017,Moderate
18260,1480,Mitchell,2,14783.0,Western,67.4,458.42,Low,-82.1635815487,36.0132038869,Low
18207,1795,Bertie,2,17302.0,Coastal,25.7,1594.6,Moderate,-76.9667121404,36.0656302022,Low
18297,9929,Wilson,2,79078.0,Coastal,214.3,2386.9,Substantial,-77.9186629547,35.7051457145,Moderate
18287,2387,Transylvania,2,32825.0,Western,87.2,978.5,Error,-82.7983001279,35.2021778635,Moderate
18237,666,Graham,2,7935.0,Western,27.5,8085.4,High,-83.833581803,35.350171951,High
18232,5704,Edgecombe,2,48604.0,Coastal,96.7,2366.3,Low,-77.5970588882,35.912880671,Moderate
18226,1580,Currituck,2,29385.0,Coastal,107.3,1344.3,Low,-75.936949201,36.3672994836,Moderate
18255,3166,Macon,2,37041.0,Western,71.8,2077.4,Moderate,-83.4221767088,35.1504672096,Moderate
18296,6954,Wilkes,2,65151.0,Northern,87.5,1887.3,Moderate,-81.1633856618,36.2062757623,Moderate
18294,5024,Watauga,2,54804.0,Northern,173.1,1191.8,Moderate,-81.6964250718,36.2311062795,Moderate
18259,114737,Mecklenburg,2,1128426.0,Central,2130.4,3736.1,Moderate,-80.8327311406,35.2467670437,Substantial
18293,1140,Washington,2,10708.0,Coastal,31.8,1746.8,Moderate,-76.5693098876,35.8392646425,Moderate
18257,2329,Martin,2,21503.0,Coastal,48.3,2717.4,Moderate,-77.109232267,35.843213981,Moderate
18238,5991,Granville,2,60720.0,Eastern,114.6,1466.3,Moderate,-78.6527194252,36.3040698262,Moderate
18223,6459,Columbus,2,49795.0,Coastal,54.0,2887.71,Moderate,-78.6550308717,34.2656450828,Substantial
18239,2421,Greene,2,19978.0,Coastal,76.7,1640.3,Moderate,-77.6757626742,35.4849957203,Moderate
18256,1601,Madison,2,21146.0,Western,47.1,1247.6,Error,-82.7057582627,35.8580358086,Substantial
18204,2252,Ashe,2,26506.0,Northern,62.3,1123.1,Moderate,-81.5005211955,36.434424701,Moderate
18203,2638,Anson,2,22028.0,Central,41.5,2802.1,Moderate,-80.102712026,34.9737894417,Moderate
18240,48742,Guilford,2,545484.0,Northern,838.0,3371.1,Moderate,-79.7889042685,36.0794717315,Moderate
18292,1817,Warren,2,18621.0,Eastern,43.4,2235.0,Moderate,-78.1067171324,36.3965102811,Low
18291,90426,Wake,2,1154170.0,Eastern,1353.3,1846.0,Moderate,-78.6503081729,35.7902443741,Moderate
18225,30343,Cumberland,2,341793.0,Eastern,512.9,3748.5,Moderate,-78.8275607671,35.048611942,High
18234,7047,Franklin,2,70655.0,Eastern,139.4,1314.6,Low,-78.2856965824,36.0827733527,Low
18205,2164,Avery,2,17347.0,Western,72.0,1003.4,Moderate,-81.9226013745,36.0766050343,Low
18233,37030,Forsyth,2,387703.0,Northern,938.1,4129.5,Low,-80.256300016,36.1306195485,Moderate
18258,5289,McDowell,2,44151.0,Western,101.3,2610.9,Error,-82.0493124426,35.6816924709,Moderate
18290,4995,Vance,2,41665.0,Eastern,168.7,3584.5,Low,-78.4079288849,36.3649169333,Moderate
18295,11496,Wayne,2,115895.0,Coastal,211.8,2813.0,Moderate,-78.0039971272,35.3639599672,Substantial
18286,1210,Swain,2,14046.0,Western,26.8,3517.8,Moderate,-83.4927393736,35.4868150519,Moderate
18254,10289,Lincoln,2,88742.0,Central,293.4,1745.2,Moderate,-81.2235326264,35.4855950234,Substantial
18262,9067,Moore,2,102966.0,Eastern,142.9,1617.3,Moderate,-79.4813744392,35.3106538555,Moderate
18208,3516,Bladen,2,29171.0,Coastal,33.8,2578.5,High,-78.5636493115,34.6145873342,High
18266,17902,Onslow,2,207928.0,Coastal,268.4,2191.23,Moderate,-77.4157658244,34.709836363,Substantial
18250,22291,Johnston,2,224833.0,Coastal,272.7,1547.3,Moderate,-78.3657109025,35.5178069265,Substantial
18213,9521,Caldwell,2,81319.0,Northern,170.9,2504.8,Error,-81.5464366451,35.9530379334,Moderate
18246,4908,Hoke,2,53783.0,Eastern,133.5,2028.14,Moderate,-79.237290715,35.0175290075,Substantial
18276,4828,Richmond,2,43006.0,Eastern,90.7,5508.4,Substantial,-79.7477780226,35.0060483545,High
18218,4756,Chatham,2,77095.0,Eastern,111.9,1456.0,Low,-79.2552758614,35.7025721296,Moderate
18275,15352,Randolph,2,143325.0,Northern,184.3,1615.5,Moderate,-79.8060069064,35.7103417044,Moderate
18214,695,Camden,2,10537.0,Coastal,43.1,793.0,Low,-76.1609504039,36.3411216216,Low
18274,1500,Polk,2,19461.0,Western,81.3,1596.5,Low,-82.1696779265,35.2792789622,Substantial
18267,8601,Orange,2,148331.0,Eastern,374.0,1991.9,Low,-79.120649356,36.0611182361,Moderate
18273,20514,Pitt,2,173536.0,Coastal,261.0,2238.9,Moderate,-77.3744965519,35.5932989746,Substantial
18229,4180,Davie,2,43127.0,Northern,162.0,1665.25,Moderate,-80.5444636482,35.929110866,Substantial
18268,1119,Pamlico,2,12215.0,Coastal,36.5,2321.5,Error,-76.6694598427,35.151021226,Moderate
18249,3660,Jackson,2,41919.0,Western,87.8,1864.6,Error,-83.1408496187,35.2875866253,Moderate
18247,671,Hyde,2,4595.0,Coastal,7.5,0.0,Low,-76.1449651093,35.4081187361,Low
18215,5261,Carteret,2,69039.0,Coastal,133.3,1912.1,Moderate,-76.5357430669,34.8612598084,Substantial
18272,3513,Person,2,39048.0,Eastern,99.7,1862.8,Moderate,-78.9718051426,36.3900951244,Substantial
18217,19823,Catawba,2,162841.0,Northern,400.2,2802.5,Moderate,-81.2150705598,35.662042354,Substantial
18248,19284,Iredell,2,192986.0,Northern,325.0,1866.4,Moderate,-80.8734378255,35.8070259189,Moderate
18271,1037,Perquimans,2,13049.0,Coastal,52.6,684.8,Low,-76.4076199893,36.1772228503,Low
18228,17032,Davidson,2,171752.0,Northern,305.4,1757.8,Moderate,-80.2127487756,35.7933524917,Moderate
18216,2200,Caswell,2,22400.0,Eastern,53.5,317.5,Moderate,-79.3335234769,36.3932742158,Moderate
18270,5554,Pender,2,62250.0,Coastal,69.1,1461.9,Low,-77.8884355846,34.5150997489,Substantial
18277,16886,Robeson,2,115899.0,Coastal,123.0,5137.4,Moderate,-79.1038649277,34.6402420514,High
18230,6387,Duplin,2,48249.0,Coastal,59.8,2911.6,Substantial,-77.9330277459,34.9365348363,High
18212,22396,Cabarrus,2,232873.0,Central,625.1,1374.8,Moderate,-80.5518508851,35.3867940405,Substantial
18219,2638,Cherokee,2,28738.0,Western,63.2,3613.3,Moderate,-84.063444228,35.1338574515,Substantial
18221,906,Clay,2,11238.0,Western,51.6,2288.34,Substantial,-83.7501767115,35.0571811284,Substantial
18242,12069,Harnett,2,134986.0,Eastern,224.5,2172.6,Moderate,-78.8694125204,35.3686291614,Substantial
18285,8411,Surry,2,70573.0,Northern,134.0,1507.5,Moderate,-80.6880779273,36.4148205561,Substantial
18284,4234,Stokes,2,44422.0,Northern,99.1,2146.85,Error,-80.2395157151,36.4019040049,Substantial
18269,3451,Pasquotank,2,40966.0,Coastal,178.8,2078.8,Moderate,-76.2492413613,36.2650187228,Moderate
18243,4498,Haywood,2,62831.0,Western,112.2,3591.8,Low,-82.9821729698,35.5560557128,Substantial
18252,6154,Lee,2,64360.0,Eastern,248.1,1631.1,Moderate,-79.1714836119,35.4751864248,Substantial
18209,9342,Brunswick,2,144821.0,Coastal,160.8,1537.1,Low,-78.2274071617,34.0388755841,Substantial
18283,7933,Stanly,2,62143.0,Central,158.2,2425.2,Error,-80.2509863077,35.3119550622,Moderate
18282,3910,Scotland,2,33662.0,Eastern,107.1,3528.0,Moderate,-79.4804292418,34.8408848102,Substantial
18231,25979,Durham,2,331347.0,Eastern,1133.7,3966.0,Moderate,-78.8765926949,36.0360299243,Moderate
18261,3384,Montgomery,2,25485.0,Eastern,52.4,2480.1,Low,-79.9054790812,35.332466935,Substantial
18263,11709,Nash,2,96101.0,Coastal,175.7,1838.5,Moderate,-77.9864448378,35.9672502839,Moderate
18210,18089,Buncombe,2,271638.0,Western,410.4,3012.8,Low,-82.5301070587,35.611177887,Moderate
18281,8164,Sampson,2,58371.0,Coastal,62.4,2241.9,Moderate,-78.3713906105,34.9915361594,Substantial
18251,899,Jones,2,9076.0,Coastal,19.5,0.0,Error,-77.3551679748,35.0217248029,Substantial
18244,10314,Henderson,2,117429.0,Western,311.8,2039.7,Low,-82.4799463782,35.3362263031,Moderate
18280,7444,Rutherford,2,63870.0,Western,114.0,2009.9,Low,-81.9198334642,35.4025956291,Substantial
18264,19559,New Hanover,2,230423.0,Coastal,1174.0,2612.3,Moderate,-77.865597569,34.1815553357,Moderate
18211,10152,Burke,2,88398.0,Western,173.0,1836.1,Low,-81.7047784739,35.7496106399,Moderate
18279,17258,Rowan,2,148565.0,Northern,287.1,2292.8,Moderate,-80.5247717485,35.6394734632,Substantial
18227,2191,Dare,2,37817.0,Coastal,96.3,1872.9,Moderate,-75.6852333134,35.664936694,High
18278,8100,Rockingham,2,90457.0,Northern,161.0,2130.4,Low,-79.7749871967,36.3960127906,Substantial
18265,1895,Northampton,2,16953.0,Eastern,32.6,2092.6,Error,-77.3968212099,36.4177312434,Moderate
18220,1488,Chowan,2,13646.0,Coastal,79.4,1402.6,Moderate,-76.6021303656,36.1265615389,High
18298,4136,Yadkin,2,36925.0,Northern,111.1,1820.8,Low,-80.6652439331,36.1605336919,Substantial
18245,2117,Hertford,2,20374.0,Coastal,61.0,2281.6,Moderate,-76.9807147831,36.3586360305,Moderate
18235,27198,Gaston,2,233387.0,Central,640.7,2912.4,Low,-81.1802416273,35.2943489527,Moderate
18200,19042,Alamance,2,175029.0,Northern,404.8,3065.6,Moderate,-79.3994248175,36.0437098766,Moderate
18236,749,Gates,2,10324.0,Coastal,30.8,750.9,Error,-76.7005266521,36.4449435708,Moderate
18299,1640,Yancey,2,18320.0,Western,59.1,557.0,Error,-82.3076279784,35.8989479924,Moderate
18201,4456,Alexander,2,36172.0,Northern,140.2,1440.7,Moderate,-81.1770268506,35.9210263138,Moderate
18376,4828,Richmond,3,43006.0,Eastern,90.7,5508.4,Substantial,-79.7477780226,35.0060483545,High
18341,5686,Halifax,3,47859.0,Coastal,67.2,2754.7,Moderate,-77.6517329831,36.2574485453,Moderate
18375,15352,Randolph,3,143325.0,Northern,184.3,1615.5,Moderate,-79.8060069064,35.7103417044,Moderate
18314,695,Camden,3,10537.0,Coastal,43.1,793.0,Low,-76.1609504039,36.3411216216,Low
18396,6954,Wilkes,3,65151.0,Northern,87.5,1887.3,Moderate,-81.1633856618,36.2062757623,Moderate
18353,6270,Lenoir,3,54323.0,Coastal,138.1,3246.04,Moderate,-77.6412486292,35.2387731611,Moderate
18374,1500,Polk,3,19461.0,Western,81.3,1596.5,Low,-82.1696779265,35.2792789622,Substantial
18306,4791,Beaufort,3,44150.0,Coastal,53.6,2157.95,Moderate,-76.8453144055,35.486983815,Moderate
18360,1480,Mitchell,3,14783.0,Western,67.4,458.42,Low,-82.1635815487,36.0132038869,Low
18389,24944,Union,3,244960.0,Central,376.6,1582.3,Moderate,-80.5307400446,34.9883574887,Substantial
18326,1580,Currituck,3,29385.0,Coastal,107.3,1344.3,Low,-75.936949201,36.3672994836,Moderate
18373,20514,Pitt,3,173536.0,Coastal,261.0,2238.9,Moderate,-77.3744965519,35.5932989746,Substantial
18329,4180,Davie,3,43127.0,Northern,162.0,1665.25,Moderate,-80.5444636482,35.929110866,Substantial
18347,671,Hyde,3,4595.0,Coastal,7.5,0.0,Low,-76.1449651093,35.4081187361,Low
18361,3384,Montgomery,3,25485.0,Eastern,52.4,2480.1,Low,-79.9054790812,35.332466935,Substantial
18322,11717,Cleveland,3,99332.0,Western,214.4,2001.7,Moderate,-81.5555471412,35.3341018022,Substantial
18346,4908,Hoke,3,53783.0,Eastern,133.5,2028.14,Moderate,-79.237290715,35.0175290075,Substantial
18343,4498,Haywood,3,62831.0,Western,112.2,3591.8,Low,-82.9821729698,35.5560557128,Substantial
18359,114737,Mecklenburg,3,1128426.0,Central,2130.4,3736.1,Moderate,-80.8327311406,35.2467670437,Substantial
18386,1210,Swain,3,14046.0,Western,26.8,3517.8,Moderate,-83.4927393736,35.4868150519,Moderate
18379,17258,Rowan,3,148565.0,Northern,287.1,2292.8,Moderate,-80.5247717485,35.6394734632,Substantial
18357,2329,Martin,3,21503.0,Coastal,48.3,2717.4,Moderate,-77.109232267,35.843213981,Moderate
18332,5704,Edgecombe,3,48604.0,Coastal,96.7,2366.3,Low,-77.5970588882,35.912880671,Moderate
18387,2387,Transylvania,3,32825.0,Western,87.2,978.5,Error,-82.7983001279,35.2021778635,Moderate
18378,8100,Rockingham,3,90457.0,Northern,161.0,2130.4,Low,-79.7749871967,36.3960127906,Substantial
18399,1640,Yancey,3,18320.0,Western,59.1,557.0,Error,-82.3076279784,35.8989479924,Moderate
18388,326,Tyrrell,3,3315.0,Coastal,8.3,957.2,Low,-76.1704523585,35.8694070017,Moderate
18302,1095,Alleghany,3,11057.0,Northern,46.4,697.2,Low,-81.1278593427,36.4912704378,Moderate
18330,6387,Duplin,3,48249.0,Coastal,59.8,2911.6,Substantial,-77.9330277459,34.9365348363,High
18323,6459,Columbus,3,49795.0,Coastal,54.0,2887.71,Moderate,-78.6550308717,34.2656450828,Substantial
18345,2117,Hertford,3,20374.0,Coastal,61.0,2281.6,Moderate,-76.9807147831,36.3586360305,Moderate
18354,10289,Lincoln,3,88742.0,Central,293.4,1745.2,Moderate,-81.2235326264,35.4855950234,Substantial
18358,5289,McDowell,3,44151.0,Western,101.3,2610.9,Error,-82.0493124426,35.6816924709,Moderate
18307,1795,Bertie,3,17302.0,Coastal,25.7,1594.6,Moderate,-76.9667121404,36.0656302022,Low
18377,16886,Robeson,3,115899.0,Coastal,123.0,5137.4,Moderate,-79.1038649277,34.6402420514,High
18312,22396,Cabarrus,3,232873.0,Central,625.1,1374.8,Moderate,-80.5518508851,35.3867940405,Substantial
18313,9521,Caldwell,3,81319.0,Northern,170.9,2504.8,Error,-81.5464366451,35.9530379334,Moderate
18340,48742,Guilford,3,545484.0,Northern,838.0,3371.1,Moderate,-79.7889042685,36.0794717315,Moderate
18301,4456,Alexander,3,36172.0,Northern,140.2,1440.7,Moderate,-81.1770268506,35.9210263138,Moderate
18392,1817,Warren,3,18621.0,Eastern,43.4,2235.0,Moderate,-78.1067171324,36.3965102811,Low
18338,5991,Granville,3,60720.0,Eastern,114.6,1466.3,Moderate,-78.6527194252,36.3040698262,Moderate
18368,1119,Pamlico,3,12215.0,Coastal,36.5,2321.5,Error,-76.6694598427,35.151021226,Moderate
18367,8601,Orange,3,148331.0,Eastern,374.0,1991.9,Low,-79.120649356,36.0611182361,Moderate
18318,4756,Chatham,3,77095.0,Eastern,111.9,1456.0,Low,-79.2552758614,35.7025721296,Moderate
18350,22291,Johnston,3,224833.0,Coastal,272.7,1547.3,Moderate,-78.3657109025,35.5178069265,Substantial
18320,1488,Chowan,3,13646.0,Coastal,79.4,1402.6,Moderate,-76.6021303656,36.1265615389,High
18349,3660,Jackson,3,41919.0,Western,87.8,1864.6,Error,-83.1408496187,35.2875866253,Moderate
18304,2252,Ashe,3,26506.0,Northern,62.3,1123.1,Moderate,-81.5005211955,36.434424701,Moderate
18394,5024,Watauga,3,54804.0,Northern,173.1,1191.8,Moderate,-81.6964250718,36.2311062795,Moderate
18339,2421,Greene,3,19978.0,Coastal,76.7,1640.3,Moderate,-77.6757626742,35.4849957203,Moderate
18319,2638,Cherokee,3,28738.0,Western,63.2,3613.3,Moderate,-84.063444228,35.1338574515,Substantial
18351,899,Jones,3,9076.0,Coastal,19.5,0.0,Error,-77.3551679748,35.0217248029,Substantial
18364,19559,New Hanover,3,230423.0,Coastal,1174.0,2612.3,Moderate,-77.865597569,34.1815553357,Moderate
18393,1140,Washington,3,10708.0,Coastal,31.8,1746.8,Moderate,-76.5693098876,35.8392646425,Moderate
18365,1895,Northampton,3,16953.0,Eastern,32.6,2092.6,Error,-77.3968212099,36.4177312434,Moderate
18366,17902,Onslow,3,207928.0,Coastal,268.4,2191.23,Moderate,-77.4157658244,34.709836363,Substantial
18363,11709,Nash,3,96101.0,Coastal,175.7,1838.5,Moderate,-77.9864448378,35.9672502839,Moderate
18352,6154,Lee,3,64360.0,Eastern,248.1,1631.1,Moderate,-79.1714836119,35.4751864248,Substantial
18317,19823,Catawba,3,162841.0,Northern,400.2,2802.5,Moderate,-81.2150705598,35.662042354,Substantial
18395,11496,Wayne,3,115895.0,Coastal,211.8,2813.0,Moderate,-78.0039971272,35.3639599672,Substantial
18390,4995,Vance,3,41665.0,Eastern,168.7,3584.5,Low,-78.4079288849,36.3649169333,Moderate
18372,3513,Person,3,39048.0,Eastern,99.7,1862.8,Moderate,-78.9718051426,36.3900951244,Substantial
18348,19284,Iredell,3,192986.0,Northern,325.0,1866.4,Moderate,-80.8734378255,35.8070259189,Moderate
18334,7047,Franklin,3,70655.0,Eastern,139.4,1314.6,Low,-78.2856965824,36.0827733527,Low
18371,1037,Perquimans,3,13049.0,Coastal,52.6,684.8,Low,-76.4076199893,36.1772228503,Low
18316,2200,Caswell,3,22400.0,Eastern,53.5,317.5,Moderate,-79.3335234769,36.3932742158,Moderate
18333,37030,Forsyth,3,387703.0,Northern,938.1,4129.5,Low,-80.256300016,36.1306195485,Moderate
18321,906,Clay,3,11238.0,Western,51.6,2288.34,Substantial,-83.7501767115,35.0571811284,Substantial
18303,2638,Anson,3,22028.0,Central,41.5,2802.1,Moderate,-80.102712026,34.9737894417,Moderate
18370,5554,Pender,3,62250.0,Coastal,69.1,1461.9,Low,-77.8884355846,34.5150997489,Substantial
18309,9342,Brunswick,3,144821.0,Coastal,160.8,1537.1,Low,-78.2274071617,34.0388755841,Substantial
18305,2164,Avery,3,17347.0,Western,72.0,1003.4,Moderate,-81.9226013745,36.0766050343,Low
18391,90468,Wake,3,1154170.0,Eastern,1353.3,1846.0,Moderate,-78.6503081729,35.7902443741,Moderate
18362,9067,Moore,3,102966.0,Eastern,142.9,1617.3,Moderate,-79.4813744392,35.3106538555,Moderate
18369,3451,Pasquotank,3,40966.0,Coastal,178.8,2078.8,Moderate,-76.2492413613,36.2650187228,Moderate
18328,17032,Davidson,3,171752.0,Northern,305.4,1757.8,Moderate,-80.2127487756,35.7933524917,Moderate
18315,5261,Carteret,3,69039.0,Coastal,133.3,1912.1,Moderate,-76.5357430669,34.8612598084,Substantial
18311,10152,Burke,3,88398.0,Western,173.0,1836.1,Low,-81.7047784739,35.7496106399,Moderate
18327,2191,Dare,3,37817.0,Coastal,96.3,1872.9,Moderate,-75.6852333134,35.664936694,High
18335,27198,Gaston,3,233387.0,Central,640.7,2912.4,Low,-81.1802416273,35.2943489527,Moderate
18344,10314,Henderson,3,117429.0,Western,311.8,2039.7,Low,-82.4799463782,35.3362263031,Moderate
18308,3516,Bladen,3,29171.0,Coastal,33.8,2578.5,High,-78.5636493115,34.6145873342,High
18310,18089,Buncombe,3,271638.0,Western,410.4,3012.8,Low,-82.5301070587,35.611177887,Moderate
18384,4234,Stokes,3,44422.0,Northern,99.1,2146.85,Error,-80.2395157151,36.4019040049,Substantial
18385,8411,Surry,3,70573.0,Northern,134.0,1507.5,Moderate,-80.6880779273,36.4148205561,Substantial
18336,749,Gates,3,10324.0,Coastal,30.8,750.9,Error,-76.7005266521,36.4449435708,Moderate
18382,3910,Scotland,3,33662.0,Eastern,107.1,3528.0,Moderate,-79.4804292418,34.8408848102,Substantial
18397,9929,Wilson,3,79078.0,Coastal,214.3,2386.9,Substantial,-77.9186629547,35.7051457145,Moderate
18356,1601,Madison,3,21146.0,Western,47.1,1247.6,Error,-82.7057582627,35.8580358086,Substantial
18324,9470,Craven,3,102568.0,Coastal,142.5,2112.3,Low,-77.082003837,35.117685821,Moderate
18381,8164,Sampson,3,58371.0,Coastal,62.4,2241.9,Moderate,-78.3713906105,34.9915361594,Substantial
18342,12069,Harnett,3,134986.0,Eastern,224.5,2172.6,Moderate,-78.8694125204,35.3686291614,Substantial
18325,30343,Cumberland,3,341793.0,Eastern,512.9,3748.5,Moderate,-78.8275607671,35.048611942,High
18383,7933,Stanly,3,62143.0,Central,158.2,2425.2,Error,-80.2509863077,35.3119550622,Moderate
18300,19042,Alamance,3,175029.0,Northern,404.8,3065.6,Moderate,-79.3994248175,36.0437098766,Moderate
18337,666,Graham,3,7935.0,Western,27.5,8085.4,High,-83.833581803,35.350171951,High
18380,7444,Rutherford,3,63870.0,Western,114.0,2009.9,Low,-81.9198334642,35.4025956291,Substantial
18398,4136,Yadkin,3,36925.0,Northern,111.1,1820.8,Low,-80.6652439331,36.1605336919,Substantial
18355,3166,Macon,3,37041.0,Western,71.8,2077.4,Moderate,-83.4221767088,35.1504672096,Moderate
18331,25991,Durham,3,331347.0,Eastern,1133.7,3966.0,Moderate,-78.8765926949,36.0360299243,Moderate
18488,326,Tyrrell,4,3315.0,Coastal,8.3,957.2,Low,-76.1704523585,35.8694070017,Moderate
18491,90468,Wake,4,1154170.0,Eastern,1353.3,1846.0,Moderate,-78.6503081729,35.7902443741,Moderate
18449,3660,Jackson,4,41919.0,Western,87.8,1864.6,Error,-83.1408496187,35.2875866253,Moderate
18408,3516,Bladen,4,29171.0,Coastal,33.8,2578.5,High,-78.5636493115,34.6145873342,High
18462,9067,Moore,4,102966.0,Eastern,142.9,1617.3,Moderate,-79.4813744392,35.3106538555,Moderate
18474,1500,Polk,4,19461.0,Western,81.3,1596.5,Low,-82.1696779265,35.2792789622,Substantial
18469,3451,Pasquotank,4,40966.0,Coastal,178.8,2078.8,Moderate,-76.2492413613,36.2650187228,Moderate
18482,3910,Scotland,4,33662.0,Eastern,107.1,3528.0,Moderate,-79.4804292418,34.8408848102,Substantial
18427,2191,Dare,4,37817.0,Coastal,96.3,1872.9,Moderate,-75.6852333134,35.664936694,High
18414,695,Camden,4,10537.0,Coastal,43.1,793.0,Low,-76.1609504039,36.3411216216,Low
18463,11709,Nash,4,96101.0,Coastal,175.7,1838.5,Moderate,-77.9864448378,35.9672502839,Moderate
18496,6954,Wilkes,4,65151.0,Northern,87.5,1887.3,Moderate,-81.1633856618,36.2062757623,Moderate
18428,17032,Davidson,4,171752.0,Northern,305.4,1757.8,Moderate,-80.2127487756,35.7933524917,Moderate
18422,11717,Cleveland,4,99332.0,Western,214.4,2001.7,Moderate,-81.5555471412,35.3341018022,Substantial
18475,15352,Randolph,4,143325.0,Northern,184.3,1615.5,Moderate,-79.8060069064,35.7103417044,Moderate
18417,19823,Catawba,4,162841.0,Northern,400.2,2802.5,Moderate,-81.2150705598,35.662042354,Substantial
18476,4828,Richmond,4,43006.0,Eastern,90.7,5508.4,Substantial,-79.7477780226,35.0060483545,High
18441,5686,Halifax,4,47859.0,Coastal,67.2,2754.7,Moderate,-77.6517329831,36.2574485453,Moderate
18452,6154,Lee,4,64360.0,Eastern,248.1,1631.1,Moderate,-79.1714836119,35.4751864248,Substantial
18453,6270,Lenoir,4,54323.0,Coastal,138.1,3246.04,Moderate,-77.6412486292,35.2387731611,Moderate
18456,1601,Madison,4,21146.0,Western,47.1,1247.6,Error,-82.7057582627,35.8580358086,Substantial
18406,4791,Beaufort,4,44150.0,Coastal,53.6,2157.95,Moderate,-76.8453144055,35.486983815,Moderate
18460,1480,Mitchell,4,14783.0,Western,67.4,458.42,Low,-82.1635815487,36.0132038869,Low
18437,666,Graham,4,7935.0,Western,27.5,8085.4,High,-83.833581803,35.350171951,High
18472,3513,Person,4,39048.0,Eastern,99.7,1862.8,Moderate,-78.9718051426,36.3900951244,Substantial
18434,7047,Franklin,4,70655.0,Eastern,139.4,1314.6,Low,-78.2856965824,36.0827733527,Low
18431,25991,Durham,4,331347.0,Eastern,1133.7,3966.0,Moderate,-78.8765926949,36.0360299243,Moderate
18490,4995,Vance,4,41665.0,Eastern,168.7,3584.5,Low,-78.4079288849,36.3649169333,Moderate
18495,11496,Wayne,4,115895.0,Coastal,211.8,2813.0,Moderate,-78.0039971272,35.3639599672,Substantial
18471,1037,Perquimans,4,13049.0,Coastal,52.6,684.8,Low,-76.4076199893,36.1772228503,Low
18401,4456,Alexander,4,36172.0,Northern,140.2,1440.7,Moderate,-81.1770268506,35.9210263138,Moderate
18443,4498,Haywood,4,62831.0,Western,112.2,3591.8,Low,-82.9821729698,35.5560557128,Substantial
18416,2200,Caswell,4,22400.0,Eastern,53.5,317.5,Moderate,-79.3335234769,36.3932742158,Moderate
18440,48742,Guilford,4,545484.0,Northern,838.0,3371.1,Moderate,-79.7889042685,36.0794717315,Moderate
18435,27198,Gaston,4,233387.0,Central,640.7,2912.4,Low,-81.1802416273,35.2943489527,Moderate
18442,12069,Harnett,4,134986.0,Eastern,224.5,2172.6,Moderate,-78.8694125204,35.3686291614,Substantial
18433,37030,Forsyth,4,387703.0,Northern,938.1,4129.5,Low,-80.256300016,36.1306195485,Moderate
18415,5261,Carteret,4,69039.0,Coastal,133.3,1912.1,Moderate,-76.5357430669,34.8612598084,Substantial
18424,9470,Craven,4,102568.0,Coastal,142.5,2112.3,Low,-77.082003837,35.117685821,Moderate
18461,3384,Montgomery,4,25485.0,Eastern,52.4,2480.1,Low,-79.9054790812,35.332466935,Substantial
18421,906,Clay,4,11238.0,Western,51.6,2288.34,Substantial,-83.7501767115,35.0571811284,Substantial
18447,671,Hyde,4,4595.0,Coastal,7.5,0.0,Low,-76.1449651093,35.4081187361,Low
18400,19042,Alamance,4,175029.0,Northern,404.8,3065.6,Moderate,-79.3994248175,36.0437098766,Moderate
18473,20514,Pitt,4,173536.0,Coastal,261.0,2238.9,Moderate,-77.3744965519,35.5932989746,Substantial
18470,5554,Pender,4,62250.0,Coastal,69.1,1461.9,Low,-77.8884355846,34.5150997489,Substantial
18426,1580,Currituck,4,29385.0,Coastal,107.3,1344.3,Low,-75.936949201,36.3672994836,Moderate
18403,2638,Anson,4,22028.0,Central,41.5,2802.1,Moderate,-80.102712026,34.9737894417,Moderate
18489,24944,Union,4,244960.0,Central,376.6,1582.3,Moderate,-80.5307400446,34.9883574887,Substantial
18454,10289,Lincoln,4,88742.0,Central,293.4,1745.2,Moderate,-81.2235326264,35.4855950234,Substantial
18405,2164,Avery,4,17347.0,Western,72.0,1003.4,Moderate,-81.9226013745,36.0766050343,Low
18429,4180,Davie,4,43127.0,Northern,162.0,1665.25,Moderate,-80.5444636482,35.929110866,Substantial
18485,8411,Surry,4,70573.0,Northern,134.0,1507.5,Moderate,-80.6880779273,36.4148205561,Substantial
18410,18089,Buncombe,4,271638.0,Western,410.4,3012.8,Low,-82.5301070587,35.611177887,Moderate
18498,4136,Yadkin,4,36925.0,Northern,111.1,1820.8,Low,-80.6652439331,36.1605336919,Substantial
18446,4908,Hoke,4,53783.0,Eastern,133.5,2028.14,Moderate,-79.237290715,35.0175290075,Substantial
18466,17902,Onslow,4,207928.0,Coastal,268.4,2191.23,Moderate,-77.4157658244,34.709836363,Substantial
18404,2252,Ashe,4,26506.0,Northern,62.3,1123.1,Moderate,-81.5005211955,36.434424701,Moderate
18484,4234,Stokes,4,44422.0,Northern,99.1,2146.85,Error,-80.2395157151,36.4019040049,Substantial
18412,22396,Cabarrus,4,232873.0,Central,625.1,1374.8,Moderate,-80.5518508851,35.3867940405,Substantial
18444,10314,Henderson,4,117429.0,Western,311.8,2039.7,Low,-82.4799463782,35.3362263031,Moderate
18492,1817,Warren,4,18621.0,Eastern,43.4,2235.0,Moderate,-78.1067171324,36.3965102811,Low
18499,1640,Yancey,4,18320.0,Western,59.1,557.0,Error,-82.3076279784,35.8989479924,Moderate
18402,1095,Alleghany,4,11057.0,Northern,46.4,697.2,Low,-81.1278593427,36.4912704378,Moderate
18497,9929,Wilson,4,79078.0,Coastal,214.3,2386.9,Substantial,-77.9186629547,35.7051457145,Moderate
18494,5024,Watauga,4,54804.0,Northern,173.1,1191.8,Moderate,-81.6964250718,36.2311062795,Moderate
18478,8100,Rockingham,4,90457.0,Northern,161.0,2130.4,Low,-79.7749871967,36.3960127906,Substantial
18439,2421,Greene,4,19978.0,Coastal,76.7,1640.3,Moderate,-77.6757626742,35.4849957203,Moderate
18487,2387,Transylvania,4,32825.0,Western,87.2,978.5,Error,-82.7983001279,35.2021778635,Moderate
18430,6387,Duplin,4,48249.0,Coastal,59.8,2911.6,Substantial,-77.9330277459,34.9365348363,High
18409,9342,Brunswick,4,144821.0,Coastal,160.8,1537.1,Low,-78.2274071617,34.0388755841,Substantial
18432,5704,Edgecombe,4,48604.0,Coastal,96.7,2366.3,Low,-77.5970588882,35.912880671,Moderate
18451,899,Jones,4,9076.0,Coastal,19.5,0.0,Error,-77.3551679748,35.0217248029,Substantial
18455,3166,Macon,4,37041.0,Western,71.8,2077.4,Moderate,-83.4221767088,35.1504672096,Moderate
18457,2329,Martin,4,21503.0,Coastal,48.3,2717.4,Moderate,-77.109232267,35.843213981,Moderate
18464,19559,New Hanover,4,230423.0,Coastal,1174.0,2612.3,Moderate,-77.865597569,34.1815553357,Moderate
18480,7444,Rutherford,4,63870.0,Western,114.0,2009.9,Low,-81.9198334642,35.4025956291,Substantial
18479,17258,Rowan,4,148565.0,Northern,287.1,2292.8,Moderate,-80.5247717485,35.6394734632,Substantial
18493,1140,Washington,4,10708.0,Coastal,31.8,1746.8,Moderate,-76.5693098876,35.8392646425,Moderate
18486,1210,Swain,4,14046.0,Western,26.8,3517.8,Moderate,-83.4927393736,35.4868150519,Moderate
18465,1895,Northampton,4,16953.0,Eastern,32.6,2092.6,Error,-77.3968212099,36.4177312434,Moderate
18411,10152,Burke,4,88398.0,Western,173.0,1836.1,Low,-81.7047784739,35.7496106399,Moderate
18425,30343,Cumberland,4,341793.0,Eastern,512.9,3748.5,Moderate,-78.8275607671,35.048611942,High
18419,2638,Cherokee,4,28738.0,Western,63.2,3613.3,Moderate,-84.063444228,35.1338574515,Substantial
18423,6459,Columbus,4,49795.0,Coastal,54.0,2887.71,Moderate,-78.6550308717,34.2656450828,Substantial
18448,19284,Iredell,4,192986.0,Northern,325.0,1866.4,Moderate,-80.8734378255,35.8070259189,Moderate
18418,4756,Chatham,4,77095.0,Eastern,111.9,1456.0,Low,-79.2552758614,35.7025721296,Moderate
18483,7933,Stanly,4,62143.0,Central,158.2,2425.2,Error,-80.2509863077,35.3119550622,Moderate
18459,114737,Mecklenburg,4,1128426.0,Central,2130.4,3736.1,Moderate,-80.8327311406,35.2467670437,Substantial
18450,22291,Johnston,4,224833.0,Coastal,272.7,1547.3,Moderate,-78.3657109025,35.5178069265,Substantial
18407,1795,Bertie,4,17302.0,Coastal,25.7,1594.6,Moderate,-76.9667121404,36.0656302022,Low
18481,8164,Sampson,4,58371.0,Coastal,62.4,2241.9,Moderate,-78.3713906105,34.9915361594,Substantial
18468,1119,Pamlico,4,12215.0,Coastal,36.5,2321.5,Error,-76.6694598427,35.151021226,Moderate
18467,8601,Orange,4,148331.0,Eastern,374.0,1991.9,Low,-79.120649356,36.0611182361,Moderate
18458,5289,McDowell,4,44151.0,Western,101.3,2610.9,Error,-82.0493124426,35.6816924709,Moderate
18413,9521,Caldwell,4,81319.0,Northern,170.9,2504.8,Error,-81.5464366451,35.9530379334,Moderate
18445,2117,Hertford,4,20374.0,Coastal,61.0,2281.6,Moderate,-76.9807147831,36.3586360305,Moderate
18420,1488,Chowan,4,13646.0,Coastal,79.4,1402.6,Moderate,-76.6021303656,36.1265615389,High
18477,16886,Robeson,4,115899.0,Coastal,123.0,5137.4,Moderate,-79.1038649277,34.6402420514,High
18436,749,Gates,4,10324.0,Coastal,30.8,750.9,Error,-76.7005266521,36.4449435708,Moderate
18438,5991,Granville,4,60720.0,Eastern,114.6,1466.3,Moderate,-78.6527194252,36.3040698262,Moderate
18555,3166,Macon,5,37041.0,Western,71.8,2077.4,Low,-83.4221767088,35.1504672096,Moderate
18551,899,Jones,5,9076.0,Coastal,19.5,0.0,Error,-77.3551679748,35.0217248029,Substantial
18538,5991,Granville,5,60720.0,Eastern,114.6,1466.3,Low,-78.6527194252,36.3040698262,Moderate
18516,2200,Caswell,5,22400.0,Eastern,53.5,317.5,Low,-79.3335234769,36.3932742158,Moderate
18584,4234,Stokes,5,44422.0,Northern,99.1,2146.85,Error,-80.2395157151,36.4019040049,Substantial
18598,4136,Yadkin,5,36925.0,Northern,111.1,1820.8,Low,-80.6652439331,36.1605336919,Substantial
18531,25991,Durham,5,331347.0,Eastern,1133.7,3966.0,Moderate,-78.8765926949,36.0360299243,Moderate
18564,19559,New Hanover,5,230423.0,Coastal,1174.0,2612.3,Low,-77.865597569,34.1815553357,Moderate
18593,1140,Washington,5,10708.0,Coastal,31.8,1746.8,Moderate,-76.5693098876,35.8392646425,Moderate
18571,1037,Perquimans,5,13049.0,Coastal,52.6,684.8,Low,-76.4076199893,36.1772228503,Low
18527,2191,Dare,5,37817.0,Coastal,96.3,1872.9,Moderate,-75.6852333134,35.664936694,High
18534,7047,Franklin,5,70655.0,Eastern,139.4,1314.6,Low,-78.2856965824,36.0827733527,Moderate
18548,19284,Iredell,5,192986.0,Northern,325.0,1866.4,Low,-80.8734378255,35.8070259189,Moderate
18549,3660,Jackson,5,41919.0,Western,87.8,1864.6,Error,-83.1408496187,35.2875866253,Substantial
18568,1119,Pamlico,5,12215.0,Coastal,36.5,2321.5,Error,-76.6694598427,35.151021226,Substantial
18563,11709,Nash,5,96101.0,Coastal,175.7,1838.5,Low,-77.9864448378,35.9672502839,Moderate
18519,2638,Cherokee,5,28738.0,Western,63.2,3613.3,Moderate,-84.063444228,35.1338574515,High
18565,1895,Northampton,5,16953.0,Eastern,32.6,2092.6,Error,-77.3968212099,36.4177312434,Moderate
18567,8601,Orange,5,148331.0,Eastern,374.0,1991.9,Low,-79.120649356,36.0611182361,Moderate
18562,9067,Moore,5,102966.0,Eastern,142.9,1617.3,Moderate,-79.4813744392,35.3106538555,Substantial
18591,90468,Wake,5,1154170.0,Eastern,1353.3,1846.0,Moderate,-78.6503081729,35.7902443741,Substantial
18550,22291,Johnston,5,224833.0,Coastal,272.7,1547.3,Moderate,-78.3657109025,35.5178069265,Substantial
18504,2252,Ashe,5,26506.0,Northern,62.3,1123.1,Moderate,-81.5005211955,36.434424701,Moderate
18520,1488,Chowan,5,13646.0,Coastal,79.4,1402.6,Low,-76.6021303656,36.1265615389,High
18566,17902,Onslow,5,207928.0,Coastal,268.4,2191.23,Moderate,-77.4157658244,34.709836363,Substantial
18569,3451,Pasquotank,5,40966.0,Coastal,178.8,2078.8,Moderate,-76.2492413613,36.2650187228,Moderate
18585,8411,Surry,5,70573.0,Northern,134.0,1507.5,Low,-80.6880779273,36.4148205561,Substantial
18528,17032,Davidson,5,171752.0,Northern,305.4,1757.8,Low,-80.2127487756,35.7933524917,Moderate
18518,4756,Chatham,5,77095.0,Eastern,111.9,1456.0,Low,-79.2552758614,35.7025721296,Moderate
18533,37030,Forsyth,5,387703.0,Northern,938.1,4129.5,Low,-80.256300016,36.1306195485,Moderate
18594,5024,Watauga,5,54804.0,Northern,173.1,1191.8,Low,-81.6964250718,36.2311062795,Moderate
18583,7933,Stanly,5,62143.0,Central,158.2,2425.2,Error,-80.2509863077,35.3119550622,Substantial
18503,2638,Anson,5,22028.0,Central,41.5,2802.1,Moderate,-80.102712026,34.9737894417,Substantial
18582,3910,Scotland,5,33662.0,Eastern,107.1,3528.0,Moderate,-79.4804292418,34.8408848102,High
18539,2421,Greene,5,19978.0,Coastal,76.7,1640.3,Moderate,-77.6757626742,35.4849957203,Moderate
18570,5554,Pender,5,62250.0,Coastal,69.1,1461.9,Error,-77.8884355846,34.5150997489,Substantial
18542,12069,Harnett,5,134986.0,Eastern,224.5,2172.6,Moderate,-78.8694125204,35.3686291614,Substantial
18517,19823,Catawba,5,162841.0,Northern,400.2,2802.5,Low,-81.2150705598,35.662042354,Substantial
18509,9342,Brunswick,5,144821.0,Coastal,160.8,1537.1,Low,-78.2274071617,34.0388755841,Substantial
18521,906,Clay,5,11238.0,Western,51.6,2288.34,Low,-83.7501767115,35.0571811284,Substantial
18552,6154,Lee,5,64360.0,Eastern,248.1,1631.1,Low,-79.1714836119,35.4751864248,Substantial
18505,2164,Avery,5,17347.0,Western,72.0,1003.4,Moderate,-81.9226013745,36.0766050343,Moderate
18592,1817,Warren,5,18621.0,Eastern,43.4,2235.0,Low,-78.1067171324,36.3965102811,Low
18514,695,Camden,5,10537.0,Coastal,43.1,793.0,Low,-76.1609504039,36.3411216216,Error
18577,16886,Robeson,5,115899.0,Coastal,123.0,5137.4,Moderate,-79.1038649277,34.6402420514,High
18532,5704,Edgecombe,5,48604.0,Coastal,96.7,2366.3,Low,-77.5970588882,35.912880671,Substantial
18560,1480,Mitchell,5,14783.0,Western,67.4,458.42,Low,-82.1635815487,36.0132038869,Low
18522,11717,Cleveland,5,99332.0,Western,214.4,2001.7,Moderate,-81.5555471412,35.3341018022,Substantial
18529,4180,Davie,5,43127.0,Northern,162.0,1665.25,Low,-80.5444636482,35.929110866,Substantial
18581,8164,Sampson,5,58371.0,Coastal,62.4,2241.9,Moderate,-78.3713906105,34.9915361594,High
18510,18089,Buncombe,5,271638.0,Western,410.4,3012.8,Low,-82.5301070587,35.611177887,Moderate
18574,1500,Polk,5,19461.0,Western,81.3,1596.5,Error,-82.1696779265,35.2792789622,Substantial
18545,2117,Hertford,5,20374.0,Coastal,61.0,2281.6,Moderate,-76.9807147831,36.3586360305,Moderate
18578,8100,Rockingham,5,90457.0,Northern,161.0,2130.4,Low,-79.7749871967,36.3960127906,Moderate
18559,114737,Mecklenburg,5,1128426.0,Central,2130.4,3736.1,Moderate,-80.8327311406,35.2467670437,Substantial
18587,2387,Transylvania,5,32825.0,Western,87.2,978.5,Error,-82.7983001279,35.2021778635,Moderate
18596,6954,Wilkes,5,65151.0,Northern,87.5,1887.3,Moderate,-81.1633856618,36.2062757623,Substantial
18541,5686,Halifax,5,47859.0,Coastal,67.2,2754.7,Low,-77.6517329831,36.2574485453,Moderate
18556,1601,Madison,5,21146.0,Western,47.1,1247.6,Low,-82.7057582627,35.8580358086,Substantial
18575,15352,Randolph,5,143325.0,Northern,184.3,1615.5,Low,-79.8060069064,35.7103417044,Moderate
18530,6387,Duplin,5,48249.0,Coastal,59.8,2911.6,Moderate,-77.9330277459,34.9365348363,High
18544,10314,Henderson,5,117429.0,Western,311.8,2039.7,Low,-82.4799463782,35.3362263031,Substantial
18508,3516,Bladen,5,29171.0,Coastal,33.8,2578.5,Substantial,-78.5636493115,34.6145873342,High
18597,9929,Wilson,5,79078.0,Coastal,214.3,2386.9,Moderate,-77.9186629547,35.7051457145,Moderate
18553,6270,Lenoir,5,54323.0,Coastal,138.1,3246.04,Low,-77.6412486292,35.2387731611,Moderate
18576,4828,Richmond,5,43006.0,Eastern,90.7,5508.4,Moderate,-79.7477780226,35.0060483545,High
18502,1095,Alleghany,5,11057.0,Northern,46.4,697.2,Error,-81.1278593427,36.4912704378,Moderate
18599,1640,Yancey,5,18320.0,Western,59.1,557.0,Error,-82.3076279784,35.8989479924,Moderate
18546,4908,Hoke,5,53783.0,Eastern,133.5,2028.14,Moderate,-79.237290715,35.0175290075,Substantial
18512,22396,Cabarrus,5,232873.0,Central,625.1,1374.8,Moderate,-80.5518508851,35.3867940405,Substantial
18588,326,Tyrrell,5,3315.0,Coastal,8.3,957.2,Low,-76.1704523585,35.8694070017,Low
18513,9521,Caldwell,5,81319.0,Northern,170.9,2504.8,Error,-81.5464366451,35.9530379334,Moderate
18506,4791,Beaufort,5,44150.0,Coastal,53.6,2157.95,Moderate,-76.8453144055,35.486983815,Moderate
18572,3513,Person,5,39048.0,Eastern,99.7,1862.8,Low,-78.9718051426,36.3900951244,Substantial
18523,6459,Columbus,5,49795.0,Coastal,54.0,2887.71,Low,-78.6550308717,34.2656450828,High
18525,30343,Cumberland,5,341793.0,Eastern,512.9,3748.5,Moderate,-78.8275607671,35.048611942,High
18590,4995,Vance,5,41665.0,Eastern,168.7,3584.5,Low,-78.4079288849,36.3649169333,Moderate
18511,10152,Burke,5,88398.0,Western,173.0,1836.1,Error,-81.7047784739,35.7496106399,Moderate
18558,5289,McDowell,5,44151.0,Western,101.3,2610.9,Error,-82.0493124426,35.6816924709,Moderate
18537,666,Graham,5,7935.0,Western,27.5,8085.4,Substantial,-83.833581803,35.350171951,High
18595,11496,Wayne,5,115895.0,Coastal,211.8,2813.0,Moderate,-78.0039971272,35.3639599672,Substantial
18501,4456,Alexander,5,36172.0,Northern,140.2,1440.7,Moderate,-81.1770268506,35.9210263138,Substantial
18543,4498,Haywood,5,62831.0,Western,112.2,3591.8,Low,-82.9821729698,35.5560557128,Substantial
18524,9470,Craven,5,102568.0,Coastal,142.5,2112.3,Low,-77.082003837,35.117685821,Moderate
18540,48742,Guilford,5,545484.0,Northern,838.0,3371.1,Moderate,-79.7889042685,36.0794717315,Moderate
18536,749,Gates,5,10324.0,Coastal,30.8,750.9,Error,-76.7005266521,36.4449435708,Moderate
18586,1210,Swain,5,14046.0,Western,26.8,3517.8,Low,-83.4927393736,35.4868150519,Moderate
18589,24944,Union,5,244960.0,Central,376.6,1582.3,Moderate,-80.5307400446,34.9883574887,Substantial
18515,5261,Carteret,5,69039.0,Coastal,133.3,1912.1,Low,-76.5357430669,34.8612598084,Substantial
18507,1795,Bertie,5,17302.0,Coastal,25.7,1594.6,Low,-76.9667121404,36.0656302022,Moderate
18535,27198,Gaston,5,233387.0,Central,640.7,2912.4,Low,-81.1802416273,35.2943489527,Substantial
18573,20514,Pitt,5,173536.0,Coastal,261.0,2238.9,Moderate,-77.3744965519,35.5932989746,Substantial
18554,10289,Lincoln,5,88742.0,Central,293.4,1745.2,Moderate,-81.2235326264,35.4855950234,Substantial
18557,2329,Martin,5,21503.0,Coastal,48.3,2717.4,Moderate,-77.109232267,35.843213981,Moderate
18561,3384,Montgomery,5,25485.0,Eastern,52.4,2480.1,Moderate,-79.9054790812,35.332466935,Substantial
18580,7444,Rutherford,5,63870.0,Western,114.0,2009.9,Low,-81.9198334642,35.4025956291,Substantial
18526,1580,Currituck,5,29385.0,Coastal,107.3,1344.3,Low,-75.936949201,36.3672994836,Moderate
18500,19042,Alamance,5,175029.0,Northern,404.8,3065.6,Moderate,-79.3994248175,36.0437098766,Moderate
18547,671,Hyde,5,4595.0,Coastal,7.5,0.0,Low,-76.1449651093,35.4081187361,Low
18579,17258,Rowan,5,148565.0,Northern,287.1,2292.8,Moderate,-80.5247717485,35.6394734632,Substantial
18699,1640,Yancey,6,18320.0,Western,59.1,557.0,Error,-82.3076279784,35.8989479924,Moderate
18636,750,Gates,6,10324.0,Coastal,30.8,750.9,Error,-76.7005266521,36.4449435708,Moderate
18604,2253,Ashe,6,26506.0,Northern,62.3,1123.1,Moderate,-81.5005211955,36.434424701,Moderate
18650,22335,Johnston,6,224833.0,Coastal,272.7,1547.3,Moderate,-78.3657109025,35.5178069265,Substantial
18630,6391,Duplin,6,48249.0,Coastal,59.8,2911.6,Moderate,-77.9330277459,34.9365348363,High
18672,3524,Person,6,39048.0,Eastern,99.7,1862.8,Moderate,-78.9718051426,36.3900951244,Substantial
18678,8106,Rockingham,6,90457.0,Northern,161.0,2130.4,Low,-79.7749871967,36.3960127906,Moderate
18666,17935,Onslow,6,207928.0,Coastal,268.4,2191.23,Moderate,-77.4157658244,34.709836363,High
18609,9374,Brunswick,6,144821.0,Coastal,160.8,1537.1,Moderate,-78.2274071617,34.0388755841,Substantial
18687,2386,Transylvania,6,32825.0,Western,87.2,978.5,Error,-82.7983001279,35.2021778635,Moderate
18644,10325,Henderson,6,117429.0,Western,311.8,2039.7,Low,-82.4799463782,35.3362263031,Substantial
18665,1895,Northampton,6,16953.0,Eastern,32.6,2092.6,Error,-77.3968212099,36.4177312434,Moderate
18632,5718,Edgecombe,6,48604.0,Coastal,96.7,2366.3,Moderate,-77.5970588882,35.912880671,Substantial
18619,2643,Cherokee,6,28738.0,Western,63.2,3613.3,Moderate,-84.063444228,35.1338574515,High
18680,7457,Rutherford,6,63870.0,Western,114.0,2009.9,Moderate,-81.9198334642,35.4025956291,Substantial
18635,27221,Gaston,6,233387.0,Central,640.7,2912.4,Low,-81.1802416273,35.2943489527,Substantial
18679,17300,Rowan,6,148565.0,Northern,287.1,2292.8,Moderate,-80.5247717485,35.6394734632,Substantial
18686,1210,Swain,6,14046.0,Western,26.8,3517.8,Low,-83.4927393736,35.4868150519,Moderate
18693,1141,Washington,6,10708.0,Coastal,31.8,1746.8,Moderate,-76.5693098876,35.8392646425,Moderate
18627,2201,Dare,6,37817.0,Coastal,96.3,1872.9,Moderate,-75.6852333134,35.664936694,High
18611,10156,Burke,6,88398.0,Western,173.0,1836.1,Error,-81.7047784739,35.7496106399,Substantial
18612,22432,Cabarrus,6,232873.0,Central,625.1,1374.8,Moderate,-80.5518508851,35.3867940405,Substantial
18684,4233,Stokes,6,44422.0,Northern,99.1,2146.85,Error,-80.2395157151,36.4019040049,Substantial
18641,5688,Halifax,6,47859.0,Coastal,67.2,2754.7,Low,-77.6517329831,36.2574485453,Moderate
18618,4760,Chatham,6,77095.0,Eastern,111.9,1456.0,Moderate,-79.2552758614,35.7025721296,Moderate
18691,90468,Wake,6,1154170.0,Eastern,1353.3,1846.0,Moderate,-78.6503081729,35.7902443741,Moderate
18629,4189,Davie,6,43127.0,Northern,162.0,1665.25,Moderate,-80.5444636482,35.929110866,Substantial
18673,20552,Pitt,6,173536.0,Coastal,261.0,2238.9,Moderate,-77.3744965519,35.5932989746,Substantial
18669,3453,Pasquotank,6,40966.0,Coastal,178.8,2078.8,Moderate,-76.2492413613,36.2650187228,Moderate
18606,4798,Beaufort,6,44150.0,Coastal,53.6,2157.95,Moderate,-76.8453144055,35.486983815,Moderate
18685,8421,Surry,6,70573.0,Northern,134.0,1507.5,Moderate,-80.6880779273,36.4148205561,Substantial
18689,24986,Union,6,244960.0,Central,376.6,1582.3,Moderate,-80.5307400446,34.9883574887,Substantial
18642,12096,Harnett,6,134986.0,Eastern,224.5,2172.6,Moderate,-78.8694125204,35.3686291614,Substantial
18674,1501,Polk,6,19461.0,Western,81.3,1596.5,Low,-82.1696779265,35.2792789622,Substantial
18643,4501,Haywood,6,62831.0,Western,112.2,3591.8,Low,-82.9821729698,35.5560557128,Substantial
18633,37048,Forsyth,6,387703.0,Northern,938.1,4129.5,Low,-80.256300016,36.1306195485,Moderate
18647,671,Hyde,6,4595.0,Coastal,7.5,0.0,Low,-76.1449651093,35.4081187361,Low
18615,5263,Carteret,6,69039.0,Coastal,133.3,1912.1,Low,-76.5357430669,34.8612598084,Substantial
18601,4456,Alexander,6,36172.0,Northern,140.2,1440.7,Low,-81.1770268506,35.9210263138,Substantial
18616,2207,Caswell,6,22400.0,Eastern,53.5,317.5,Moderate,-79.3335234769,36.3932742158,Moderate
18671,1034,Perquimans,6,13049.0,Coastal,52.6,684.8,Error,-76.4076199893,36.1772228503,Low
18648,19317,Iredell,6,192986.0,Northern,325.0,1866.4,Moderate,-80.8734378255,35.8070259189,Moderate
18690,4998,Vance,6,41665.0,Eastern,168.7,3584.5,Moderate,-78.4079288849,36.3649169333,Moderate
18670,5563,Pender,6,62250.0,Coastal,69.1,1461.9,Low,-77.8884355846,34.5150997489,Substantial
18639,2427,Greene,6,19978.0,Coastal,76.7,1640.3,Moderate,-77.6757626742,35.4849957203,Moderate
18614,696,Camden,6,10537.0,Coastal,43.1,793.0,Low,-76.1609504039,36.3411216216,Error
18610,18115,Buncombe,6,271638.0,Western,410.4,3012.8,Moderate,-82.5301070587,35.611177887,Substantial
18645,2117,Hertford,6,20374.0,Coastal,61.0,2281.6,Moderate,-76.9807147831,36.3586360305,Moderate
18683,7946,Stanly,6,62143.0,Central,158.2,2425.2,Moderate,-80.2509863077,35.3119550622,Substantial
18607,1796,Bertie,6,17302.0,Coastal,25.7,1594.6,Moderate,-76.9667121404,36.0656302022,Moderate
18677,16934,Robeson,6,115899.0,Coastal,123.0,5137.4,Substantial,-79.1038649277,34.6402420514,High
18667,8613,Orange,6,148331.0,Eastern,374.0,1991.9,Moderate,-79.120649356,36.0611182361,Moderate
18676,4852,Richmond,6,43006.0,Eastern,90.7,5508.4,Substantial,-79.7477780226,35.0060483545,High
18681,8177,Sampson,6,58371.0,Coastal,62.4,2241.9,Moderate,-78.3713906105,34.9915361594,High
18668,1118,Pamlico,6,12215.0,Coastal,36.5,2321.5,Error,-76.6694598427,35.151021226,Substantial
18628,17046,Davidson,6,171752.0,Northern,305.4,1757.8,Moderate,-80.2127487756,35.7933524917,Moderate
18692,1817,Warren,6,18621.0,Eastern,43.4,2235.0,Low,-78.1067171324,36.3965102811,Moderate
18649,3664,Jackson,6,41919.0,Western,87.8,1864.6,Error,-83.1408496187,35.2875866253,Moderate
18688,326,Tyrrell,6,3315.0,Coastal,8.3,957.2,Low,-76.1704523585,35.8694070017,Low
18617,19849,Catawba,6,162841.0,Northern,400.2,2802.5,Moderate,-81.2150705598,35.662042354,Substantial
18646,4922,Hoke,6,53783.0,Eastern,133.5,2028.14,Moderate,-79.237290715,35.0175290075,High
18631,25991,Durham,6,331347.0,Eastern,1133.7,3966.0,Moderate,-78.8765926949,36.0360299243,Moderate
18608,3529,Bladen,6,29171.0,Coastal,33.8,2578.5,High,-78.5636493115,34.6145873342,High
18675,15370,Randolph,6,143325.0,Northern,184.3,1615.5,Moderate,-79.8060069064,35.7103417044,Moderate
18682,3914,Scotland,6,33662.0,Eastern,107.1,3528.0,Moderate,-79.4804292418,34.8408848102,High
18613,9529,Caldwell,6,81319.0,Northern,170.9,2504.8,Low,-81.5464366451,35.9530379334,Moderate
18640,48793,Guilford,6,545484.0,Northern,838.0,3371.1,Moderate,-79.7889042685,36.0794717315,Moderate
18605,2165,Avery,6,17347.0,Western,72.0,1003.4,Moderate,-81.9226013745,36.0766050343,Moderate
18638,5999,Granville,6,60720.0,Eastern,114.6,1466.3,Moderate,-78.6527194252,36.3040698262,Moderate
18602,1098,Alleghany,6,11057.0,Northern,46.4,697.2,Moderate,-81.1278593427,36.4912704378,Low
18621,905,Clay,6,11238.0,Western,51.6,2288.34,Error,-83.7501767115,35.0571811284,Substantial
18651,901,Jones,6,9076.0,Coastal,19.5,0.0,Moderate,-77.3551679748,35.0217248029,Moderate
18661,3389,Montgomery,6,25485.0,Eastern,52.4,2480.1,Moderate,-79.9054790812,35.332466935,High
18600,19065,Alamance,6,175029.0,Northern,404.8,3065.6,Moderate,-79.3994248175,36.0437098766,Substantial
18664,19581,New Hanover,6,230423.0,Coastal,1174.0,2612.3,Moderate,-77.865597569,34.1815553357,Moderate
18662,9077,Moore,6,102966.0,Eastern,142.9,1617.3,Moderate,-79.4813744392,35.3106538555,Substantial
18625,30451,Cumberland,6,341793.0,Eastern,512.9,3748.5,Substantial,-78.8275607671,35.048611942,High
18694,5026,Watauga,6,54804.0,Northern,173.1,1191.8,Error,-81.6964250718,36.2311062795,Moderate
18637,669,Graham,6,7935.0,Western,27.5,8085.4,Substantial,-83.833581803,35.350171951,High
18654,10297,Lincoln,6,88742.0,Central,293.4,1745.2,Moderate,-81.2235326264,35.4855950234,Substantial
18620,1495,Chowan,6,13646.0,Coastal,79.4,1402.6,Substantial,-76.6021303656,36.1265615389,High
18623,6462,Columbus,6,49795.0,Coastal,54.0,2887.71,Moderate,-78.6550308717,34.2656450828,High
18634,7044,Franklin,6,70655.0,Eastern,139.4,1314.6,Error,-78.2856965824,36.0827733527,Moderate
18653,6278,Lenoir,6,54323.0,Coastal,138.1,3246.04,Moderate,-77.6412486292,35.2387731611,Moderate
18698,4140,Yadkin,6,36925.0,Northern,111.1,1820.8,Moderate,-80.6652439331,36.1605336919,Substantial
18697,9947,Wilson,6,79078.0,Coastal,214.3,2386.9,Moderate,-77.9186629547,35.7051457145,Moderate
18655,3171,Macon,6,37041.0,Western,71.8,2077.4,Moderate,-83.4221767088,35.1504672096,Moderate
18622,11735,Cleveland,6,99332.0,Western,214.4,2001.7,Moderate,-81.5555471412,35.3341018022,Substantial
18660,1479,Mitchell,6,14783.0,Western,67.4,458.42,Low,-82.1635815487,36.0132038869,Low
18695,11533,Wayne,6,115895.0,Coastal,211.8,2813.0,Moderate,-78.0039971272,35.3639599672,Substantial
18603,2639,Anson,6,22028.0,Central,41.5,2802.1,Moderate,-80.102712026,34.9737894417,Substantial
18659,114907,Mecklenburg,6,1128426.0,Central,2130.4,3736.1,Moderate,-80.8327311406,35.2467670437,Substantial
18696,6957,Wilkes,6,65151.0,Northern,87.5,1887.3,Moderate,-81.1633856618,36.2062757623,Substantial
18652,6172,Lee,6,64360.0,Eastern,248.1,1631.1,Moderate,-79.1714836119,35.4751864248,Substantial
18663,11732,Nash,6,96101.0,Coastal,175.7,1838.5,Moderate,-77.9864448378,35.9672502839,Moderate
18657,2330,Martin,6,21503.0,Coastal,48.3,2717.4,Moderate,-77.109232267,35.843213981,Moderate
18656,1604,Madison,6,21146.0,Western,47.1,1247.6,Moderate,-82.7057582627,35.8580358086,Substantial
18624,9479,Craven,6,102568.0,Coastal,142.5,2112.3,Low,-77.082003837,35.117685821,Moderate
18658,5294,McDowell,6,44151.0,Western,101.3,2610.9,Error,-82.0493124426,35.6816924709,Moderate
18626,1584,Currituck,6,29385.0,Coastal,107.3,1344.3,Moderate,-75.936949201,36.3672994836,Moderate
18786,1210,Swain,7,14046.0,Western,26.8,3517.8,Moderate,-83.4927393736,35.4868150519,Moderate
18775,15372,Randolph,7,143325.0,Northern,184.3,1615.5,Moderate,-79.8060069064,35.7103417044,Substantial
18711,10160,Burke,7,88398.0,Western,173.0,1836.1,Low,-81.7047784739,35.7496106399,Substantial
18796,6958,Wilkes,7,65151.0,Northern,87.5,1887.3,Moderate,-81.1633856618,36.2062757623,Substantial
18774,1502,Polk,7,19461.0,Western,81.3,1596.5,Low,-82.1696779265,35.2792789622,Substantial
18738,5999,Granville,7,60720.0,Eastern,114.6,1466.3,Moderate,-78.6527194252,36.3040698262,Moderate
18714,696,Camden,7,10537.0,Coastal,43.1,793.0,Low,-76.1609504039,36.3411216216,Low
18725,30475,Cumberland,7,341793.0,Eastern,512.9,3748.5,Substantial,-78.8275607671,35.048611942,High
18718,4763,Chatham,7,77095.0,Eastern,111.9,1456.0,Moderate,-79.2552758614,35.7025721296,Moderate
18780,7459,Rutherford,7,63870.0,Western,114.0,2009.9,Moderate,-81.9198334642,35.4025956291,High
18735,27225,Gaston,7,233387.0,Central,640.7,2912.4,Moderate,-81.1802416273,35.2943489527,Substantial
18770,5572,Pender,7,62250.0,Coastal,69.1,1461.9,Moderate,-77.8884355846,34.5150997489,Substantial
18739,2427,Greene,7,19978.0,Coastal,76.7,1640.3,Moderate,-77.6757626742,35.4849957203,Substantial
18744,10330,Henderson,7,117429.0,Western,311.8,2039.7,Moderate,-82.4799463782,35.3362263031,Substantial
18729,4190,Davie,7,43127.0,Northern,162.0,1665.25,Moderate,-80.5444636482,35.929110866,Substantial
18722,11740,Cleveland,7,99332.0,Western,214.4,2001.7,Moderate,-81.5555471412,35.3341018022,Substantial
18767,8619,Orange,7,148331.0,Eastern,374.0,1991.9,Moderate,-79.120649356,36.0611182361,Moderate
18737,670,Graham,7,7935.0,Western,27.5,8085.4,Substantial,-83.833581803,35.350171951,High
18753,6280,Lenoir,7,54323.0,Coastal,138.1,3246.04,Moderate,-77.6412486292,35.2387731611,Moderate
18703,2639,Anson,7,22028.0,Central,41.5,2802.1,Moderate,-80.102712026,34.9737894417,Substantial
18777,16939,Robeson,7,115899.0,Coastal,123.0,5137.4,Substantial,-79.1038649277,34.6402420514,High
18787,2387,Transylvania,7,32825.0,Western,87.2,978.5,Error,-82.7983001279,35.2021778635,Substantial
18776,4854,Richmond,7,43006.0,Eastern,90.7,5508.4,Substantial,-79.7477780226,35.0060483545,High
18707,1797,Bertie,7,17302.0,Coastal,25.7,1594.6,Moderate,-76.9667121404,36.0656302022,Moderate
18762,9080,Moore,7,102966.0,Eastern,142.9,1617.3,Moderate,-79.4813744392,35.3106538555,Substantial
18759,114974,Mecklenburg,7,1128426.0,Central,2130.4,3736.1,Moderate,-80.8327311406,35.2467670437,Substantial
18717,19860,Catawba,7,162841.0,Northern,400.2,2802.5,Moderate,-81.2150705598,35.662042354,Substantial
18745,2117,Hertford,7,20374.0,Coastal,61.0,2281.6,Moderate,-76.9807147831,36.3586360305,Moderate
18758,5294,McDowell,7,44151.0,Western,101.3,2610.9,Error,-82.0493124426,35.6816924709,Substantial
18713,9531,Caldwell,7,81319.0,Northern,170.9,2504.8,Low,-81.5464366451,35.9530379334,Moderate
18799,1640,Yancey,7,18320.0,Western,59.1,557.0,Error,-82.3076279784,35.8989479924,Moderate
18763,11729,Nash,7,96101.0,Coastal,175.7,1838.5,Moderate,-77.9864448378,35.9672502839,Moderate
18723,6474,Columbus,7,49795.0,Coastal,54.0,2887.71,Moderate,-78.6550308717,34.2656450828,High
18730,6393,Duplin,7,48249.0,Coastal,59.8,2911.6,Moderate,-77.9330277459,34.9365348363,High
18749,3664,Jackson,7,41919.0,Western,87.8,1864.6,Low,-83.1408496187,35.2875866253,Moderate
18791,90596,Wake,7,1154170.0,Eastern,1353.3,1846.0,Moderate,-78.6503081729,35.7902443741,Substantial
18752,6171,Lee,7,64360.0,Eastern,248.1,1631.1,Moderate,-79.1714836119,35.4751864248,Substantial
18712,22446,Cabarrus,7,232873.0,Central,625.1,1374.8,Moderate,-80.5518508851,35.3867940405,Substantial
18741,5691,Halifax,7,47859.0,Coastal,67.2,2754.7,Moderate,-77.6517329831,36.2574485453,Moderate
18702,1098,Alleghany,7,11057.0,Northern,46.4,697.2,Moderate,-81.1278593427,36.4912704378,Low
18769,3453,Pasquotank,7,40966.0,Coastal,178.8,2078.8,Moderate,-76.2492413613,36.2650187228,Moderate
18778,8107,Rockingham,7,90457.0,Northern,161.0,2130.4,Low,-79.7749871967,36.3960127906,Moderate
18792,1819,Warren,7,18621.0,Eastern,43.4,2235.0,Moderate,-78.1067171324,36.3965102811,Moderate
18788,326,Tyrrell,7,3315.0,Coastal,8.3,957.2,Low,-76.1704523585,35.8694070017,Low
18732,5721,Edgecombe,7,48604.0,Coastal,96.7,2366.3,Moderate,-77.5970588882,35.912880671,Substantial
18746,4928,Hoke,7,53783.0,Eastern,133.5,2028.14,Substantial,-79.237290715,35.0175290075,High
18757,2331,Martin,7,21503.0,Coastal,48.3,2717.4,Moderate,-77.109232267,35.843213981,Substantial
18779,17304,Rowan,7,148565.0,Northern,287.1,2292.8,Moderate,-80.5247717485,35.6394734632,Substantial
18768,1119,Pamlico,7,12215.0,Coastal,36.5,2321.5,Low,-76.6694598427,35.151021226,Substantial
18705,2165,Avery,7,17347.0,Western,72.0,1003.4,Moderate,-81.9226013745,36.0766050343,Moderate
18781,8182,Sampson,7,58371.0,Coastal,62.4,2241.9,Moderate,-78.3713906105,34.9915361594,High
18797,9950,Wilson,7,79078.0,Coastal,214.3,2386.9,Moderate,-77.9186629547,35.7051457145,Substantial
18750,22360,Johnston,7,224833.0,Coastal,272.7,1547.3,Moderate,-78.3657109025,35.5178069265,Substantial
18789,24999,Union,7,244960.0,Central,376.6,1582.3,Moderate,-80.5307400446,34.9883574887,Substantial
18742,12101,Harnett,7,134986.0,Eastern,224.5,2172.6,Moderate,-78.8694125204,35.3686291614,Substantial
18726,1585,Currituck,7,29385.0,Coastal,107.3,1344.3,Moderate,-75.936949201,36.3672994836,Moderate
18754,10300,Lincoln,7,88742.0,Central,293.4,1745.2,Moderate,-81.2235326264,35.4855950234,Substantial
18720,1495,Chowan,7,13646.0,Coastal,79.4,1402.6,Substantial,-76.6021303656,36.1265615389,Substantial
18765,1896,Northampton,7,16953.0,Eastern,32.6,2092.6,Error,-77.3968212099,36.4177312434,Moderate
18785,8421,Surry,7,70573.0,Northern,134.0,1507.5,Moderate,-80.6880779273,36.4148205561,Substantial
18771,1034,Perquimans,7,13049.0,Coastal,52.6,684.8,Error,-76.4076199893,36.1772228503,Moderate
18761,3389,Montgomery,7,25485.0,Eastern,52.4,2480.1,Moderate,-79.9054790812,35.332466935,Substantial
18751,901,Jones,7,9076.0,Coastal,19.5,0.0,Moderate,-77.3551679748,35.0217248029,Moderate
18719,2647,Cherokee,7,28738.0,Western,63.2,3613.3,Substantial,-84.063444228,35.1338574515,Substantial
18764,19593,New Hanover,7,230423.0,Coastal,1174.0,2612.3,Moderate,-77.865597569,34.1815553357,Moderate
18715,5263,Carteret,7,69039.0,Coastal,133.3,1912.1,Low,-76.5357430669,34.8612598084,Moderate
18794,5026,Watauga,7,54804.0,Northern,173.1,1191.8,Error,-81.6964250718,36.2311062795,Moderate
18782,3917,Scotland,7,33662.0,Eastern,107.1,3528.0,Moderate,-79.4804292418,34.8408848102,High
18748,19334,Iredell,7,192986.0,Northern,325.0,1866.4,Moderate,-80.8734378255,35.8070259189,Substantial
18731,26069,Durham,7,331347.0,Eastern,1133.7,3966.0,Moderate,-78.8765926949,36.0360299243,Moderate
18734,7045,Franklin,7,70655.0,Eastern,139.4,1314.6,Error,-78.2856965824,36.0827733527,Moderate
18798,4138,Yadkin,7,36925.0,Northern,111.1,1820.8,Low,-80.6652439331,36.1605336919,Substantial
18783,7947,Stanly,7,62143.0,Central,158.2,2425.2,Moderate,-80.2509863077,35.3119550622,Substantial
18740,48799,Guilford,7,545484.0,Northern,838.0,3371.1,Moderate,-79.7889042685,36.0794717315,Moderate
18709,9382,Brunswick,7,144821.0,Coastal,160.8,1537.1,Moderate,-78.2274071617,34.0388755841,Substantial
18772,3526,Person,7,39048.0,Eastern,99.7,1862.8,Moderate,-78.9718051426,36.3900951244,Substantial
18784,4233,Stokes,7,44422.0,Northern,99.1,2146.85,Error,-80.2395157151,36.4019040049,Moderate
18795,11539,Wayne,7,115895.0,Coastal,211.8,2813.0,Moderate,-78.0039971272,35.3639599672,Substantial
18727,2203,Dare,7,37817.0,Coastal,96.3,1872.9,Moderate,-75.6852333134,35.664936694,High
18790,4999,Vance,7,41665.0,Eastern,168.7,3584.5,Moderate,-78.4079288849,36.3649169333,Moderate
18755,3171,Macon,7,37041.0,Western,71.8,2077.4,Moderate,-83.4221767088,35.1504672096,Moderate
18793,1142,Washington,7,10708.0,Coastal,31.8,1746.8,Moderate,-76.5693098876,35.8392646425,Moderate
18724,9480,Craven,7,102568.0,Coastal,142.5,2112.3,Low,-77.082003837,35.117685821,Moderate
18747,671,Hyde,7,4595.0,Coastal,7.5,0.0,Low,-76.1449651093,35.4081187361,Low
18766,17936,Onslow,7,207928.0,Coastal,268.4,2191.23,Moderate,-77.4157658244,34.709836363,High
18773,20560,Pitt,7,173536.0,Coastal,261.0,2238.9,Moderate,-77.3744965519,35.5932989746,Substantial
18760,1479,Mitchell,7,14783.0,Western,67.4,458.42,Low,-82.1635815487,36.0132038869,Moderate
18756,1603,Madison,7,21146.0,Western,47.1,1247.6,Low,-82.7057582627,35.8580358086,Substantial
18708,3528,Bladen,7,29171.0,Coastal,33.8,2578.5,Substantial,-78.5636493115,34.6145873342,High
18716,2206,Caswell,7,22400.0,Eastern,53.5,317.5,Moderate,-79.3335234769,36.3932742158,Moderate
18710,18128,Buncombe,7,271638.0,Western,410.4,3012.8,Moderate,-82.5301070587,35.611177887,Moderate
18706,4799,Beaufort,7,44150.0,Coastal,53.6,2157.95,Moderate,-76.8453144055,35.486983815,Moderate
18700,19069,Alamance,7,175029.0,Northern,404.8,3065.6,Moderate,-79.3994248175,36.0437098766,Substantial
18736,750,Gates,7,10324.0,Coastal,30.8,750.9,Error,-76.7005266521,36.4449435708,Moderate
18721,905,Clay,7,11238.0,Western,51.6,2288.34,Error,-83.7501767115,35.0571811284,Substantial
18704,2253,Ashe,7,26506.0,Northern,62.3,1123.1,Moderate,-81.5005211955,36.434424701,Moderate
18733,37053,Forsyth,7,387703.0,Northern,938.1,4129.5,Low,-80.256300016,36.1306195485,Moderate
18728,17052,Davidson,7,171752.0,Northern,305.4,1757.8,Moderate,-80.2127487756,35.7933524917,Moderate
18701,4459,Alexander,7,36172.0,Northern,140.2,1440.7,Moderate,-81.1770268506,35.9210263138,Substantial
18743,4501,Haywood,7,62831.0,Western,112.2,3591.8,Low,-82.9821729698,35.5560557128,Substantial
18874,1503,Polk,8,19461.0,Western,81.3,1596.5,Moderate,-82.1696779265,35.2792789622,Substantial
18860,1478,Mitchell,8,14783.0,Western,67.4,458.42,Error,-82.1635815487,36.0132038869,Moderate
18834,7045,Franklin,8,70655.0,Eastern,139.4,1314.6,Error,-78.2856965824,36.0827733527,Moderate
18840,48811,Guilford,8,545484.0,Northern,838.0,3371.1,Moderate,-79.7889042685,36.0794717315,Moderate
18859,115027,Mecklenburg,8,1128426.0,Central,2130.4,3736.1,Moderate,-80.8327311406,35.2467670437,High
18870,5574,Pender,8,62250.0,Coastal,69.1,1461.9,Moderate,-77.8884355846,34.5150997489,High
18895,11553,Wayne,8,115895.0,Coastal,211.8,2813.0,Substantial,-78.0039971272,35.3639599672,Substantial
18803,2641,Anson,8,22028.0,Central,41.5,2802.1,Moderate,-80.102712026,34.9737894417,Substantial
18872,3527,Person,8,39048.0,Eastern,99.7,1862.8,Moderate,-78.9718051426,36.3900951244,Substantial
18816,2206,Caswell,8,22400.0,Eastern,53.5,317.5,Moderate,-79.3335234769,36.3932742158,Substantial
18829,4197,Davie,8,43127.0,Northern,162.0,1665.25,Moderate,-80.5444636482,35.929110866,Substantial
18862,9088,Moore,8,102966.0,Eastern,142.9,1617.3,Moderate,-79.4813744392,35.3106538555,Substantial
18875,15390,Randolph,8,143325.0,Northern,184.3,1615.5,Moderate,-79.8060069064,35.7103417044,Moderate
18898,4141,Yadkin,8,36925.0,Northern,111.1,1820.8,Moderate,-80.6652439331,36.1605336919,Substantial
18876,4856,Richmond,8,43006.0,Eastern,90.7,5508.4,Substantial,-79.7477780226,35.0060483545,High
18877,16967,Robeson,8,115899.0,Coastal,123.0,5137.4,Substantial,-79.1038649277,34.6402420514,High
18873,20595,Pitt,8,173536.0,Coastal,261.0,2238.9,Substantial,-77.3744965519,35.5932989746,High
18822,11761,Cleveland,8,99332.0,Western,214.4,2001.7,Moderate,-81.5555471412,35.3341018022,High
18801,4460,Alexander,8,36172.0,Northern,140.2,1440.7,Moderate,-81.1770268506,35.9210263138,Substantial
18847,670,Hyde,8,4595.0,Coastal,7.5,0.0,Error,-76.1449651093,35.4081187361,Low
18846,4937,Hoke,8,53783.0,Eastern,133.5,2028.14,Substantial,-79.237290715,35.0175290075,High
18853,6283,Lenoir,8,54323.0,Coastal,138.1,3246.04,Moderate,-77.6412486292,35.2387731611,Moderate
18888,326,Tyrrell,8,3315.0,Coastal,8.3,957.2,Low,-76.1704523585,35.8694070017,Low
18821,905,Clay,8,11238.0,Western,51.6,2288.34,Error,-83.7501767115,35.0571811284,Substantial
18826,1583,Currituck,8,29385.0,Coastal,107.3,1344.3,Low,-75.936949201,36.3672994836,Moderate
18869,3456,Pasquotank,8,40966.0,Coastal,178.8,2078.8,Moderate,-76.2492413613,36.2650187228,Moderate
18871,1034,Perquimans,8,13049.0,Coastal,52.6,684.8,Error,-76.4076199893,36.1772228503,Substantial
18896,6959,Wilkes,8,65151.0,Northern,87.5,1887.3,Moderate,-81.1633856618,36.2062757623,Substantial
18814,696,Camden,8,10537.0,Coastal,43.1,793.0,Low,-76.1609504039,36.3411216216,Moderate
18806,4803,Beaufort,8,44150.0,Coastal,53.6,2157.95,Moderate,-76.8453144055,35.486983815,Substantial
18841,5697,Halifax,8,47859.0,Coastal,67.2,2754.7,Moderate,-77.6517329831,36.2574485453,Substantial
18852,6178,Lee,8,64360.0,Eastern,248.1,1631.1,Moderate,-79.1714836119,35.4751864248,Substantial
18835,27241,Gaston,8,233387.0,Central,640.7,2912.4,Moderate,-81.1802416273,35.2943489527,Substantial
18805,2166,Avery,8,17347.0,Western,72.0,1003.4,Moderate,-81.9226013745,36.0766050343,Substantial
18889,25021,Union,8,244960.0,Central,376.6,1582.3,Moderate,-80.5307400446,34.9883574887,Substantial
18891,90645,Wake,8,1154170.0,Eastern,1353.3,1846.0,Moderate,-78.6503081729,35.7902443741,Substantial
18833,37069,Forsyth,8,387703.0,Northern,938.1,4129.5,Moderate,-80.256300016,36.1306195485,Substantial
18815,5260,Carteret,8,69039.0,Coastal,133.3,1912.1,Error,-76.5357430669,34.8612598084,Moderate
18848,19343,Iredell,8,192986.0,Northern,325.0,1866.4,Moderate,-80.8734378255,35.8070259189,Substantial
18861,3389,Montgomery,8,25485.0,Eastern,52.4,2480.1,Moderate,-79.9054790812,35.332466935,Substantial
18813,9533,Caldwell,8,81319.0,Northern,170.9,2504.8,Low,-81.5464366451,35.9530379334,Substantial
18849,3664,Jackson,8,41919.0,Western,87.8,1864.6,Low,-83.1408496187,35.2875866253,Moderate
18851,901,Jones,8,9076.0,Coastal,19.5,0.0,Moderate,-77.3551679748,35.0217248029,Moderate
18879,17319,Rowan,8,148565.0,Northern,287.1,2292.8,Moderate,-80.5247717485,35.6394734632,Substantial
18819,2648,Cherokee,8,28738.0,Western,63.2,3613.3,Moderate,-84.063444228,35.1338574515,Substantial
18843,4501,Haywood,8,62831.0,Western,112.2,3591.8,Low,-82.9821729698,35.5560557128,Substantial
18811,10159,Burke,8,88398.0,Western,173.0,1836.1,Low,-81.7047784739,35.7496106399,Substantial
18886,1210,Swain,8,14046.0,Western,26.8,3517.8,Low,-83.4927393736,35.4868150519,Substantial
18854,10306,Lincoln,8,88742.0,Central,293.4,1745.2,Moderate,-81.2235326264,35.4855950234,Substantial
18865,1895,Northampton,8,16953.0,Eastern,32.6,2092.6,Low,-77.3968212099,36.4177312434,Moderate
18825,30516,Cumberland,8,341793.0,Eastern,512.9,3748.5,Substantial,-78.8275607671,35.048611942,High
18867,8619,Orange,8,148331.0,Eastern,374.0,1991.9,Moderate,-79.120649356,36.0611182361,Moderate
18838,6007,Granville,8,60720.0,Eastern,114.6,1466.3,Moderate,-78.6527194252,36.3040698262,Moderate
18837,672,Graham,8,7935.0,Western,27.5,8085.4,Substantial,-83.833581803,35.350171951,High
18880,7462,Rutherford,8,63870.0,Western,114.0,2009.9,Moderate,-81.9198334642,35.4025956291,High
18885,8433,Surry,8,70573.0,Northern,134.0,1507.5,Moderate,-80.6880779273,36.4148205561,High
18844,10341,Henderson,8,117429.0,Western,311.8,2039.7,Moderate,-82.4799463782,35.3362263031,Substantial
18864,19596,New Hanover,8,230423.0,Coastal,1174.0,2612.3,Moderate,-77.865597569,34.1815553357,Moderate
18839,2426,Greene,8,19978.0,Coastal,76.7,1640.3,Moderate,-77.6757626742,35.4849957203,High
18820,1492,Chowan,8,13646.0,Coastal,79.4,1402.6,Moderate,-76.6021303656,36.1265615389,Substantial
18828,17041,Davidson,8,171752.0,Northern,305.4,1757.8,Low,-80.2127487756,35.7933524917,Moderate
18818,4761,Chatham,8,77095.0,Eastern,111.9,1456.0,Low,-79.2552758614,35.7025721296,Moderate
18897,9966,Wilson,8,79078.0,Coastal,214.3,2386.9,Substantial,-77.9186629547,35.7051457145,Substantial
18881,8187,Sampson,8,58371.0,Coastal,62.4,2241.9,Moderate,-78.3713906105,34.9915361594,High
18824,9487,Craven,8,102568.0,Coastal,142.5,2112.3,Moderate,-77.082003837,35.117685821,Substantial
18850,22392,Johnston,8,224833.0,Coastal,272.7,1547.3,Moderate,-78.3657109025,35.5178069265,High
18856,1603,Madison,8,21146.0,Western,47.1,1247.6,Low,-82.7057582627,35.8580358086,Substantial
18808,3534,Bladen,8,29171.0,Coastal,33.8,2578.5,Substantial,-78.5636493115,34.6145873342,High
18894,5027,Watauga,8,54804.0,Northern,173.1,1191.8,Low,-81.6964250718,36.2311062795,Moderate
18810,18137,Buncombe,8,271638.0,Western,410.4,3012.8,Moderate,-82.5301070587,35.611177887,Substantial
18866,17969,Onslow,8,207928.0,Coastal,268.4,2191.23,Moderate,-77.4157658244,34.709836363,High
18800,19078,Alamance,8,175029.0,Northern,404.8,3065.6,Moderate,-79.3994248175,36.0437098766,Substantial
18836,749,Gates,8,10324.0,Coastal,30.8,750.9,Error,-76.7005266521,36.4449435708,Moderate
18842,12113,Harnett,8,134986.0,Eastern,224.5,2172.6,Moderate,-78.8694125204,35.3686291614,Substantial
18868,1120,Pamlico,8,12215.0,Coastal,36.5,2321.5,Low,-76.6694598427,35.151021226,Substantial
18804,2253,Ashe,8,26506.0,Northern,62.3,1123.1,Moderate,-81.5005211955,36.434424701,Moderate
18878,8109,Rockingham,8,90457.0,Northern,161.0,2130.4,Moderate,-79.7749871967,36.3960127906,Moderate
18899,1638,Yancey,8,18320.0,Western,59.1,557.0,Error,-82.3076279784,35.8989479924,Moderate
18863,11738,Nash,8,96101.0,Coastal,175.7,1838.5,Moderate,-77.9864448378,35.9672502839,Moderate
18890,5000,Vance,8,41665.0,Eastern,168.7,3584.5,Moderate,-78.4079288849,36.3649169333,Moderate
18830,6397,Duplin,8,48249.0,Coastal,59.8,2911.6,Moderate,-77.9330277459,34.9365348363,High
18809,9393,Brunswick,8,144821.0,Coastal,160.8,1537.1,Moderate,-78.2274071617,34.0388755841,Substantial
18893,1142,Washington,8,10708.0,Coastal,31.8,1746.8,Moderate,-76.5693098876,35.8392646425,Moderate
18812,22456,Cabarrus,8,232873.0,Central,625.1,1374.8,Moderate,-80.5518508851,35.3867940405,High
18845,2117,Hertford,8,20374.0,Coastal,61.0,2281.6,Low,-76.9807147831,36.3586360305,Moderate
18884,4233,Stokes,8,44422.0,Northern,99.1,2146.85,Error,-80.2395157151,36.4019040049,Moderate
18807,1798,Bertie,8,17302.0,Coastal,25.7,1594.6,Moderate,-76.9667121404,36.0656302022,Moderate
18883,7947,Stanly,8,62143.0,Central,158.2,2425.2,Moderate,-80.2509863077,35.3119550622,Substantial
18802,1098,Alleghany,8,11057.0,Northern,46.4,697.2,Moderate,-81.1278593427,36.4912704378,Low
18858,5294,McDowell,8,44151.0,Western,101.3,2610.9,Low,-82.0493124426,35.6816924709,Substantial
18823,6479,Columbus,8,49795.0,Coastal,54.0,2887.71,Moderate,-78.6550308717,34.2656450828,High
18831,26094,Durham,8,331347.0,Eastern,1133.7,3966.0,Moderate,-78.8765926949,36.0360299243,Moderate
18892,1819,Warren,8,18621.0,Eastern,43.4,2235.0,Low,-78.1067171324,36.3965102811,Moderate
18827,2208,Dare,8,37817.0,Coastal,96.3,1872.9,Moderate,-75.6852333134,35.664936694,High
18882,3918,Scotland,8,33662.0,Eastern,107.1,3528.0,Moderate,-79.4804292418,34.8408848102,High
18832,5722,Edgecombe,8,48604.0,Coastal,96.7,2366.3,Moderate,-77.5970588882,35.912880671,Substantial
18887,2388,Transylvania,8,32825.0,Western,87.2,978.5,Low,-82.7983001279,35.2021778635,High
18855,3172,Macon,8,37041.0,Western,71.8,2077.4,Moderate,-83.4221767088,35.1504672096,Moderate
18857,2333,Martin,8,21503.0,Coastal,48.3,2717.4,Moderate,-77.109232267,35.843213981,High
18817,19863,Catawba,8,162841.0,Northern,400.2,2802.5,Moderate,-81.2150705598,35.662042354,Substantial
18989,25033,Union,9,244960.0,Central,376.6,1582.3,Moderate,-80.5307400446,34.9883574887,Substantial
18936,749,Gates,9,10324.0,Coastal,30.8,750.9,Low,-76.7005266521,36.4449435708,Moderate
18984,4237,Stokes,9,44422.0,Northern,99.1,2146.85,Low,-80.2395157151,36.4019040049,Substantial
18960,1477,Mitchell,9,14783.0,Western,67.4,458.42,Error,-82.1635815487,36.0132038869,Moderate
18955,3174,Macon,9,37041.0,Western,71.8,2077.4,Moderate,-83.4221767088,35.1504672096,Moderate
18998,4142,Yadkin,9,36925.0,Northern,111.1,1820.8,Moderate,-80.6652439331,36.1605336919,Substantial
18995,11559,Wayne,9,115895.0,Coastal,211.8,2813.0,Substantial,-78.0039971272,35.3639599672,Substantial
18942,12126,Harnett,9,134986.0,Eastern,224.5,2172.6,Moderate,-78.8694125204,35.3686291614,High
18926,1585,Currituck,9,29385.0,Coastal,107.3,1344.3,Moderate,-75.936949201,36.3672994836,Moderate
18985,8441,Surry,9,70573.0,Northern,134.0,1507.5,Moderate,-80.6880779273,36.4148205561,High
18909,9402,Brunswick,9,144821.0,Coastal,160.8,1537.1,Moderate,-78.2274071617,34.0388755841,Substantial
18983,7947,Stanly,9,62143.0,Central,158.2,2425.2,Moderate,-80.2509863077,35.3119550622,Substantial
18947,670,Hyde,9,4595.0,Coastal,7.5,0.0,Error,-76.1449651093,35.4081187361,Low
18931,26094,Durham,9,331347.0,Eastern,1133.7,3966.0,Moderate,-78.8765926949,36.0360299243,Moderate
18940,48800,Guilford,9,545484.0,Northern,838.0,3371.1,Moderate,-79.7889042685,36.0794717315,Substantial
18954,10309,Lincoln,9,88742.0,Central,293.4,1745.2,Moderate,-81.2235326264,35.4855950234,Substantial
18982,3923,Scotland,9,33662.0,Eastern,107.1,3528.0,Moderate,-79.4804292418,34.8408848102,High
18915,5261,Carteret,9,69039.0,Coastal,133.3,1912.1,Low,-76.5357430669,34.8612598084,Moderate
18961,3390,Montgomery,9,25485.0,Eastern,52.4,2480.1,Moderate,-79.9054790812,35.332466935,Substantial
18924,9494,Craven,9,102568.0,Coastal,142.5,2112.3,Moderate,-77.082003837,35.117685821,Substantial
18977,16999,Robeson,9,115899.0,Coastal,123.0,5137.4,Substantial,-79.1038649277,34.6402420514,High
18929,4198,Davie,9,43127.0,Northern,162.0,1665.25,Moderate,-80.5444636482,35.929110866,Substantial
18900,19078,Alamance,9,175029.0,Northern,404.8,3065.6,Moderate,-79.3994248175,36.0437098766,Substantial
18957,2333,Martin,9,21503.0,Coastal,48.3,2717.4,Moderate,-77.109232267,35.843213981,High
18953,6285,Lenoir,9,54323.0,Coastal,138.1,3246.04,Moderate,-77.6412486292,35.2387731611,Moderate
18988,326,Tyrrell,9,3315.0,Coastal,8.3,957.2,Low,-76.1704523585,35.8694070017,Low
18932,5724,Edgecombe,9,48604.0,Coastal,96.7,2366.3,Moderate,-77.5970588882,35.912880671,Substantial
18923,6480,Columbus,9,49795.0,Coastal,54.0,2887.71,Moderate,-78.6550308717,34.2656450828,High
18959,115088,Mecklenburg,9,1128426.0,Central,2130.4,3736.1,Moderate,-80.8327311406,35.2467670437,High
18902,1099,Alleghany,9,11057.0,Northern,46.4,697.2,Moderate,-81.1278593427,36.4912704378,Low
18978,8117,Rockingham,9,90457.0,Northern,161.0,2130.4,Moderate,-79.7749871967,36.3960127906,Moderate
18941,5701,Halifax,9,47859.0,Coastal,67.2,2754.7,Moderate,-77.6517329831,36.2574485453,Substantial
18912,22467,Cabarrus,9,232873.0,Central,625.1,1374.8,Moderate,-80.5518508851,35.3867940405,Substantial
18930,6398,Duplin,9,48249.0,Coastal,59.8,2911.6,Moderate,-77.9330277459,34.9365348363,High
18945,2117,Hertford,9,20374.0,Coastal,61.0,2281.6,Low,-76.9807147831,36.3586360305,Moderate
18907,1799,Bertie,9,17302.0,Coastal,25.7,1594.6,Moderate,-76.9667121404,36.0656302022,Moderate
18958,5293,McDowell,9,44151.0,Western,101.3,2610.9,Low,-82.0493124426,35.6816924709,Substantial
18999,1638,Yancey,9,18320.0,Western,59.1,557.0,Error,-82.3076279784,35.8989479924,Moderate
18987,2394,Transylvania,9,32825.0,Western,87.2,978.5,Moderate,-82.7983001279,35.2021778635,High
18913,9534,Caldwell,9,81319.0,Northern,170.9,2504.8,Moderate,-81.5464366451,35.9530379334,Substantial
18946,4941,Hoke,9,53783.0,Eastern,133.5,2028.14,Substantial,-79.237290715,35.0175290075,High
18975,15389,Randolph,9,143325.0,Northern,184.3,1615.5,Moderate,-79.8060069064,35.7103417044,Substantial
18979,17327,Rowan,9,148565.0,Northern,287.1,2292.8,Moderate,-80.5247717485,35.6394734632,Substantial
18910,18151,Buncombe,9,271638.0,Western,410.4,3012.8,Moderate,-82.5301070587,35.611177887,Substantial
18906,4806,Beaufort,9,44150.0,Coastal,53.6,2157.95,Moderate,-76.8453144055,35.486983815,Substantial
18908,3539,Bladen,9,29171.0,Coastal,33.8,2578.5,Substantial,-78.5636493115,34.6145873342,High
18956,1602,Madison,9,21146.0,Western,47.1,1247.6,Low,-82.7057582627,35.8580358086,Substantial
18973,20613,Pitt,9,173536.0,Coastal,261.0,2238.9,Substantial,-77.3744965519,35.5932989746,High
18981,8187,Sampson,9,58371.0,Coastal,62.4,2241.9,Moderate,-78.3713906105,34.9915361594,High
18997,9974,Wilson,9,79078.0,Coastal,214.3,2386.9,Substantial,-77.9186629547,35.7051457145,Substantial
18922,11762,Cleveland,9,99332.0,Western,214.4,2001.7,Moderate,-81.5555471412,35.3341018022,High
18944,10339,Henderson,9,117429.0,Western,311.8,2039.7,Moderate,-82.4799463782,35.3362263031,Substantial
18974,1505,Polk,9,19461.0,Western,81.3,1596.5,Moderate,-82.1696779265,35.2792789622,Substantial
18914,696,Camden,9,10537.0,Coastal,43.1,793.0,Low,-76.1609504039,36.3411216216,Moderate
18980,7462,Rutherford,9,63870.0,Western,114.0,2009.9,Moderate,-81.9198334642,35.4025956291,High
18937,676,Graham,9,7935.0,Western,27.5,8085.4,High,-83.833581803,35.350171951,Substantial
18925,30559,Cumberland,9,341793.0,Eastern,512.9,3748.5,Substantial,-78.8275607671,35.048611942,High
18996,6961,Wilkes,9,65151.0,Northern,87.5,1887.3,Moderate,-81.1633856618,36.2062757623,Substantial
18986,1211,Swain,9,14046.0,Western,26.8,3517.8,Low,-83.4927393736,35.4868150519,Substantial
18911,10161,Burke,9,88398.0,Western,173.0,1836.1,Moderate,-81.7047784739,35.7496106399,Substantial
18943,4504,Haywood,9,62831.0,Western,112.2,3591.8,Low,-82.9821729698,35.5560557128,Substantial
18990,4999,Vance,9,41665.0,Eastern,168.7,3584.5,Low,-78.4079288849,36.3649169333,Moderate
18976,4857,Richmond,9,43006.0,Eastern,90.7,5508.4,Substantial,-79.7477780226,35.0060483545,High
18949,3663,Jackson,9,41919.0,Western,87.8,1864.6,Low,-83.1408496187,35.2875866253,Moderate
18969,3461,Pasquotank,9,40966.0,Coastal,178.8,2078.8,Moderate,-76.2492413613,36.2650187228,Moderate
18921,906,Clay,9,11238.0,Western,51.6,2288.34,Low,-83.7501767115,35.0571811284,Substantial
18903,2644,Anson,9,22028.0,Central,41.5,2802.1,Moderate,-80.102712026,34.9737894417,Substantial
18938,6005,Granville,9,60720.0,Eastern,114.6,1466.3,Moderate,-78.6527194252,36.3040698262,Moderate
18967,8626,Orange,9,148331.0,Eastern,374.0,1991.9,Moderate,-79.120649356,36.0611182361,Moderate
18993,1141,Washington,9,10708.0,Coastal,31.8,1746.8,Low,-76.5693098876,35.8392646425,Moderate
18971,1033,Perquimans,9,13049.0,Coastal,52.6,684.8,Error,-76.4076199893,36.1772228503,High
18964,19605,New Hanover,9,230423.0,Coastal,1174.0,2612.3,Moderate,-77.865597569,34.1815553357,Substantial
18952,6180,Lee,9,64360.0,Eastern,248.1,1631.1,Moderate,-79.1714836119,35.4751864248,High
18966,17997,Onslow,9,207928.0,Coastal,268.4,2191.23,Moderate,-77.4157658244,34.709836363,High
18951,902,Jones,9,9076.0,Coastal,19.5,0.0,Moderate,-77.3551679748,35.0217248029,Moderate
18965,1896,Northampton,9,16953.0,Eastern,32.6,2092.6,Low,-77.3968212099,36.4177312434,Substantial
18901,4462,Alexander,9,36172.0,Northern,140.2,1440.7,Moderate,-81.1770268506,35.9210263138,High
18918,4769,Chatham,9,77095.0,Eastern,111.9,1456.0,Moderate,-79.2552758614,35.7025721296,Substantial
18948,19353,Iredell,9,192986.0,Northern,325.0,1866.4,Moderate,-80.8734378255,35.8070259189,Substantial
18992,1819,Warren,9,18621.0,Eastern,43.4,2235.0,Moderate,-78.1067171324,36.3965102811,Moderate
18904,2255,Ashe,9,26506.0,Northern,62.3,1123.1,Moderate,-81.5005211955,36.434424701,Moderate
18994,5026,Watauga,9,54804.0,Northern,173.1,1191.8,Low,-81.6964250718,36.2311062795,Moderate
18905,2166,Avery,9,17347.0,Western,72.0,1003.4,Moderate,-81.9226013745,36.0766050343,Substantial
18934,7044,Franklin,9,70655.0,Eastern,139.4,1314.6,Error,-78.2856965824,36.0827733527,Substantial
18917,19872,Catawba,9,162841.0,Northern,400.2,2802.5,Moderate,-81.2150705598,35.662042354,Substantial
18963,11745,Nash,9,96101.0,Coastal,175.7,1838.5,Moderate,-77.9864448378,35.9672502839,Moderate
18919,2655,Cherokee,9,28738.0,Western,63.2,3613.3,Substantial,-84.063444228,35.1338574515,Substantial
18939,2426,Greene,9,19978.0,Coastal,76.7,1640.3,Moderate,-77.6757626742,35.4849957203,High
18927,2211,Dare,9,37817.0,Coastal,96.3,1872.9,Substantial,-75.6852333134,35.664936694,High
18950,22426,Johnston,9,224833.0,Coastal,272.7,1547.3,Substantial,-78.3657109025,35.5178069265,High
18935,27246,Gaston,9,233387.0,Central,640.7,2912.4,Moderate,-81.1802416273,35.2943489527,Substantial
18928,17048,Davidson,9,171752.0,Northern,305.4,1757.8,Low,-80.2127487756,35.7933524917,Moderate
18972,3532,Person,9,39048.0,Eastern,99.7,1862.8,Moderate,-78.9718051426,36.3900951244,Substantial
18933,37083,Forsyth,9,387703.0,Northern,938.1,4129.5,Moderate,-80.256300016,36.1306195485,Substantial
18962,9089,Moore,9,102966.0,Eastern,142.9,1617.3,Moderate,-79.4813744392,35.3106538555,Substantial
18970,5579,Pender,9,62250.0,Coastal,69.1,1461.9,Moderate,-77.8884355846,34.5150997489,High
18968,1120,Pamlico,9,12215.0,Coastal,36.5,2321.5,Low,-76.6694598427,35.151021226,Substantial
18916,2205,Caswell,9,22400.0,Eastern,53.5,317.5,Moderate,-79.3335234769,36.3932742158,Substantial
18920,1491,Chowan,9,13646.0,Coastal,79.4,1402.6,Moderate,-76.6021303656,36.1265615389,Substantial
18991,90716,Wake,9,1154170.0,Eastern,1353.3,1846.0,Moderate,-78.6503081729,35.7902443741,Moderate
19022,11762,Cleveland,10,99332.0,Western,214.4,2001.7,Moderate,-81.5555471412,35.3341018022,High
19044,10339,Henderson,10,117429.0,Western,311.8,2039.7,Moderate,-82.4799463782,35.3362263031,Substantial
19029,4198,Davie,10,43127.0,Northern,162.0,1665.25,Moderate,-80.5444636482,35.929110866,Substantial
19005,2166,Avery,10,17347.0,Western,72.0,1003.4,Moderate,-81.9226013745,36.0766050343,Substantial
19096,6961,Wilkes,10,65151.0,Northern,87.5,1887.3,Moderate,-81.1633856618,36.2062757623,Substantial
19037,676,Graham,10,7935.0,Western,27.5,8085.4,High,-83.833581803,35.350171951,Substantial
19074,1505,Polk,10,19461.0,Western,81.3,1596.5,Moderate,-82.1696779265,35.2792789622,Substantial
19052,6180,Lee,10,64360.0,Eastern,248.1,1631.1,Moderate,-79.1714836119,35.4751864248,High
19038,6005,Granville,10,60720.0,Eastern,114.6,1466.3,Moderate,-78.6527194252,36.3040698262,Moderate
19011,10161,Burke,10,88398.0,Western,173.0,1836.1,Moderate,-81.7047784739,35.7496106399,Substantial
19039,2426,Greene,10,19978.0,Coastal,76.7,1640.3,Moderate,-77.6757626742,35.4849957203,High
19020,1491,Chowan,10,13646.0,Coastal,79.4,1402.6,Moderate,-76.6021303656,36.1265615389,Substantial
19070,5579,Pender,10,62250.0,Coastal,69.1,1461.9,Moderate,-77.8884355846,34.5150997489,High
19086,1211,Swain,10,14046.0,Western,26.8,3517.8,Low,-83.4927393736,35.4868150519,Substantial
19067,8626,Orange,10,148331.0,Eastern,374.0,1991.9,Moderate,-79.120649356,36.0611182361,Moderate
19014,696,Camden,10,10537.0,Coastal,43.1,793.0,Low,-76.1609504039,36.3411216216,Moderate
19079,17327,Rowan,10,148565.0,Northern,287.1,2292.8,Moderate,-80.5247717485,35.6394734632,Substantial
19025,30559,Cumberland,10,341793.0,Eastern,512.9,3748.5,Substantial,-78.8275607671,35.048611942,High
19003,2644,Anson,10,22028.0,Central,41.5,2802.1,Moderate,-80.102712026,34.9737894417,Substantial
19068,1120,Pamlico,10,12215.0,Coastal,36.5,2321.5,Low,-76.6694598427,35.151021226,Substantial
19076,4857,Richmond,10,43006.0,Eastern,90.7,5508.4,Substantial,-79.7477780226,35.0060483545,High
19028,17048,Davidson,10,171752.0,Northern,305.4,1757.8,Low,-80.2127487756,35.7933524917,Moderate
19035,27246,Gaston,10,233387.0,Central,640.7,2912.4,Moderate,-81.1802416273,35.2943489527,Substantial
19077,16999,Robeson,10,115899.0,Coastal,123.0,5137.4,Substantial,-79.1038649277,34.6402420514,High
19087,2394,Transylvania,10,32825.0,Western,87.2,978.5,Moderate,-82.7983001279,35.2021778635,High
19062,9089,Moore,10,102966.0,Eastern,142.9,1617.3,Moderate,-79.4813744392,35.3106538555,Substantial
19091,90755,Wake,10,1154170.0,Eastern,1353.3,1846.0,Moderate,-78.6503081729,35.7902443741,Moderate
19041,5701,Halifax,10,47859.0,Coastal,67.2,2754.7,Moderate,-77.6517329831,36.2574485453,Substantial
19058,5293,McDowell,10,44151.0,Western,101.3,2610.9,Low,-82.0493124426,35.6816924709,Substantial
19001,4462,Alexander,10,36172.0,Northern,140.2,1440.7,Moderate,-81.1770268506,35.9210263138,High
19007,1799,Bertie,10,17302.0,Coastal,25.7,1594.6,Moderate,-76.9667121404,36.0656302022,Moderate
19059,115088,Mecklenburg,10,1128426.0,Central,2130.4,3736.1,Moderate,-80.8327311406,35.2467670437,High
19013,9534,Caldwell,10,81319.0,Northern,170.9,2504.8,Moderate,-81.5464366451,35.9530379334,Substantial
19045,2117,Hertford,10,20374.0,Coastal,61.0,2281.6,Low,-76.9807147831,36.3586360305,Moderate
19017,19872,Catawba,10,162841.0,Northern,400.2,2802.5,Moderate,-81.2150705598,35.662042354,Substantial
19069,3461,Pasquotank,10,40966.0,Coastal,178.8,2078.8,Moderate,-76.2492413613,36.2650187228,Moderate
19088,326,Tyrrell,10,3315.0,Coastal,8.3,957.2,Low,-76.1704523585,35.8694070017,Low
19075,15389,Randolph,10,143325.0,Northern,184.3,1615.5,Moderate,-79.8060069064,35.7103417044,Substantial
19078,8117,Rockingham,10,90457.0,Northern,161.0,2130.4,Moderate,-79.7749871967,36.3960127906,Moderate
19057,2333,Martin,10,21503.0,Coastal,48.3,2717.4,Moderate,-77.109232267,35.843213981,High
19092,1819,Warren,10,18621.0,Eastern,43.4,2235.0,Moderate,-78.1067171324,36.3965102811,Moderate
19046,4941,Hoke,10,53783.0,Eastern,133.5,2028.14,Substantial,-79.237290715,35.0175290075,High
19032,5724,Edgecombe,10,48604.0,Coastal,96.7,2366.3,Moderate,-77.5970588882,35.912880671,Substantial
19000,19078,Alamance,10,175029.0,Northern,404.8,3065.6,Moderate,-79.3994248175,36.0437098766,Substantial
19023,6480,Columbus,10,49795.0,Coastal,54.0,2887.71,Moderate,-78.6550308717,34.2656450828,High
19053,6285,Lenoir,10,54323.0,Coastal,138.1,3246.04,Moderate,-77.6412486292,35.2387731611,Moderate
19012,22467,Cabarrus,10,232873.0,Central,625.1,1374.8,Moderate,-80.5518508851,35.3867940405,Substantial
19030,6398,Duplin,10,48249.0,Coastal,59.8,2911.6,Moderate,-77.9330277459,34.9365348363,High
19049,3663,Jackson,10,41919.0,Western,87.8,1864.6,Low,-83.1408496187,35.2875866253,Moderate
19090,4999,Vance,10,41665.0,Eastern,168.7,3584.5,Low,-78.4079288849,36.3649169333,Moderate
19063,11745,Nash,10,96101.0,Coastal,175.7,1838.5,Moderate,-77.9864448378,35.9672502839,Moderate
19002,1099,Alleghany,10,11057.0,Northern,46.4,697.2,Moderate,-81.1278593427,36.4912704378,Low
19018,4769,Chatham,10,77095.0,Eastern,111.9,1456.0,Moderate,-79.2552758614,35.7025721296,Substantial
19080,7462,Rutherford,10,63870.0,Western,114.0,2009.9,Moderate,-81.9198334642,35.4025956291,High
19048,19353,Iredell,10,192986.0,Northern,325.0,1866.4,Moderate,-80.8734378255,35.8070259189,Substantial
19036,749,Gates,10,10324.0,Coastal,30.8,750.9,Low,-76.7005266521,36.4449435708,Moderate
19089,25033,Union,10,244960.0,Central,376.6,1582.3,Moderate,-80.5307400446,34.9883574887,Substantial
19051,902,Jones,10,9076.0,Coastal,19.5,0.0,Moderate,-77.3551679748,35.0217248029,Moderate
19024,9494,Craven,10,102568.0,Coastal,142.5,2112.3,Moderate,-77.082003837,35.117685821,Substantial
19097,9974,Wilson,10,79078.0,Coastal,214.3,2386.9,Substantial,-77.9186629547,35.7051457145,Substantial
19026,1585,Currituck,10,29385.0,Coastal,107.3,1344.3,Moderate,-75.936949201,36.3672994836,Moderate
19085,8441,Surry,10,70573.0,Northern,134.0,1507.5,Moderate,-80.6880779273,36.4148205561,High
19065,1896,Northampton,10,16953.0,Eastern,32.6,2092.6,Low,-77.3968212099,36.4177312434,Substantial
19047,670,Hyde,10,4595.0,Coastal,7.5,0.0,Error,-76.1449651093,35.4081187361,Low
19054,10309,Lincoln,10,88742.0,Central,293.4,1745.2,Moderate,-81.2235326264,35.4855950234,Substantial
19042,12126,Harnett,10,134986.0,Eastern,224.5,2172.6,Moderate,-78.8694125204,35.3686291614,High
19071,1033,Perquimans,10,13049.0,Coastal,52.6,684.8,Error,-76.4076199893,36.1772228503,High
19093,1141,Washington,10,10708.0,Coastal,31.8,1746.8,Low,-76.5693098876,35.8392646425,Moderate
19094,5026,Watauga,10,54804.0,Northern,173.1,1191.8,Low,-81.6964250718,36.2311062795,Moderate
19082,3923,Scotland,10,33662.0,Eastern,107.1,3528.0,Moderate,-79.4804292418,34.8408848102,High
19040,48800,Guilford,10,545484.0,Northern,838.0,3371.1,Moderate,-79.7889042685,36.0794717315,Substantial
19031,26112,Durham,10,331347.0,Eastern,1133.7,3966.0,Moderate,-78.8765926949,36.0360299243,Moderate
19034,7044,Franklin,10,70655.0,Eastern,139.4,1314.6,Error,-78.2856965824,36.0827733527,Substantial
19019,2655,Cherokee,10,28738.0,Western,63.2,3613.3,Substantial,-84.063444228,35.1338574515,Substantial
19095,11559,Wayne,10,115895.0,Coastal,211.8,2813.0,Substantial,-78.0039971272,35.3639599672,Substantial
19083,7947,Stanly,10,62143.0,Central,158.2,2425.2,Moderate,-80.2509863077,35.3119550622,Substantial
19009,9402,Brunswick,10,144821.0,Coastal,160.8,1537.1,Moderate,-78.2274071617,34.0388755841,Substantial
19084,4237,Stokes,10,44422.0,Northern,99.1,2146.85,Low,-80.2395157151,36.4019040049,Substantial
19027,2211,Dare,10,37817.0,Coastal,96.3,1872.9,Substantial,-75.6852333134,35.664936694,High
19072,3532,Person,10,39048.0,Eastern,99.7,1862.8,Moderate,-78.9718051426,36.3900951244,Substantial
19061,3390,Montgomery,10,25485.0,Eastern,52.4,2480.1,Moderate,-79.9054790812,35.332466935,Substantial
19055,3174,Macon,10,37041.0,Western,71.8,2077.4,Moderate,-83.4221767088,35.1504672096,Moderate
19064,19605,New Hanover,10,230423.0,Coastal,1174.0,2612.3,Moderate,-77.865597569,34.1815553357,Substantial
19015,5261,Carteret,10,69039.0,Coastal,133.3,1912.1,Low,-76.5357430669,34.8612598084,Moderate
19043,4504,Haywood,10,62831.0,Western,112.2,3591.8,Low,-82.9821729698,35.5560557128,Substantial
19099,1638,Yancey,10,18320.0,Western,59.1,557.0,Error,-82.3076279784,35.8989479924,Moderate
19073,20613,Pitt,10,173536.0,Coastal,261.0,2238.9,Substantial,-77.3744965519,35.5932989746,High
19010,18151,Buncombe,10,271638.0,Western,410.4,3012.8,Moderate,-82.5301070587,35.611177887,Substantial
19006,4806,Beaufort,10,44150.0,Coastal,53.6,2157.95,Moderate,-76.8453144055,35.486983815,Substantial
19050,22426,Johnston,10,224833.0,Coastal,272.7,1547.3,Substantial,-78.3657109025,35.5178069265,High
19098,4142,Yadkin,10,36925.0,Northern,111.1,1820.8,Moderate,-80.6652439331,36.1605336919,Substantial
19021,906,Clay,10,11238.0,Western,51.6,2288.34,Low,-83.7501767115,35.0571811284,Substantial
19016,2205,Caswell,10,22400.0,Eastern,53.5,317.5,Moderate,-79.3335234769,36.3932742158,Substantial
19066,17997,Onslow,10,207928.0,Coastal,268.4,2191.23,Moderate,-77.4157658244,34.709836363,High
19060,1477,Mitchell,10,14783.0,Western,67.4,458.42,Error,-82.1635815487,36.0132038869,Moderate
19081,8187,Sampson,10,58371.0,Coastal,62.4,2241.9,Moderate,-78.3713906105,34.9915361594,High
19056,1602,Madison,10,21146.0,Western,47.1,1247.6,Low,-82.7057582627,35.8580358086,Substantial
19004,2255,Ashe,10,26506.0,Northern,62.3,1123.1,Moderate,-81.5005211955,36.434424701,Moderate
19033,37083,Forsyth,10,387703.0,Northern,938.1,4129.5,Moderate,-80.256300016,36.1306195485,Substantial
19008,3539,Bladen,10,29171.0,Coastal,33.8,2578.5,Substantial,-78.5636493115,34.6145873342,High
19117,19872,Catawba,11,162841.0,Northern,400.2,2802.5,Moderate,-81.2150705598,35.662042354,Substantial
19108,3539,Bladen,11,29171.0,Coastal,33.8,2578.5,Substantial,-78.5636493115,34.6145873342,High
19131,26112,Durham,11,331347.0,Eastern,1133.7,3966.0,Moderate,-78.8765926949,36.0360299243,Moderate
19107,1799,Bertie,11,17302.0,Coastal,25.7,1594.6,Moderate,-76.9667121404,36.0656302022,Moderate
19150,22426,Johnston,11,224833.0,Coastal,272.7,1547.3,Substantial,-78.3657109025,35.5178069265,High
19119,2655,Cherokee,11,28738.0,Western,63.2,3613.3,Substantial,-84.063444228,35.1338574515,Substantial
19135,27246,Gaston,11,233387.0,Central,640.7,2912.4,Moderate,-81.1802416273,35.2943489527,Substantial
19193,1141,Washington,11,10708.0,Coastal,31.8,1746.8,Low,-76.5693098876,35.8392646425,Moderate
19139,2426,Greene,11,19978.0,Coastal,76.7,1640.3,Moderate,-77.6757626742,35.4849957203,High
19143,4504,Haywood,11,62831.0,Western,112.2,3591.8,Low,-82.9821729698,35.5560557128,Substantial
19158,5293,McDowell,11,44151.0,Western,101.3,2610.9,Low,-82.0493124426,35.6816924709,Substantial
19109,9402,Brunswick,11,144821.0,Coastal,160.8,1537.1,Moderate,-78.2274071617,34.0388755841,Substantial
19145,2117,Hertford,11,20374.0,Coastal,61.0,2281.6,Low,-76.9807147831,36.3586360305,Moderate
19162,9089,Moore,11,102966.0,Eastern,142.9,1617.3,Moderate,-79.4813744392,35.3106538555,Substantial
19128,17048,Davidson,11,171752.0,Northern,305.4,1757.8,Low,-80.2127487756,35.7933524917,Moderate
19184,4237,Stokes,11,44422.0,Northern,99.1,2146.85,Low,-80.2395157151,36.4019040049,Substantial
19180,7462,Rutherford,11,63870.0,Western,114.0,2009.9,Moderate,-81.9198334642,35.4025956291,High
19127,2211,Dare,11,37817.0,Coastal,96.3,1872.9,Substantial,-75.6852333134,35.664936694,High
19187,2394,Transylvania,11,32825.0,Western,87.2,978.5,Moderate,-82.7983001279,35.2021778635,High
19177,16999,Robeson,11,115899.0,Coastal,123.0,5137.4,Substantial,-79.1038649277,34.6402420514,High
19155,3174,Macon,11,37041.0,Western,71.8,2077.4,Moderate,-83.4221767088,35.1504672096,Moderate
19156,1602,Madison,11,21146.0,Western,47.1,1247.6,Low,-82.7057582627,35.8580358086,Substantial
19197,9974,Wilson,11,79078.0,Coastal,214.3,2386.9,Substantial,-77.9186629547,35.7051457145,Substantial
19164,19605,New Hanover,11,230423.0,Coastal,1174.0,2612.3,Moderate,-77.865597569,34.1815553357,Substantial
19183,7947,Stanly,11,62143.0,Central,158.2,2425.2,Moderate,-80.2509863077,35.3119550622,Substantial
19120,1491,Chowan,11,13646.0,Coastal,79.4,1402.6,Moderate,-76.6021303656,36.1265615389,Substantial
19142,12126,Harnett,11,134986.0,Eastern,224.5,2172.6,Moderate,-78.8694125204,35.3686291614,High
19181,8187,Sampson,11,58371.0,Coastal,62.4,2241.9,Moderate,-78.3713906105,34.9915361594,High
19111,10161,Burke,11,88398.0,Western,173.0,1836.1,Moderate,-81.7047784739,35.7496106399,Substantial
19179,17327,Rowan,11,148565.0,Northern,287.1,2292.8,Moderate,-80.5247717485,35.6394734632,Substantial
19194,5026,Watauga,11,54804.0,Northern,173.1,1191.8,Low,-81.6964250718,36.2311062795,Moderate
19167,8626,Orange,11,148331.0,Eastern,374.0,1991.9,Moderate,-79.120649356,36.0611182361,Moderate
19151,902,Jones,11,9076.0,Coastal,19.5,0.0,Moderate,-77.3551679748,35.0217248029,Moderate
19125,30559,Cumberland,11,341793.0,Eastern,512.9,3748.5,Substantial,-78.8275607671,35.048611942,High
19104,2255,Ashe,11,26506.0,Northern,62.3,1123.1,Moderate,-81.5005211955,36.434424701,Moderate
19100,19078,Alamance,11,175029.0,Northern,404.8,3065.6,Moderate,-79.3994248175,36.0437098766,Substantial
19138,6005,Granville,11,60720.0,Eastern,114.6,1466.3,Moderate,-78.6527194252,36.3040698262,Moderate
19168,1120,Pamlico,11,12215.0,Coastal,36.5,2321.5,Low,-76.6694598427,35.151021226,Substantial
19178,8117,Rockingham,11,90457.0,Northern,161.0,2130.4,Moderate,-79.7749871967,36.3960127906,Moderate
19124,9494,Craven,11,102568.0,Coastal,142.5,2112.3,Moderate,-77.082003837,35.117685821,Substantial
19136,749,Gates,11,10324.0,Coastal,30.8,750.9,Low,-76.7005266521,36.4449435708,Moderate
19157,2333,Martin,11,21503.0,Coastal,48.3,2717.4,Moderate,-77.109232267,35.843213981,High
19182,3923,Scotland,11,33662.0,Eastern,107.1,3528.0,Moderate,-79.4804292418,34.8408848102,High
19192,1819,Warren,11,18621.0,Eastern,43.4,2235.0,Moderate,-78.1067171324,36.3965102811,Moderate
19166,17997,Onslow,11,207928.0,Coastal,268.4,2191.23,Moderate,-77.4157658244,34.709836363,High
19185,8441,Surry,11,70573.0,Northern,134.0,1507.5,Moderate,-80.6880779273,36.4148205561,High
19132,5724,Edgecombe,11,48604.0,Coastal,96.7,2366.3,Moderate,-77.5970588882,35.912880671,Substantial
19123,6480,Columbus,11,49795.0,Coastal,54.0,2887.71,Moderate,-78.6550308717,34.2656450828,High
19144,10339,Henderson,11,117429.0,Western,311.8,2039.7,Moderate,-82.4799463782,35.3362263031,Substantial
19163,11745,Nash,11,96101.0,Coastal,175.7,1838.5,Moderate,-77.9864448378,35.9672502839,Moderate
19110,18151,Buncombe,11,271638.0,Western,410.4,3012.8,Moderate,-82.5301070587,35.611177887,Substantial
19154,10309,Lincoln,11,88742.0,Central,293.4,1745.2,Moderate,-81.2235326264,35.4855950234,Substantial
19102,1099,Alleghany,11,11057.0,Northern,46.4,697.2,Moderate,-81.1278593427,36.4912704378,Low
19149,3663,Jackson,11,41919.0,Western,87.8,1864.6,Low,-83.1408496187,35.2875866253,Moderate
19137,676,Graham,11,7935.0,Western,27.5,8085.4,High,-83.833581803,35.350171951,Substantial
19112,22467,Cabarrus,11,232873.0,Central,625.1,1374.8,Moderate,-80.5518508851,35.3867940405,Substantial
19130,6398,Duplin,11,48249.0,Coastal,59.8,2911.6,Moderate,-77.9330277459,34.9365348363,High
19186,1211,Swain,11,14046.0,Western,26.8,3517.8,Low,-83.4927393736,35.4868150519,Substantial
19165,1896,Northampton,11,16953.0,Eastern,32.6,2092.6,Low,-77.3968212099,36.4177312434,Substantial
19118,4769,Chatham,11,77095.0,Eastern,111.9,1456.0,Moderate,-79.2552758614,35.7025721296,Substantial
19190,4999,Vance,11,41665.0,Eastern,168.7,3584.5,Low,-78.4079288849,36.3649169333,Moderate
19198,4142,Yadkin,11,36925.0,Northern,111.1,1820.8,Moderate,-80.6652439331,36.1605336919,Substantial
19173,20613,Pitt,11,173536.0,Coastal,261.0,2238.9,Substantial,-77.3744965519,35.5932989746,High
19121,906,Clay,11,11238.0,Western,51.6,2288.34,Low,-83.7501767115,35.0571811284,Substantial
19140,48800,Guilford,11,545484.0,Northern,838.0,3371.1,Moderate,-79.7889042685,36.0794717315,Substantial
19141,5701,Halifax,11,47859.0,Coastal,67.2,2754.7,Moderate,-77.6517329831,36.2574485453,Substantial
19101,4462,Alexander,11,36172.0,Northern,140.2,1440.7,Moderate,-81.1770268506,35.9210263138,High
19169,3461,Pasquotank,11,40966.0,Coastal,178.8,2078.8,Moderate,-76.2492413613,36.2650187228,Moderate
19129,4198,Davie,11,43127.0,Northern,162.0,1665.25,Moderate,-80.5444636482,35.929110866,Substantial
19116,2205,Caswell,11,22400.0,Eastern,53.5,317.5,Moderate,-79.3335234769,36.3932742158,Substantial
19160,1477,Mitchell,11,14783.0,Western,67.4,458.42,Error,-82.1635815487,36.0132038869,Moderate
19103,2644,Anson,11,22028.0,Central,41.5,2802.1,Moderate,-80.102712026,34.9737894417,Substantial
19113,9534,Caldwell,11,81319.0,Northern,170.9,2504.8,Moderate,-81.5464366451,35.9530379334,Substantial
19114,696,Camden,11,10537.0,Coastal,43.1,793.0,Low,-76.1609504039,36.3411216216,Moderate
19159,115088,Mecklenburg,11,1128426.0,Central,2130.4,3736.1,Moderate,-80.8327311406,35.2467670437,High
19134,7044,Franklin,11,70655.0,Eastern,139.4,1314.6,Error,-78.2856965824,36.0827733527,Substantial
19161,3390,Montgomery,11,25485.0,Eastern,52.4,2480.1,Moderate,-79.9054790812,35.332466935,Substantial
19106,4806,Beaufort,11,44150.0,Coastal,53.6,2157.95,Moderate,-76.8453144055,35.486983815,Substantial
19195,11559,Wayne,11,115895.0,Coastal,211.8,2813.0,Substantial,-78.0039971272,35.3639599672,Substantial
19172,3532,Person,11,39048.0,Eastern,99.7,1862.8,Moderate,-78.9718051426,36.3900951244,Substantial
19174,1505,Polk,11,19461.0,Western,81.3,1596.5,Moderate,-82.1696779265,35.2792789622,Substantial
19191,90755,Wake,11,1154170.0,Eastern,1353.3,1846.0,Moderate,-78.6503081729,35.7902443741,Moderate
19153,6285,Lenoir,11,54323.0,Coastal,138.1,3246.04,Moderate,-77.6412486292,35.2387731611,Moderate
19170,5579,Pender,11,62250.0,Coastal,69.1,1461.9,Moderate,-77.8884355846,34.5150997489,High
19175,15389,Randolph,11,143325.0,Northern,184.3,1615.5,Moderate,-79.8060069064,35.7103417044,Substantial
19147,670,Hyde,11,4595.0,Coastal,7.5,0.0,Error,-76.1449651093,35.4081187361,Low
19196,6961,Wilkes,11,65151.0,Northern,87.5,1887.3,Moderate,-81.1633856618,36.2062757623,Substantial
19126,1585,Currituck,11,29385.0,Coastal,107.3,1344.3,Moderate,-75.936949201,36.3672994836,Moderate
19176,4857,Richmond,11,43006.0,Eastern,90.7,5508.4,Substantial,-79.7477780226,35.0060483545,High
19188,326,Tyrrell,11,3315.0,Coastal,8.3,957.2,Low,-76.1704523585,35.8694070017,Low
19199,1638,Yancey,11,18320.0,Western,59.1,557.0,Error,-82.3076279784,35.8989479924,Moderate
19148,19353,Iredell,11,192986.0,Northern,325.0,1866.4,Moderate,-80.8734378255,35.8070259189,Substantial
19146,4941,Hoke,11,53783.0,Eastern,133.5,2028.14,Substantial,-79.237290715,35.0175290075,High
19171,1033,Perquimans,11,13049.0,Coastal,52.6,684.8,Error,-76.4076199893,36.1772228503,High
19122,11762,Cleveland,11,99332.0,Western,214.4,2001.7,Moderate,-81.5555471412,35.3341018022,High
19133,37083,Forsyth,11,387703.0,Northern,938.1,4129.5,Moderate,-80.256300016,36.1306195485,Substantial
19152,6180,Lee,11,64360.0,Eastern,248.1,1631.1,Moderate,-79.1714836119,35.4751864248,High
19189,25033,Union,11,244960.0,Central,376.6,1582.3,Moderate,-80.5307400446,34.9883574887,Substantial
19105,2166,Avery,11,17347.0,Western,72.0,1003.4,Moderate,-81.9226013745,36.0766050343,Substantial
19115,5261,Carteret,11,69039.0,Coastal,133.3,1912.1,Low,-76.5357430669,34.8612598084,Moderate
19274,1507,Polk,12,19461.0,Western,81.3,1596.5,Moderate,-82.1696779265,35.2792789622,Substantial
19239,2435,Greene,12,19978.0,Coastal,76.7,1640.3,Substantial,-77.6757626742,35.4849957203,High
19295,11604,Wayne,12,115895.0,Coastal,211.8,2813.0,Substantial,-78.0039971272,35.3639599672,High
19236,750,Gates,12,10324.0,Coastal,30.8,750.9,Low,-76.7005266521,36.4449435708,Moderate
19244,10347,Henderson,12,117429.0,Western,311.8,2039.7,Moderate,-82.4799463782,35.3362263031,High
19220,1500,Chowan,12,13646.0,Coastal,79.4,1402.6,Substantial,-76.6021303656,36.1265615389,Substantial
19234,7045,Franklin,12,70655.0,Eastern,139.4,1314.6,Error,-78.2856965824,36.0827733527,High
19214,696,Camden,12,10537.0,Coastal,43.1,793.0,Low,-76.1609504039,36.3411216216,Substantial
19219,2656,Cherokee,12,28738.0,Western,63.2,3613.3,Substantial,-84.063444228,35.1338574515,Substantial
19225,30716,Cumberland,12,341793.0,Eastern,512.9,3748.5,High,-78.8275607671,35.048611942,High
19222,11787,Cleveland,12,99332.0,Western,214.4,2001.7,Substantial,-81.5555471412,35.3341018022,High
19267,8638,Orange,12,148331.0,Eastern,374.0,1991.9,Moderate,-79.120649356,36.0611182361,Moderate
19286,1212,Swain,12,14046.0,Western,26.8,3517.8,Moderate,-83.4927393736,35.4868150519,Substantial
19215,5266,Carteret,12,69039.0,Coastal,133.3,1912.1,Low,-76.5357430669,34.8612598084,Moderate
19283,7957,Stanly,12,62143.0,Central,158.2,2425.2,Moderate,-80.2509863077,35.3119550622,High
19211,10173,Burke,12,88398.0,Western,173.0,1836.1,Moderate,-81.7047784739,35.7496106399,High
19279,17362,Rowan,12,148565.0,Northern,287.1,2292.8,Substantial,-80.5247717485,35.6394734632,High
19205,2166,Avery,12,17347.0,Western,72.0,1003.4,Moderate,-81.9226013745,36.0766050343,Substantial
19298,4148,Yadkin,12,36925.0,Northern,111.1,1820.8,Moderate,-80.6652439331,36.1605336919,High
19296,6970,Wilkes,12,65151.0,Northern,87.5,1887.3,Moderate,-81.1633856618,36.2062757623,High
19209,9436,Brunswick,12,144821.0,Coastal,160.8,1537.1,Substantial,-78.2274071617,34.0388755841,High
19237,680,Graham,12,7935.0,Western,27.5,8085.4,High,-83.833581803,35.350171951,High
19229,4206,Davie,12,43127.0,Northern,162.0,1665.25,Substantial,-80.5444636482,35.929110866,Substantial
19216,2208,Caswell,12,22400.0,Eastern,53.5,317.5,Moderate,-79.3335234769,36.3932742158,High
19270,5587,Pender,12,62250.0,Coastal,69.1,1461.9,Substantial,-77.8884355846,34.5150997489,High
19221,909,Clay,12,11238.0,Western,51.6,2288.34,Moderate,-83.7501767115,35.0571811284,Substantial
19260,1477,Mitchell,12,14783.0,Western,67.4,458.42,Error,-82.1635815487,36.0132038869,Moderate
19294,5027,Watauga,12,54804.0,Northern,173.1,1191.8,Low,-81.6964250718,36.2311062795,Moderate
19282,3932,Scotland,12,33662.0,Eastern,107.1,3528.0,Substantial,-79.4804292418,34.8408848102,High
19289,25088,Union,12,244960.0,Central,376.6,1582.3,Substantial,-80.5307400446,34.9883574887,High
19224,9501,Craven,12,102568.0,Coastal,142.5,2112.3,Moderate,-77.082003837,35.117685821,Substantial
19243,4511,Haywood,12,62831.0,Western,112.2,3591.8,Moderate,-82.9821729698,35.5560557128,Substantial
19271,1034,Perquimans,12,13049.0,Coastal,52.6,684.8,Error,-76.4076199893,36.1772228503,High
19248,19385,Iredell,12,192986.0,Northern,325.0,1866.4,Substantial,-80.8734378255,35.8070259189,Substantial
19285,8455,Surry,12,70573.0,Northern,134.0,1507.5,Substantial,-80.6880779273,36.4148205561,High
19226,1589,Currituck,12,29385.0,Coastal,107.3,1344.3,Moderate,-75.936949201,36.3672994836,Substantial
19238,6010,Granville,12,60720.0,Eastern,114.6,1466.3,Moderate,-78.6527194252,36.3040698262,Substantial
19247,670,Hyde,12,4595.0,Coastal,7.5,0.0,Error,-76.1449651093,35.4081187361,Substantial
19254,10334,Lincoln,12,88742.0,Central,293.4,1745.2,Substantial,-81.2235326264,35.4855950234,High
19265,1900,Northampton,12,16953.0,Eastern,32.6,2092.6,Moderate,-77.3968212099,36.4177312434,Substantial
19280,7474,Rutherford,12,63870.0,Western,114.0,2009.9,Moderate,-81.9198334642,35.4025956291,High
19204,2258,Ashe,12,26506.0,Northern,62.3,1123.1,Moderate,-81.5005211955,36.434424701,High
19266,18031,Onslow,12,207928.0,Coastal,268.4,2191.23,Substantial,-77.4157658244,34.709836363,High
19256,1611,Madison,12,21146.0,Western,47.1,1247.6,Moderate,-82.7057582627,35.8580358086,Substantial
19218,4789,Chatham,12,77095.0,Eastern,111.9,1456.0,Moderate,-79.2552758614,35.7025721296,Substantial
19231,26147,Durham,12,331347.0,Eastern,1133.7,3966.0,Moderate,-78.8765926949,36.0360299243,Substantial
19297,9980,Wilson,12,79078.0,Coastal,214.3,2386.9,Substantial,-77.9186629547,35.7051457145,Substantial
19251,903,Jones,12,9076.0,Coastal,19.5,0.0,Moderate,-77.3551679748,35.0217248029,Moderate
19273,20655,Pitt,12,173536.0,Coastal,261.0,2238.9,Substantial,-77.3744965519,35.5932989746,High
19240,48859,Guilford,12,545484.0,Northern,838.0,3371.1,Moderate,-79.7889042685,36.0794717315,Substantial
19278,8150,Rockingham,12,90457.0,Northern,161.0,2130.4,Substantial,-79.7749871967,36.3960127906,Substantial
19293,1142,Washington,12,10708.0,Coastal,31.8,1746.8,Moderate,-76.5693098876,35.8392646425,Moderate
19206,4810,Beaufort,12,44150.0,Coastal,53.6,2157.95,Moderate,-76.8453144055,35.486983815,Substantial
19208,3547,Bladen,12,29171.0,Coastal,33.8,2578.5,High,-78.5636493115,34.6145873342,High
19281,8194,Sampson,12,58371.0,Coastal,62.4,2241.9,Substantial,-78.3713906105,34.9915361594,High
19210,18186,Buncombe,12,271638.0,Western,410.4,3012.8,Moderate,-82.5301070587,35.611177887,Substantial
19252,6193,Lee,12,64360.0,Eastern,248.1,1631.1,Substantial,-79.1714836119,35.4751864248,High
19250,22516,Johnston,12,224833.0,Coastal,272.7,1547.3,High,-78.3657109025,35.5178069265,High
19275,15400,Randolph,12,143325.0,Northern,184.3,1615.5,Moderate,-79.8060069064,35.7103417044,Substantial
19242,12159,Harnett,12,134986.0,Eastern,224.5,2172.6,Substantial,-78.8694125204,35.3686291614,High
19291,90755,Wake,12,1154170.0,Eastern,1353.3,1846.0,Moderate,-78.6503081729,35.7902443741,Substantial
19223,6490,Columbus,12,49795.0,Coastal,54.0,2887.71,Substantial,-78.6550308717,34.2656450828,High
19233,37113,Forsyth,12,387703.0,Northern,938.1,4129.5,Moderate,-80.256300016,36.1306195485,Substantial
19288,327,Tyrrell,12,3315.0,Coastal,8.3,957.2,Moderate,-76.1704523585,35.8694070017,Substantial
19263,11752,Nash,12,96101.0,Coastal,175.7,1838.5,Moderate,-77.9864448378,35.9672502839,Moderate
19245,2119,Hertford,12,20374.0,Coastal,61.0,2281.6,Low,-76.9807147831,36.3586360305,Moderate
19241,5705,Halifax,12,47859.0,Coastal,67.2,2754.7,Moderate,-77.6517329831,36.2574485453,High
19201,4469,Alexander,12,36172.0,Northern,140.2,1440.7,Moderate,-81.1770268506,35.9210263138,Substantial
19262,9101,Moore,12,102966.0,Eastern,142.9,1617.3,Moderate,-79.4813744392,35.3106538555,High
19269,3461,Pasquotank,12,40966.0,Coastal,178.8,2078.8,Moderate,-76.2492413613,36.2650187228,Low
19203,2648,Anson,12,22028.0,Central,41.5,2802.1,Moderate,-80.102712026,34.9737894417,Moderate
19249,3661,Jackson,12,41919.0,Western,87.8,1864.6,Low,-83.1408496187,35.2875866253,Substantial
19253,6294,Lenoir,12,54323.0,Coastal,138.1,3246.04,Moderate,-77.6412486292,35.2387731611,Substantial
19284,4248,Stokes,12,44422.0,Northern,99.1,2146.85,Moderate,-80.2395157151,36.4019040049,Substantial
19261,3393,Montgomery,12,25485.0,Eastern,52.4,2480.1,Moderate,-79.9054790812,35.332466935,Substantial
19212,22532,Cabarrus,12,232873.0,Central,625.1,1374.8,Substantial,-80.5518508851,35.3867940405,High
19207,1798,Bertie,12,17302.0,Coastal,25.7,1594.6,Moderate,-76.9667121404,36.0656302022,Moderate
19227,2228,Dare,12,37817.0,Coastal,96.3,1872.9,Substantial,-75.6852333134,35.664936694,High
19259,115309,Mecklenburg,12,1128426.0,Central,2130.4,3736.1,Substantial,-80.8327311406,35.2467670437,High
19230,6418,Duplin,12,48249.0,Coastal,59.8,2911.6,Substantial,-77.9330277459,34.9365348363,High
19255,3177,Macon,12,37041.0,Western,71.8,2077.4,Moderate,-83.4221767088,35.1504672096,Moderate
19213,9532,Caldwell,12,81319.0,Northern,170.9,2504.8,Moderate,-81.5464366451,35.9530379334,Substantial
19217,19897,Catawba,12,162841.0,Northern,400.2,2802.5,Moderate,-81.2150705598,35.662042354,High
19200,19106,Alamance,12,175029.0,Northern,404.8,3065.6,Moderate,-79.3994248175,36.0437098766,Substantial
19272,3543,Person,12,39048.0,Eastern,99.7,1862.8,Substantial,-78.9718051426,36.3900951244,Substantial
19235,27265,Gaston,12,233387.0,Central,640.7,2912.4,Moderate,-81.1802416273,35.2943489527,Substantial
19287,2397,Transylvania,12,32825.0,Western,87.2,978.5,Moderate,-82.7983001279,35.2021778635,High
19202,1099,Alleghany,12,11057.0,Northern,46.4,697.2,Moderate,-81.1278593427,36.4912704378,Low
19228,17062,Davidson,12,171752.0,Northern,305.4,1757.8,Moderate,-80.2127487756,35.7933524917,Substantial
19290,5001,Vance,12,41665.0,Eastern,168.7,3584.5,Moderate,-78.4079288849,36.3649169333,Moderate
19268,1120,Pamlico,12,12215.0,Coastal,36.5,2321.5,Low,-76.6694598427,35.151021226,Substantial
19258,5309,McDowell,12,44151.0,Western,101.3,2610.9,Moderate,-82.0493124426,35.6816924709,Substantial
19246,4956,Hoke,12,53783.0,Eastern,133.5,2028.14,Substantial,-79.237290715,35.0175290075,High
19277,17070,Robeson,12,115899.0,Coastal,123.0,5137.4,High,-79.1038649277,34.6402420514,High
19257,2338,Martin,12,21503.0,Coastal,48.3,2717.4,Moderate,-77.109232267,35.843213981,High
19232,5727,Edgecombe,12,48604.0,Coastal,96.7,2366.3,Moderate,-77.5970588882,35.912880671,High
19264,19635,New Hanover,12,230423.0,Coastal,1174.0,2612.3,Moderate,-77.865597569,34.1815553357,Substantial
19276,4892,Richmond,12,43006.0,Eastern,90.7,5508.4,High,-79.7477780226,35.0060483545,High
19299,1638,Yancey,12,18320.0,Western,59.1,557.0,Error,-82.3076279784,35.8989479924,High
19292,1820,Warren,12,18621.0,Eastern,43.4,2235.0,Moderate,-78.1067171324,36.3965102811,Moderate
19310,18192,Buncombe,13,271638.0,Western,410.4,3012.8,Moderate,-82.5301070587,35.611177887,Substantial
19307,1798,Bertie,13,17302.0,Coastal,25.7,1594.6,Moderate,-76.9667121404,36.0656302022,Moderate
19338,6011,Granville,13,60720.0,Eastern,114.6,1466.3,Moderate,-78.6527194252,36.3040698262,Substantial
19381,8201,Sampson,13,58371.0,Coastal,62.4,2241.9,Moderate,-78.3713906105,34.9915361594,High
19326,1589,Currituck,13,29385.0,Coastal,107.3,1344.3,Moderate,-75.936949201,36.3672994836,Substantial
19345,2119,Hertford,13,20374.0,Coastal,61.0,2281.6,Low,-76.9807147831,36.3586360305,Moderate
19308,3546,Bladen,13,29171.0,Coastal,33.8,2578.5,Substantial,-78.5636493115,34.6145873342,High
19359,115389,Mecklenburg,13,1128426.0,Central,2130.4,3736.1,Moderate,-80.8327311406,35.2467670437,High
19306,4810,Beaufort,13,44150.0,Coastal,53.6,2157.95,Moderate,-76.8453144055,35.486983815,Substantial
19300,19108,Alamance,13,175029.0,Northern,404.8,3065.6,Moderate,-79.3994248175,36.0437098766,Substantial
19354,10340,Lincoln,13,88742.0,Central,293.4,1745.2,Moderate,-81.2235326264,35.4855950234,High
19350,22541,Johnston,13,224833.0,Coastal,272.7,1547.3,Substantial,-78.3657109025,35.5178069265,High
19317,19904,Catawba,13,162841.0,Northern,400.2,2802.5,Moderate,-81.2150705598,35.662042354,High
19347,670,Hyde,13,4595.0,Coastal,7.5,0.0,Error,-76.1449651093,35.4081187361,Substantial
19302,1103,Alleghany,13,11057.0,Northern,46.4,697.2,Moderate,-81.1278593427,36.4912704378,Low
19362,9107,Moore,13,102966.0,Eastern,142.9,1617.3,Moderate,-79.4813744392,35.3106538555,High
19358,5311,McDowell,13,44151.0,Western,101.3,2610.9,Moderate,-82.0493124426,35.6816924709,High
19336,750,Gates,13,10324.0,Coastal,30.8,750.9,Low,-76.7005266521,36.4449435708,Moderate
19335,27278,Gaston,13,233387.0,Central,640.7,2912.4,Moderate,-81.1802416273,35.2943489527,High
19387,2399,Transylvania,13,32825.0,Western,87.2,978.5,Moderate,-82.7983001279,35.2021778635,High
19348,19394,Iredell,13,192986.0,Northern,325.0,1866.4,Moderate,-80.8734378255,35.8070259189,Substantial
19371,1034,Perquimans,13,13049.0,Coastal,52.6,684.8,Low,-76.4076199893,36.1772228503,High
19321,909,Clay,13,11238.0,Western,51.6,2288.34,Moderate,-83.7501767115,35.0571811284,High
19352,6197,Lee,13,64360.0,Eastern,248.1,1631.1,Moderate,-79.1714836119,35.4751864248,High
19394,5028,Watauga,13,54804.0,Northern,173.1,1191.8,Low,-81.6964250718,36.2311062795,Moderate
19334,7046,Franklin,13,70655.0,Eastern,139.4,1314.6,Low,-78.2856965824,36.0827733527,High
19324,9503,Craven,13,102568.0,Coastal,142.5,2112.3,Moderate,-77.082003837,35.117685821,Substantial
19360,1477,Mitchell,13,14783.0,Western,67.4,458.42,Error,-82.1635815487,36.0132038869,Low
19391,90886,Wake,13,1154170.0,Eastern,1353.3,1846.0,Moderate,-78.6503081729,35.7902443741,High
19390,5002,Vance,13,41665.0,Eastern,168.7,3584.5,Low,-78.4079288849,36.3649169333,Substantial
19303,2648,Anson,13,22028.0,Central,41.5,2802.1,Moderate,-80.102712026,34.9737894417,Substantial
19343,4517,Haywood,13,62831.0,Western,112.2,3591.8,Moderate,-82.9821729698,35.5560557128,Substantial
19377,17082,Robeson,13,115899.0,Coastal,123.0,5137.4,High,-79.1038649277,34.6402420514,High
19382,3934,Scotland,13,33662.0,Eastern,107.1,3528.0,Substantial,-79.4804292418,34.8408848102,High
19365,1900,Northampton,13,16953.0,Eastern,32.6,2092.6,Moderate,-77.3968212099,36.4177312434,Substantial
19353,6296,Lenoir,13,54323.0,Coastal,138.1,3246.04,Moderate,-77.6412486292,35.2387731611,Substantial
19304,2260,Ashe,13,26506.0,Northern,62.3,1123.1,Moderate,-81.5005211955,36.434424701,High
19385,8460,Surry,13,70573.0,Northern,134.0,1507.5,Substantial,-80.6880779273,36.4148205561,High
19340,48875,Guilford,13,545484.0,Northern,838.0,3371.1,Moderate,-79.7889042685,36.0794717315,Substantial
19389,25104,Union,13,244960.0,Central,376.6,1582.3,Moderate,-80.5307400446,34.9883574887,High
19366,18040,Onslow,13,207928.0,Coastal,268.4,2191.23,Substantial,-77.4157658244,34.709836363,High
19375,15406,Randolph,13,143325.0,Northern,184.3,1615.5,Moderate,-79.8060069064,35.7103417044,Substantial
19397,9986,Wilson,13,79078.0,Coastal,214.3,2386.9,Moderate,-77.9186629547,35.7051457145,Substantial
19361,3394,Montgomery,13,25485.0,Eastern,52.4,2480.1,Moderate,-79.9054790812,35.332466935,Substantial
19314,696,Camden,13,10537.0,Coastal,43.1,793.0,Low,-76.1609504039,36.3411216216,Substantial
19333,37127,Forsyth,13,387703.0,Northern,938.1,4129.5,Moderate,-80.256300016,36.1306195485,Substantial
19393,1142,Washington,13,10708.0,Coastal,31.8,1746.8,Low,-76.5693098876,35.8392646425,Low
19323,6491,Columbus,13,49795.0,Coastal,54.0,2887.71,Substantial,-78.6550308717,34.2656450828,High
19327,2230,Dare,13,37817.0,Coastal,96.3,1872.9,Substantial,-75.6852333134,35.664936694,High
19367,8640,Orange,13,148331.0,Eastern,374.0,1991.9,Moderate,-79.120649356,36.0611182361,Moderate
19322,11801,Cleveland,13,99332.0,Western,214.4,2001.7,Substantial,-81.5555471412,35.3341018022,High
19319,2660,Cherokee,13,28738.0,Western,63.2,3613.3,Substantial,-84.063444228,35.1338574515,Substantial
19357,2339,Martin,13,21503.0,Coastal,48.3,2717.4,Moderate,-77.109232267,35.843213981,High
19386,1213,Swain,13,14046.0,Western,26.8,3517.8,Moderate,-83.4927393736,35.4868150519,High
19342,12169,Harnett,13,134986.0,Eastern,224.5,2172.6,Substantial,-78.8694125204,35.3686291614,High
19320,1505,Chowan,13,13646.0,Coastal,79.4,1402.6,Substantial,-76.6021303656,36.1265615389,Substantial
19305,2166,Avery,13,17347.0,Western,72.0,1003.4,Low,-81.9226013745,36.0766050343,Substantial
19332,5730,Edgecombe,13,48604.0,Coastal,96.7,2366.3,Moderate,-77.5970588882,35.912880671,High
19311,10177,Burke,13,88398.0,Western,173.0,1836.1,Moderate,-81.7047784739,35.7496106399,High
19383,7961,Stanly,13,62143.0,Central,158.2,2425.2,Moderate,-80.2509863077,35.3119550622,High
19379,17367,Rowan,13,148565.0,Northern,287.1,2292.8,Moderate,-80.5247717485,35.6394734632,High
19396,6975,Wilkes,13,65151.0,Northern,87.5,1887.3,Moderate,-81.1633856618,36.2062757623,High
19351,905,Jones,13,9076.0,Coastal,19.5,0.0,Moderate,-77.3551679748,35.0217248029,Substantial
19346,4957,Hoke,13,53783.0,Eastern,133.5,2028.14,Substantial,-79.237290715,35.0175290075,High
19325,30760,Cumberland,13,341793.0,Eastern,512.9,3748.5,Substantial,-78.8275607671,35.048611942,High
19309,9448,Brunswick,13,144821.0,Coastal,160.8,1537.1,Substantial,-78.2274071617,34.0388755841,High
19398,4150,Yadkin,13,36925.0,Northern,111.1,1820.8,Moderate,-80.6652439331,36.1605336919,High
19315,5274,Carteret,13,69039.0,Coastal,133.3,1912.1,Moderate,-76.5357430669,34.8612598084,Moderate
19392,1819,Warren,13,18621.0,Eastern,43.4,2235.0,Moderate,-78.1067171324,36.3965102811,Moderate
19378,8153,Rockingham,13,90457.0,Northern,161.0,2130.4,Substantial,-79.7749871967,36.3960127906,Substantial
19368,1120,Pamlico,13,12215.0,Coastal,36.5,2321.5,Moderate,-76.6694598427,35.151021226,Substantial
19363,11754,Nash,13,96101.0,Coastal,175.7,1838.5,Moderate,-77.9864448378,35.9672502839,Moderate
19355,3178,Macon,13,37041.0,Western,71.8,2077.4,Moderate,-83.4221767088,35.1504672096,Moderate
19328,17065,Davidson,13,171752.0,Northern,305.4,1757.8,Moderate,-80.2127487756,35.7933524917,High
19369,3463,Pasquotank,13,40966.0,Coastal,178.8,2078.8,Moderate,-76.2492413613,36.2650187228,Low
19373,20662,Pitt,13,173536.0,Coastal,261.0,2238.9,Substantial,-77.3744965519,35.5932989746,High
19395,11609,Wayne,13,115895.0,Coastal,211.8,2813.0,Substantial,-78.0039971272,35.3639599672,High
19341,5705,Halifax,13,47859.0,Coastal,67.2,2754.7,Moderate,-77.6517329831,36.2574485453,High
19388,327,Tyrrell,13,3315.0,Coastal,8.3,957.2,Moderate,-76.1704523585,35.8694070017,High
19316,2208,Caswell,13,22400.0,Eastern,53.5,317.5,Low,-79.3335234769,36.3932742158,Substantial
19318,4792,Chatham,13,77095.0,Eastern,111.9,1456.0,Moderate,-79.2552758614,35.7025721296,Substantial
19313,9535,Caldwell,13,81319.0,Northern,170.9,2504.8,Low,-81.5464366451,35.9530379334,Substantial
19331,26168,Durham,13,331347.0,Eastern,1133.7,3966.0,Substantial,-78.8765926949,36.0360299243,Substantial
19370,5590,Pender,13,62250.0,Coastal,69.1,1461.9,Moderate,-77.8884355846,34.5150997489,High
19356,1611,Madison,13,21146.0,Western,47.1,1247.6,Moderate,-82.7057582627,35.8580358086,Substantial
19330,6423,Duplin,13,48249.0,Coastal,59.8,2911.6,Substantial,-77.9330277459,34.9365348363,High
19372,3546,Person,13,39048.0,Eastern,99.7,1862.8,Substantial,-78.9718051426,36.3900951244,Substantial
19337,684,Graham,13,7935.0,Western,27.5,8085.4,High,-83.833581803,35.350171951,High
19364,19641,New Hanover,13,230423.0,Coastal,1174.0,2612.3,Moderate,-77.865597569,34.1815553357,Substantial
19344,10352,Henderson,13,117429.0,Western,311.8,2039.7,Moderate,-82.4799463782,35.3362263031,High
19301,4470,Alexander,13,36172.0,Northern,140.2,1440.7,Moderate,-81.1770268506,35.9210263138,High
19312,22551,Cabarrus,13,232873.0,Central,625.1,1374.8,Substantial,-80.5518508851,35.3867940405,High
19329,4209,Davie,13,43127.0,Northern,162.0,1665.25,Moderate,-80.5444636482,35.929110866,Substantial
19374,1508,Polk,13,19461.0,Western,81.3,1596.5,Moderate,-82.1696779265,35.2792789622,Substantial
19384,4249,Stokes,13,44422.0,Northern,99.1,2146.85,Moderate,-80.2395157151,36.4019040049,High
19399,1638,Yancey,13,18320.0,Western,59.1,557.0,Error,-82.3076279784,35.8989479924,High
19339,2434,Greene,13,19978.0,Coastal,76.7,1640.3,Moderate,-77.6757626742,35.4849957203,High
19376,4902,Richmond,13,43006.0,Eastern,90.7,5508.4,High,-79.7477780226,35.0060483545,High
19380,7481,Rutherford,13,63870.0,Western,114.0,2009.9,Moderate,-81.9198334642,35.4025956291,High
19349,3666,Jackson,13,41919.0,Western,87.8,1864.6,Low,-83.1408496187,35.2875866253,Substantial
19419,2665,Cherokee,14,28738.0,Western,63.2,3613.3,Substantial,-84.063444228,35.1338574515,High
19415,5298,Carteret,14,69039.0,Coastal,133.3,1912.1,Substantial,-76.5357430669,34.8612598084,Substantial
19471,1034,Perquimans,14,13049.0,Coastal,52.6,684.8,Low,-76.4076199893,36.1772228503,High
19461,3396,Montgomery,14,25485.0,Eastern,52.4,2480.1,Moderate,-79.9054790812,35.332466935,Substantial
19454,10361,Lincoln,14,88742.0,Central,293.4,1745.2,Substantial,-81.2235326264,35.4855950234,High
19409,9460,Brunswick,14,144821.0,Coastal,160.8,1537.1,Substantial,-78.2274071617,34.0388755841,High
19472,3550,Person,14,39048.0,Eastern,99.7,1862.8,Substantial,-78.9718051426,36.3900951244,Substantial
19483,7965,Stanly,14,62143.0,Central,158.2,2425.2,Moderate,-80.2509863077,35.3119550622,High
19482,3940,Scotland,14,33662.0,Eastern,107.1,3528.0,Substantial,-79.4804292418,34.8408848102,High
19431,26169,Durham,14,331347.0,Eastern,1133.7,3966.0,Moderate,-78.8765926949,36.0360299243,Substantial
19427,2242,Dare,14,37817.0,Coastal,96.3,1872.9,High,-75.6852333134,35.664936694,High
19455,3185,Macon,14,37041.0,Western,71.8,2077.4,Moderate,-83.4221767088,35.1504672096,Moderate
19476,4910,Richmond,14,43006.0,Eastern,90.7,5508.4,High,-79.7477780226,35.0060483545,High
19426,1591,Currituck,14,29385.0,Coastal,107.3,1344.3,Moderate,-75.936949201,36.3672994836,Substantial
19479,17388,Rowan,14,148565.0,Northern,287.1,2292.8,Substantial,-80.5247717485,35.6394734632,High
19420,1510,Chowan,14,13646.0,Coastal,79.4,1402.6,High,-76.6021303656,36.1265615389,High
19425,30829,Cumberland,14,341793.0,Eastern,512.9,3748.5,High,-78.8275607671,35.048611942,High
19478,8157,Rockingham,14,90457.0,Northern,161.0,2130.4,Substantial,-79.7749871967,36.3960127906,Substantial
19475,15413,Randolph,14,143325.0,Northern,184.3,1615.5,Moderate,-79.8060069064,35.7103417044,Substantial
19446,4966,Hoke,14,53783.0,Eastern,133.5,2028.14,Substantial,-79.237290715,35.0175290075,High
19451,906,Jones,14,9076.0,Coastal,19.5,0.0,Substantial,-77.3551679748,35.0217248029,High
19457,2339,Martin,14,21503.0,Coastal,48.3,2717.4,Moderate,-77.109232267,35.843213981,High
19423,6496,Columbus,14,49795.0,Coastal,54.0,2887.71,Moderate,-78.6550308717,34.2656450828,High
19468,1120,Pamlico,14,12215.0,Coastal,36.5,2321.5,Low,-76.6694598427,35.151021226,Substantial
19499,1641,Yancey,14,18320.0,Western,59.1,557.0,Low,-82.3076279784,35.8989479924,High
19413,9540,Caldwell,14,81319.0,Northern,170.9,2504.8,Moderate,-81.5464366451,35.9530379334,High
19412,22573,Cabarrus,14,232873.0,Central,625.1,1374.8,Substantial,-80.5518508851,35.3867940405,High
19430,6438,Duplin,14,48249.0,Coastal,59.8,2911.6,Substantial,-77.9330277459,34.9365348363,High
19417,19931,Catawba,14,162841.0,Northern,400.2,2802.5,Moderate,-81.2150705598,35.662042354,High
19400,19124,Alamance,14,175029.0,Northern,404.8,3065.6,Moderate,-79.3994248175,36.0437098766,Substantial
19459,115501,Mecklenburg,14,1128426.0,Central,2130.4,3736.1,Moderate,-80.8327311406,35.2467670437,High
19462,9113,Moore,14,102966.0,Eastern,142.9,1617.3,Moderate,-79.4813744392,35.3106538555,High
19435,27291,Gaston,14,233387.0,Central,640.7,2912.4,Moderate,-81.1802416273,35.2943489527,High
19445,2119,Hertford,14,20374.0,Coastal,61.0,2281.6,Low,-76.9807147831,36.3586360305,Low
19477,17118,Robeson,14,115899.0,Coastal,123.0,5137.4,High,-79.1038649277,34.6402420514,High
19458,5313,McDowell,14,44151.0,Western,101.3,2610.9,Moderate,-82.0493124426,35.6816924709,High
19453,6297,Lenoir,14,54323.0,Coastal,138.1,3246.04,Moderate,-77.6412486292,35.2387731611,Substantial
19411,10184,Burke,14,88398.0,Western,173.0,1836.1,Moderate,-81.7047784739,35.7496106399,High
19469,3464,Pasquotank,14,40966.0,Coastal,178.8,2078.8,Moderate,-76.2492413613,36.2650187228,Moderate
19449,3669,Jackson,14,41919.0,Western,87.8,1864.6,Moderate,-83.1408496187,35.2875866253,Substantial
19467,8644,Orange,14,148331.0,Eastern,374.0,1991.9,Moderate,-79.120649356,36.0611182361,Moderate
19421,910,Clay,14,11238.0,Western,51.6,2288.34,Moderate,-83.7501767115,35.0571811284,High
19465,1900,Northampton,14,16953.0,Eastern,32.6,2092.6,Moderate,-77.3968212099,36.4177312434,High
19424,9511,Craven,14,102568.0,Coastal,142.5,2112.3,Moderate,-77.082003837,35.117685821,Substantial
19448,19415,Iredell,14,192986.0,Northern,325.0,1866.4,Moderate,-80.8734378255,35.8070259189,High
19452,6198,Lee,14,64360.0,Eastern,248.1,1631.1,Moderate,-79.1714836119,35.4751864248,High
19460,1477,Mitchell,14,14783.0,Western,67.4,458.42,Error,-82.1635815487,36.0132038869,Low
19443,4519,Haywood,14,62831.0,Western,112.2,3591.8,Moderate,-82.9821729698,35.5560557128,High
19410,18217,Buncombe,14,271638.0,Western,410.4,3012.8,Moderate,-82.5301070587,35.611177887,Substantial
19481,8211,Sampson,14,58371.0,Coastal,62.4,2241.9,Moderate,-78.3713906105,34.9915361594,High
19466,18077,Onslow,14,207928.0,Coastal,268.4,2191.23,Substantial,-77.4157658244,34.709836363,High
19450,22561,Johnston,14,224833.0,Coastal,272.7,1547.3,Substantial,-78.3657109025,35.5178069265,High
19447,670,Hyde,14,4595.0,Coastal,7.5,0.0,Error,-76.1449651093,35.4081187361,Substantial
19463,11757,Nash,14,96101.0,Coastal,175.7,1838.5,Moderate,-77.9864448378,35.9672502839,Moderate
19473,20687,Pitt,14,173536.0,Coastal,261.0,2238.9,Substantial,-77.3744965519,35.5932989746,High
19416,2208,Caswell,14,22400.0,Eastern,53.5,317.5,Low,-79.3335234769,36.3932742158,Substantial
19470,5597,Pender,14,62250.0,Coastal,69.1,1461.9,Moderate,-77.8884355846,34.5150997489,High
19480,7489,Rutherford,14,63870.0,Western,114.0,2009.9,Moderate,-81.9198334642,35.4025956291,High
19429,4215,Davie,14,43127.0,Northern,162.0,1665.25,Substantial,-80.5444636482,35.929110866,High
19474,1508,Polk,14,19461.0,Western,81.3,1596.5,Moderate,-82.1696779265,35.2792789622,Substantial
19444,10365,Henderson,14,117429.0,Western,311.8,2039.7,Moderate,-82.4799463782,35.3362263031,High
19456,1613,Madison,14,21146.0,Western,47.1,1247.6,Moderate,-82.7057582627,35.8580358086,Substantial
19414,696,Camden,14,10537.0,Coastal,43.1,793.0,Low,-76.1609504039,36.3411216216,Moderate
19428,17071,Davidson,14,171752.0,Northern,305.4,1757.8,Moderate,-80.2127487756,35.7933524917,High
19422,11814,Cleveland,14,99332.0,Western,214.4,2001.7,Substantial,-81.5555471412,35.3341018022,High
19418,4795,Chatham,14,77095.0,Eastern,111.9,1456.0,Moderate,-79.2552758614,35.7025721296,Substantial
19464,19659,New Hanover,14,230423.0,Coastal,1174.0,2612.3,Moderate,-77.865597569,34.1815553357,Substantial
19436,750,Gates,14,10324.0,Coastal,30.8,750.9,Low,-76.7005266521,36.4449435708,Substantial
19492,1819,Warren,14,18621.0,Eastern,43.4,2235.0,Low,-78.1067171324,36.3965102811,Substantial
19437,685,Graham,14,7935.0,Western,27.5,8085.4,High,-83.833581803,35.350171951,High
19484,4257,Stokes,14,44422.0,Northern,99.1,2146.85,Substantial,-80.2395157151,36.4019040049,High
19497,9989,Wilson,14,79078.0,Coastal,214.3,2386.9,Moderate,-77.9186629547,35.7051457145,Substantial
19433,37146,Forsyth,14,387703.0,Northern,938.1,4129.5,Moderate,-80.256300016,36.1306195485,High
19405,2167,Avery,14,17347.0,Western,72.0,1003.4,Moderate,-81.9226013745,36.0766050343,Substantial
19407,1798,Bertie,14,17302.0,Coastal,25.7,1594.6,Low,-76.9667121404,36.0656302022,Moderate
19487,2398,Transylvania,14,32825.0,Western,87.2,978.5,Moderate,-82.7983001279,35.2021778635,High
19404,2261,Ashe,14,26506.0,Northern,62.3,1123.1,Moderate,-81.5005211955,36.434424701,High
19498,4153,Yadkin,14,36925.0,Northern,111.1,1820.8,Moderate,-80.6652439331,36.1605336919,High
19491,90948,Wake,14,1154170.0,Eastern,1353.3,1846.0,Moderate,-78.6503081729,35.7902443741,High
19488,327,Tyrrell,14,3315.0,Coastal,8.3,957.2,Moderate,-76.1704523585,35.8694070017,High
19434,7051,Franklin,14,70655.0,Eastern,139.4,1314.6,Low,-78.2856965824,36.0827733527,High
19495,11617,Wayne,14,115895.0,Coastal,211.8,2813.0,Substantial,-78.0039971272,35.3639599672,High
19485,8468,Surry,14,70573.0,Northern,134.0,1507.5,Substantial,-80.6880779273,36.4148205561,High
19442,12188,Harnett,14,134986.0,Eastern,224.5,2172.6,Substantial,-78.8694125204,35.3686291614,High
19439,2433,Greene,14,19978.0,Coastal,76.7,1640.3,Moderate,-77.6757626742,35.4849957203,High
19440,48908,Guilford,14,545484.0,Northern,838.0,3371.1,Moderate,-79.7889042685,36.0794717315,Substantial
19490,5003,Vance,14,41665.0,Eastern,168.7,3584.5,Low,-78.4079288849,36.3649169333,Substantial
19406,4813,Beaufort,14,44150.0,Coastal,53.6,2157.95,Moderate,-76.8453144055,35.486983815,Substantial
19489,25135,Union,14,244960.0,Central,376.6,1582.3,Substantial,-80.5307400446,34.9883574887,High
19496,6982,Wilkes,14,65151.0,Northern,87.5,1887.3,Moderate,-81.1633856618,36.2062757623,High
19402,1103,Alleghany,14,11057.0,Northern,46.4,697.2,Moderate,-81.1278593427,36.4912704378,Low
19401,4474,Alexander,14,36172.0,Northern,140.2,1440.7,Moderate,-81.1770268506,35.9210263138,High
19403,2652,Anson,14,22028.0,Central,41.5,2802.1,Substantial,-80.102712026,34.9737894417,Substantial
19486,1213,Swain,14,14046.0,Western,26.8,3517.8,Moderate,-83.4927393736,35.4868150519,High
19408,3552,Bladen,14,29171.0,Coastal,33.8,2578.5,Substantial,-78.5636493115,34.6145873342,High
19494,5028,Watauga,14,54804.0,Northern,173.1,1191.8,Low,-81.6964250718,36.2311062795,Moderate
19438,6014,Granville,14,60720.0,Eastern,114.6,1466.3,Moderate,-78.6527194252,36.3040698262,Substantial
19432,5735,Edgecombe,14,48604.0,Coastal,96.7,2366.3,Moderate,-77.5970588882,35.912880671,Substantial
19441,5708,Halifax,14,47859.0,Coastal,67.2,2754.7,Moderate,-77.6517329831,36.2574485453,High
19493,1143,Washington,14,10708.0,Coastal,31.8,1746.8,Low,-76.5693098876,35.8392646425,Moderate
19574,1513,Polk,15,19461.0,Western,81.3,1596.5,Substantial,-82.1696779265,35.2792789622,Substantial
19580,7492,Rutherford,15,63870.0,Western,114.0,2009.9,Moderate,-81.9198334642,35.4025956291,High
19586,1213,Swain,15,14046.0,Western,26.8,3517.8,Moderate,-83.4927393736,35.4868150519,High
19511,10183,Burke,15,88398.0,Western,173.0,1836.1,Moderate,-81.7047784739,35.7496106399,High
19520,1512,Chowan,15,13646.0,Coastal,79.4,1402.6,High,-76.6021303656,36.1265615389,High
19581,8216,Sampson,15,58371.0,Coastal,62.4,2241.9,Moderate,-78.3713906105,34.9915361594,High
19582,3947,Scotland,15,33662.0,Eastern,107.1,3528.0,Substantial,-79.4804292418,34.8408848102,High
19585,8478,Surry,15,70573.0,Northern,134.0,1507.5,Substantial,-80.6880779273,36.4148205561,High
19538,6016,Granville,15,60720.0,Eastern,114.6,1466.3,Moderate,-78.6527194252,36.3040698262,Substantial
19596,6986,Wilkes,15,65151.0,Northern,87.5,1887.3,Moderate,-81.1633856618,36.2062757623,High
19559,115621,Mecklenburg,15,1128426.0,Central,2130.4,3736.1,Substantial,-80.8327311406,35.2467670437,High
19575,15425,Randolph,15,143325.0,Northern,184.3,1615.5,Moderate,-79.8060069064,35.7103417044,High
19593,1143,Washington,15,10708.0,Coastal,31.8,1746.8,Low,-76.5693098876,35.8392646425,Moderate
19550,22594,Johnston,15,224833.0,Coastal,272.7,1547.3,Substantial,-78.3657109025,35.5178069265,High
19540,48944,Guilford,15,545484.0,Northern,838.0,3371.1,Moderate,-79.7889042685,36.0794717315,Substantial
19522,11826,Cleveland,15,99332.0,Western,214.4,2001.7,Substantial,-81.5555471412,35.3341018022,High
19560,1477,Mitchell,15,14783.0,Western,67.4,458.42,Error,-82.1635815487,36.0132038869,Moderate
19531,26212,Durham,15,331347.0,Eastern,1133.7,3966.0,Moderate,-78.8765926949,36.0360299243,Substantial
19534,7051,Franklin,15,70655.0,Eastern,139.4,1314.6,Low,-78.2856965824,36.0827733527,High
19554,10372,Lincoln,15,88742.0,Central,293.4,1745.2,Substantial,-81.2235326264,35.4855950234,High
19589,25165,Union,15,244960.0,Central,376.6,1582.3,Substantial,-80.5307400446,34.9883574887,High
19525,30903,Cumberland,15,341793.0,Eastern,512.9,3748.5,High,-78.8275607671,35.048611942,High
19514,696,Camden,15,10537.0,Coastal,43.1,793.0,Low,-76.1609504039,36.3411216216,Moderate
19544,10373,Henderson,15,117429.0,Western,311.8,2039.7,Moderate,-82.4799463782,35.3362263031,High
19519,2669,Cherokee,15,28738.0,Western,63.2,3613.3,Substantial,-84.063444228,35.1338574515,High
19573,20713,Pitt,15,173536.0,Coastal,261.0,2238.9,Substantial,-77.3744965519,35.5932989746,High
19529,4218,Davie,15,43127.0,Northern,162.0,1665.25,Moderate,-80.5444636482,35.929110866,High
19527,2246,Dare,15,37817.0,Coastal,96.3,1872.9,High,-75.6852333134,35.664936694,High
19537,685,Graham,15,7935.0,Western,27.5,8085.4,High,-83.833581803,35.350171951,High
19524,9512,Craven,15,102568.0,Coastal,142.5,2112.3,Moderate,-77.082003837,35.117685821,Substantial
19506,4814,Beaufort,15,44150.0,Coastal,53.6,2157.95,Moderate,-76.8453144055,35.486983815,Substantial
19546,4969,Hoke,15,53783.0,Eastern,133.5,2028.14,Substantial,-79.237290715,35.0175290075,High
19599,1641,Yancey,15,18320.0,Western,59.1,557.0,Moderate,-82.3076279784,35.8989479924,High
19543,4528,Haywood,15,62831.0,Western,112.2,3591.8,Moderate,-82.9821729698,35.5560557128,High
19512,22608,Cabarrus,15,232873.0,Central,625.1,1374.8,Substantial,-80.5518508851,35.3867940405,High
19523,6507,Columbus,15,49795.0,Coastal,54.0,2887.71,Substantial,-78.6550308717,34.2656450828,High
19530,6451,Duplin,15,48249.0,Coastal,59.8,2911.6,High,-77.9330277459,34.9365348363,High
19532,5738,Edgecombe,15,48604.0,Coastal,96.7,2366.3,Moderate,-77.5970588882,35.912880671,High
19502,1103,Alleghany,15,11057.0,Northern,46.4,697.2,Moderate,-81.1278593427,36.4912704378,Moderate
19556,1615,Madison,15,21146.0,Western,47.1,1247.6,Substantial,-82.7057582627,35.8580358086,Substantial
19507,1800,Bertie,15,17302.0,Coastal,25.7,1594.6,Moderate,-76.9667121404,36.0656302022,Moderate
19541,5710,Halifax,15,47859.0,Coastal,67.2,2754.7,Moderate,-77.6517329831,36.2574485453,High
19578,8166,Rockingham,15,90457.0,Northern,161.0,2130.4,Substantial,-79.7749871967,36.3960127906,High
19565,1899,Northampton,15,16953.0,Eastern,32.6,2092.6,Moderate,-77.3968212099,36.4177312434,High
19579,17400,Rowan,15,148565.0,Northern,287.1,2292.8,Substantial,-80.5247717485,35.6394734632,High
19587,2398,Transylvania,15,32825.0,Western,87.2,978.5,Moderate,-82.7983001279,35.2021778635,High
19500,19132,Alamance,15,175029.0,Northern,404.8,3065.6,Moderate,-79.3994248175,36.0437098766,Substantial
19577,17143,Robeson,15,115899.0,Coastal,123.0,5137.4,High,-79.1038649277,34.6402420514,High
19597,9991,Wilson,15,79078.0,Coastal,214.3,2386.9,Moderate,-77.9186629547,35.7051457145,Substantial
19563,11758,Nash,15,96101.0,Coastal,175.7,1838.5,Moderate,-77.9864448378,35.9672502839,Substantial
19545,2119,Hertford,15,20374.0,Coastal,61.0,2281.6,Low,-76.9807147831,36.3586360305,Low
19508,3565,Bladen,15,29171.0,Coastal,33.8,2578.5,High,-78.5636493115,34.6145873342,High
19566,18132,Onslow,15,207928.0,Coastal,268.4,2191.23,Substantial,-77.4157658244,34.709836363,High
19568,1120,Pamlico,15,12215.0,Coastal,36.5,2321.5,Low,-76.6694598427,35.151021226,Substantial
19513,9545,Caldwell,15,81319.0,Northern,170.9,2504.8,Moderate,-81.5464366451,35.9530379334,High
19588,327,Tyrrell,15,3315.0,Coastal,8.3,957.2,Moderate,-76.1704523585,35.8694070017,High
19557,2340,Martin,15,21503.0,Coastal,48.3,2717.4,Moderate,-77.109232267,35.843213981,High
19553,6299,Lenoir,15,54323.0,Coastal,138.1,3246.04,Moderate,-77.6412486292,35.2387731611,High
19598,4156,Yadkin,15,36925.0,Northern,111.1,1820.8,Moderate,-80.6652439331,36.1605336919,High
19558,5313,McDowell,15,44151.0,Western,101.3,2610.9,Moderate,-82.0493124426,35.6816924709,High
19504,2261,Ashe,15,26506.0,Northern,62.3,1123.1,Moderate,-81.5005211955,36.434424701,High
19515,5302,Carteret,15,69039.0,Coastal,133.3,1912.1,Substantial,-76.5357430669,34.8612598084,Substantial
19501,4476,Alexander,15,36172.0,Northern,140.2,1440.7,Moderate,-81.1770268506,35.9210263138,High
19576,4923,Richmond,15,43006.0,Eastern,90.7,5508.4,High,-79.7477780226,35.0060483545,High
19594,5031,Watauga,15,54804.0,Northern,173.1,1191.8,Low,-81.6964250718,36.2311062795,Moderate
19510,18228,Buncombe,15,271638.0,Western,410.4,3012.8,Moderate,-82.5301070587,35.611177887,High
19547,670,Hyde,15,4595.0,Coastal,7.5,0.0,Low,-76.1449651093,35.4081187361,Substantial
19542,12216,Harnett,15,134986.0,Eastern,224.5,2172.6,Substantial,-78.8694125204,35.3686291614,High
19555,3186,Macon,15,37041.0,Western,71.8,2077.4,Moderate,-83.4221767088,35.1504672096,Moderate
19505,2167,Avery,15,17347.0,Western,72.0,1003.4,Low,-81.9226013745,36.0766050343,Substantial
19571,1034,Perquimans,15,13049.0,Coastal,52.6,684.8,Low,-76.4076199893,36.1772228503,Substantial
19595,11636,Wayne,15,115895.0,Coastal,211.8,2813.0,Substantial,-78.0039971272,35.3639599672,High
19561,3400,Montgomery,15,25485.0,Eastern,52.4,2480.1,Moderate,-79.9054790812,35.332466935,Substantial
19517,19950,Catawba,15,162841.0,Northern,400.2,2802.5,Substantial,-81.2150705598,35.662042354,High
19590,5004,Vance,15,41665.0,Eastern,168.7,3584.5,Low,-78.4079288849,36.3649169333,Substantial
19564,19668,New Hanover,15,230423.0,Coastal,1174.0,2612.3,Moderate,-77.865597569,34.1815553357,High
19509,9469,Brunswick,15,144821.0,Coastal,160.8,1537.1,Substantial,-78.2274071617,34.0388755841,High
19503,2654,Anson,15,22028.0,Central,41.5,2802.1,Substantial,-80.102712026,34.9737894417,Substantial
19583,7972,Stanly,15,62143.0,Central,158.2,2425.2,Moderate,-80.2509863077,35.3119550622,High
19562,9124,Moore,15,102966.0,Eastern,142.9,1617.3,Moderate,-79.4813744392,35.3106538555,High
19569,3468,Pasquotank,15,40966.0,Coastal,178.8,2078.8,Moderate,-76.2492413613,36.2650187228,Moderate
19528,17083,Davidson,15,171752.0,Northern,305.4,1757.8,Moderate,-80.2127487756,35.7933524917,High
19552,6205,Lee,15,64360.0,Eastern,248.1,1631.1,Moderate,-79.1714836119,35.4751864248,High
19567,8657,Orange,15,148331.0,Eastern,374.0,1991.9,Moderate,-79.120649356,36.0611182361,Substantial
19548,19427,Iredell,15,192986.0,Northern,325.0,1866.4,Moderate,-80.8734378255,35.8070259189,High
19533,37168,Forsyth,15,387703.0,Northern,938.1,4129.5,Moderate,-80.256300016,36.1306195485,High
19518,4799,Chatham,15,77095.0,Eastern,111.9,1456.0,Moderate,-79.2552758614,35.7025721296,High
19551,908,Jones,15,9076.0,Coastal,19.5,0.0,Substantial,-77.3551679748,35.0217248029,High
19526,1595,Currituck,15,29385.0,Coastal,107.3,1344.3,Moderate,-75.936949201,36.3672994836,Substantial
19536,751,Gates,15,10324.0,Coastal,30.8,750.9,Moderate,-76.7005266521,36.4449435708,Substantial
19516,2209,Caswell,15,22400.0,Eastern,53.5,317.5,Moderate,-79.3335234769,36.3932742158,Substantial
19570,5608,Pender,15,62250.0,Coastal,69.1,1461.9,Substantial,-77.8884355846,34.5150997489,High
19584,4259,Stokes,15,44422.0,Northern,99.1,2146.85,Substantial,-80.2395157151,36.4019040049,High
19591,91031,Wake,15,1154170.0,Eastern,1353.3,1846.0,Moderate,-78.6503081729,35.7902443741,High
19535,27318,Gaston,15,233387.0,Central,640.7,2912.4,Moderate,-81.1802416273,35.2943489527,High
19549,3671,Jackson,15,41919.0,Western,87.8,1864.6,Moderate,-83.1408496187,35.2875866253,High
19521,916,Clay,15,11238.0,Western,51.6,2288.34,Substantial,-83.7501767115,35.0571811284,High
19592,1819,Warren,15,18621.0,Eastern,43.4,2235.0,Low,-78.1067171324,36.3965102811,Substantial
19572,3553,Person,15,39048.0,Eastern,99.7,1862.8,Substantial,-78.9718051426,36.3900951244,High
19539,2434,Greene,15,19978.0,Coastal,76.7,1640.3,Moderate,-77.6757626742,35.4849957203,High
19610,18257,Buncombe,16,271638.0,Western,410.4,3012.8,Moderate,-82.5301070587,35.611177887,High
19658,5315,McDowell,16,44151.0,Western,101.3,2610.9,Moderate,-82.0493124426,35.6816924709,Substantial
19670,5619,Pender,16,62250.0,Coastal,69.1,1461.9,Substantial,-77.8884355846,34.5150997489,High
19680,7500,Rutherford,16,63870.0,Western,114.0,2009.9,Substantial,-81.9198334642,35.4025956291,High
19665,1901,Northampton,16,16953.0,Eastern,32.6,2092.6,Moderate,-77.3968212099,36.4177312434,Substantial
19604,2262,Ashe,16,26506.0,Northern,62.3,1123.1,Moderate,-81.5005211955,36.434424701,High
19603,2652,Anson,16,22028.0,Central,41.5,2802.1,Moderate,-80.102712026,34.9737894417,Substantial
19667,8668,Orange,16,148331.0,Eastern,374.0,1991.9,Moderate,-79.120649356,36.0611182361,Substantial
19688,327,Tyrrell,16,3315.0,Coastal,8.3,957.2,Moderate,-76.1704523585,35.8694070017,High
19679,17429,Rowan,16,148565.0,Northern,287.1,2292.8,Substantial,-80.5247717485,35.6394734632,High
19613,9549,Caldwell,16,81319.0,Northern,170.9,2504.8,Moderate,-81.5464366451,35.9530379334,High
19616,2210,Caswell,16,22400.0,Eastern,53.5,317.5,Moderate,-79.3335234769,36.3932742158,Substantial
19666,18155,Onslow,16,207928.0,Coastal,268.4,2191.23,Substantial,-77.4157658244,34.709836363,High
19621,917,Clay,16,11238.0,Western,51.6,2288.34,Substantial,-83.7501767115,35.0571811284,High
19676,4934,Richmond,16,43006.0,Eastern,90.7,5508.4,High,-79.7477780226,35.0060483545,High
19605,2167,Avery,16,17347.0,Western,72.0,1003.4,Low,-81.9226013745,36.0766050343,Substantial
19655,3186,Macon,16,37041.0,Western,71.8,2077.4,Moderate,-83.4221767088,35.1504672096,Moderate
19681,8232,Sampson,16,58371.0,Coastal,62.4,2241.9,Substantial,-78.3713906105,34.9915361594,High
19623,6519,Columbus,16,49795.0,Coastal,54.0,2887.71,Substantial,-78.6550308717,34.2656450828,High
19649,3674,Jackson,16,41919.0,Western,87.8,1864.6,Moderate,-83.1408496187,35.2875866253,High
19691,91128,Wake,16,1154170.0,Eastern,1353.3,1846.0,Moderate,-78.6503081729,35.7902443741,High
19608,3570,Bladen,16,29171.0,Coastal,33.8,2578.5,High,-78.5636493115,34.6145873342,High
19602,1103,Alleghany,16,11057.0,Northern,46.4,697.2,Moderate,-81.1278593427,36.4912704378,Moderate
19656,1615,Madison,16,21146.0,Western,47.1,1247.6,Substantial,-82.7057582627,35.8580358086,High
19633,37188,Forsyth,16,387703.0,Northern,938.1,4129.5,Moderate,-80.256300016,36.1306195485,High
19607,1800,Bertie,16,17302.0,Coastal,25.7,1594.6,Low,-76.9667121404,36.0656302022,Moderate
19684,4264,Stokes,16,44422.0,Northern,99.1,2146.85,Substantial,-80.2395157151,36.4019040049,High
19638,6018,Granville,16,60720.0,Eastern,114.6,1466.3,Moderate,-78.6527194252,36.3040698262,Substantial
19698,4161,Yadkin,16,36925.0,Northern,111.1,1820.8,Substantial,-80.6652439331,36.1605336919,High
19669,3469,Pasquotank,16,40966.0,Coastal,178.8,2078.8,Moderate,-76.2492413613,36.2650187228,Moderate
19632,5746,Edgecombe,16,48604.0,Coastal,96.7,2366.3,Moderate,-77.5970588882,35.912880671,High
19685,8485,Surry,16,70573.0,Northern,134.0,1507.5,Substantial,-80.6880779273,36.4148205561,High
19677,17173,Robeson,16,115899.0,Coastal,123.0,5137.4,High,-79.1038649277,34.6402420514,High
19609,9490,Brunswick,16,144821.0,Coastal,160.8,1537.1,Substantial,-78.2274071617,34.0388755841,High
19687,2403,Transylvania,16,32825.0,Western,87.2,978.5,Moderate,-82.7983001279,35.2021778635,High
19643,4546,Haywood,16,62831.0,Western,112.2,3591.8,Substantial,-82.9821729698,35.5560557128,High
19697,9998,Wilson,16,79078.0,Coastal,214.3,2386.9,Moderate,-77.9186629547,35.7051457145,Substantial
19617,19955,Catawba,16,162841.0,Northern,400.2,2802.5,Substantial,-81.2150705598,35.662042354,High
19663,11761,Nash,16,96101.0,Coastal,175.7,1838.5,Moderate,-77.9864448378,35.9672502839,Substantial
19601,4479,Alexander,16,36172.0,Northern,140.2,1440.7,Moderate,-81.1770268506,35.9210263138,High
19645,2120,Hertford,16,20374.0,Coastal,61.0,2281.6,Moderate,-76.9807147831,36.3586360305,Moderate
19628,17092,Davidson,16,171752.0,Northern,305.4,1757.8,Moderate,-80.2127487756,35.7933524917,High
19694,5032,Watauga,16,54804.0,Northern,173.1,1191.8,Moderate,-81.6964250718,36.2311062795,Moderate
19600,19149,Alamance,16,175029.0,Northern,404.8,3065.6,Moderate,-79.3994248175,36.0437098766,Substantial
19678,8176,Rockingham,16,90457.0,Northern,161.0,2130.4,Substantial,-79.7749871967,36.3960127906,High
19653,6298,Lenoir,16,54323.0,Coastal,138.1,3246.04,Moderate,-77.6412486292,35.2387731611,High
19664,19683,New Hanover,16,230423.0,Coastal,1174.0,2612.3,Moderate,-77.865597569,34.1815553357,High
19637,686,Graham,16,7935.0,Western,27.5,8085.4,High,-83.833581803,35.350171951,High
19614,696,Camden,16,10537.0,Coastal,43.1,793.0,Low,-76.1609504039,36.3411216216,Substantial
19622,11836,Cleveland,16,99332.0,Western,214.4,2001.7,Substantial,-81.5555471412,35.3341018022,High
19639,2434,Greene,16,19978.0,Coastal,76.7,1640.3,Moderate,-77.6757626742,35.4849957203,High
19640,48982,Guilford,16,545484.0,Northern,838.0,3371.1,Moderate,-79.7889042685,36.0794717315,High
19619,2676,Cherokee,16,28738.0,Western,63.2,3613.3,Substantial,-84.063444228,35.1338574515,High
19668,1123,Pamlico,16,12215.0,Coastal,36.5,2321.5,Moderate,-76.6694598427,35.151021226,Substantial
19629,4220,Davie,16,43127.0,Northern,162.0,1665.25,Substantial,-80.5444636482,35.929110866,High
19690,5004,Vance,16,41665.0,Eastern,168.7,3584.5,Moderate,-78.4079288849,36.3649169333,Substantial
19641,5710,Halifax,16,47859.0,Coastal,67.2,2754.7,Moderate,-77.6517329831,36.2574485453,High
19673,20736,Pitt,16,173536.0,Coastal,261.0,2238.9,Substantial,-77.3744965519,35.5932989746,High
19606,4815,Beaufort,16,44150.0,Coastal,53.6,2157.95,Moderate,-76.8453144055,35.486983815,Substantial
19683,7976,Stanly,16,62143.0,Central,158.2,2425.2,Moderate,-80.2509863077,35.3119550622,High
19652,6214,Lee,16,64360.0,Eastern,248.1,1631.1,Substantial,-79.1714836119,35.4751864248,High
19689,25198,Union,16,244960.0,Central,376.6,1582.3,Substantial,-80.5307400446,34.9883574887,High
19644,10384,Henderson,16,117429.0,Western,311.8,2039.7,Moderate,-82.4799463782,35.3362263031,High
19636,752,Gates,16,10324.0,Coastal,30.8,750.9,Moderate,-76.7005266521,36.4449435708,Substantial
19693,1143,Washington,16,10708.0,Coastal,31.8,1746.8,Moderate,-76.5693098876,35.8392646425,Moderate
19654,10383,Lincoln,16,88742.0,Central,293.4,1745.2,Substantial,-81.2235326264,35.4855950234,High
19634,7051,Franklin,16,70655.0,Eastern,139.4,1314.6,Low,-78.2856965824,36.0827733527,High
19672,3559,Person,16,39048.0,Eastern,99.7,1862.8,Substantial,-78.9718051426,36.3900951244,High
19631,26212,Durham,16,331347.0,Eastern,1133.7,3966.0,Moderate,-78.8765926949,36.0360299243,Substantial
19660,1477,Mitchell,16,14783.0,Western,67.4,458.42,Low,-82.1635815487,36.0132038869,Moderate
19651,909,Jones,16,9076.0,Coastal,19.5,0.0,Substantial,-77.3551679748,35.0217248029,High
19615,5309,Carteret,16,69039.0,Coastal,133.3,1912.1,Substantial,-76.5357430669,34.8612598084,Substantial
19625,30972,Cumberland,16,341793.0,Eastern,512.9,3748.5,High,-78.8275607671,35.048611942,High
19618,4802,Chatham,16,77095.0,Eastern,111.9,1456.0,Moderate,-79.2552758614,35.7025721296,High
19647,670,Hyde,16,4595.0,Coastal,7.5,0.0,Low,-76.1449651093,35.4081187361,Substantial
19692,1820,Warren,16,18621.0,Eastern,43.4,2235.0,Low,-78.1067171324,36.3965102811,Substantial
19695,11645,Wayne,16,115895.0,Coastal,211.8,2813.0,Substantial,-78.0039971272,35.3639599672,High
19612,22645,Cabarrus,16,232873.0,Central,625.1,1374.8,Substantial,-80.5518508851,35.3867940405,High
19686,1214,Swain,16,14046.0,Western,26.8,3517.8,Moderate,-83.4927393736,35.4868150519,High
19675,15440,Randolph,16,143325.0,Northern,184.3,1615.5,Moderate,-79.8060069064,35.7103417044,High
19648,19435,Iredell,16,192986.0,Northern,325.0,1866.4,Moderate,-80.8734378255,35.8070259189,High
19659,115741,Mecklenburg,16,1128426.0,Central,2130.4,3736.1,Substantial,-80.8327311406,35.2467670437,High
19662,9138,Moore,16,102966.0,Eastern,142.9,1617.3,Moderate,-79.4813744392,35.3106538555,High
19696,6992,Wilkes,16,65151.0,Northern,87.5,1887.3,Moderate,-81.1633856618,36.2062757623,High
19682,3953,Scotland,16,33662.0,Eastern,107.1,3528.0,Substantial,-79.4804292418,34.8408848102,High
19661,3405,Montgomery,16,25485.0,Eastern,52.4,2480.1,Substantial,-79.9054790812,35.332466935,Substantial
19620,1514,Chowan,16,13646.0,Coastal,79.4,1402.6,High,-76.6021303656,36.1265615389,High
19627,2251,Dare,16,37817.0,Coastal,96.3,1872.9,High,-75.6852333134,35.664936694,High
19635,27329,Gaston,16,233387.0,Central,640.7,2912.4,Moderate,-81.1802416273,35.2943489527,High
19642,12231,Harnett,16,134986.0,Eastern,224.5,2172.6,Substantial,-78.8694125204,35.3686291614,High
19671,1034,Perquimans,16,13049.0,Coastal,52.6,684.8,Low,-76.4076199893,36.1772228503,Moderate
19611,10192,Burke,16,88398.0,Western,173.0,1836.1,Moderate,-81.7047784739,35.7496106399,High
19674,1515,Polk,16,19461.0,Western,81.3,1596.5,Substantial,-82.1696779265,35.2792789622,Substantial
19646,4982,Hoke,16,53783.0,Eastern,133.5,2028.14,Substantial,-79.237290715,35.0175290075,High
19630,6464,Duplin,16,48249.0,Coastal,59.8,2911.6,High,-77.9330277459,34.9365348363,High
19626,1596,Currituck,16,29385.0,Coastal,107.3,1344.3,Moderate,-75.936949201,36.3672994836,High
19699,1641,Yancey,16,18320.0,Western,59.1,557.0,Moderate,-82.3076279784,35.8989479924,High
19650,22629,Johnston,16,224833.0,Coastal,272.7,1547.3,Substantial,-78.3657109025,35.5178069265,High
19657,2341,Martin,16,21503.0,Coastal,48.3,2717.4,Moderate,-77.109232267,35.843213981,High
19624,9517,Craven,16,102568.0,Coastal,142.5,2112.3,Moderate,-77.082003837,35.117685821,Substantial
19725,30972,Cumberland,17,341793.0,Eastern,512.9,3748.5,High,-78.8275607671,35.048611942,High
19793,1143,Washington,17,10708.0,Coastal,31.8,1746.8,Moderate,-76.5693098876,35.8392646425,Moderate
19735,27329,Gaston,17,233387.0,Central,640.7,2912.4,Moderate,-81.1802416273,35.2943489527,High
19779,17429,Rowan,17,148565.0,Northern,287.1,2292.8,Substantial,-80.5247717485,35.6394734632,High
19730,6464,Duplin,17,48249.0,Coastal,59.8,2911.6,High,-77.9330277459,34.9365348363,High
19701,4479,Alexander,17,36172.0,Northern,140.2,1440.7,Moderate,-81.1770268506,35.9210263138,High
19732,5746,Edgecombe,17,48604.0,Coastal,96.7,2366.3,Moderate,-77.5970588882,35.912880671,High
19762,9138,Moore,17,102966.0,Eastern,142.9,1617.3,Moderate,-79.4813744392,35.3106538555,High
19741,5710,Halifax,17,47859.0,Coastal,67.2,2754.7,Moderate,-77.6517329831,36.2574485453,High
19765,1901,Northampton,17,16953.0,Eastern,32.6,2092.6,Moderate,-77.3968212099,36.4177312434,Substantial
19711,10192,Burke,17,88398.0,Western,173.0,1836.1,Moderate,-81.7047784739,35.7496106399,High
19768,1123,Pamlico,17,12215.0,Coastal,36.5,2321.5,Moderate,-76.6694598427,35.151021226,Substantial
19778,8176,Rockingham,17,90457.0,Northern,161.0,2130.4,Substantial,-79.7749871967,36.3960127906,High
19792,1820,Warren,17,18621.0,Eastern,43.4,2235.0,Low,-78.1067171324,36.3965102811,Substantial
19757,2341,Martin,17,21503.0,Coastal,48.3,2717.4,Moderate,-77.109232267,35.843213981,High
19786,1214,Swain,17,14046.0,Western,26.8,3517.8,Moderate,-83.4927393736,35.4868150519,High
19717,19955,Catawba,17,162841.0,Northern,400.2,2802.5,Substantial,-81.2150705598,35.662042354,High
19744,10384,Henderson,17,117429.0,Western,311.8,2039.7,Moderate,-82.4799463782,35.3362263031,High
19703,2652,Anson,17,22028.0,Central,41.5,2802.1,Moderate,-80.102712026,34.9737894417,Substantial
19747,670,Hyde,17,4595.0,Coastal,7.5,0.0,Low,-76.1449651093,35.4081187361,Substantial
19712,22645,Cabarrus,17,232873.0,Central,625.1,1374.8,Substantial,-80.5518508851,35.3867940405,High
19759,115741,Mecklenburg,17,1128426.0,Central,2130.4,3736.1,Substantial,-80.8327311406,35.2467670437,High
19799,1641,Yancey,17,18320.0,Western,59.1,557.0,Moderate,-82.3076279784,35.8989479924,High
19761,3405,Montgomery,17,25485.0,Eastern,52.4,2480.1,Substantial,-79.9054790812,35.332466935,Substantial
19720,1514,Chowan,17,13646.0,Coastal,79.4,1402.6,High,-76.6021303656,36.1265615389,High
19774,1515,Polk,17,19461.0,Western,81.3,1596.5,Substantial,-82.1696779265,35.2792789622,Substantial
19771,1034,Perquimans,17,13049.0,Coastal,52.6,684.8,Low,-76.4076199893,36.1772228503,Moderate
19750,22629,Johnston,17,224833.0,Coastal,272.7,1547.3,Substantial,-78.3657109025,35.5178069265,High
19739,2434,Greene,17,19978.0,Coastal,76.7,1640.3,Moderate,-77.6757626742,35.4849957203,High
19795,11645,Wayne,17,115895.0,Coastal,211.8,2813.0,Substantial,-78.0039971272,35.3639599672,High
19714,696,Camden,17,10537.0,Coastal,43.1,793.0,Low,-76.1609504039,36.3411216216,Substantial
19722,11836,Cleveland,17,99332.0,Western,214.4,2001.7,Substantial,-81.5555471412,35.3341018022,High
19775,15440,Randolph,17,143325.0,Northern,184.3,1615.5,Moderate,-79.8060069064,35.7103417044,High
19740,48982,Guilford,17,545484.0,Northern,838.0,3371.1,Moderate,-79.7889042685,36.0794717315,High
19729,4220,Davie,17,43127.0,Northern,162.0,1665.25,Substantial,-80.5444636482,35.929110866,High
19773,20736,Pitt,17,173536.0,Coastal,261.0,2238.9,Substantial,-77.3744965519,35.5932989746,High
19706,4815,Beaufort,17,44150.0,Coastal,53.6,2157.95,Moderate,-76.8453144055,35.486983815,Substantial
19752,6214,Lee,17,64360.0,Eastern,248.1,1631.1,Substantial,-79.1714836119,35.4751864248,High
19789,25198,Union,17,244960.0,Central,376.6,1582.3,Substantial,-80.5307400446,34.9883574887,High
19734,7051,Franklin,17,70655.0,Eastern,139.4,1314.6,Low,-78.2856965824,36.0827733527,High
19751,909,Jones,17,9076.0,Coastal,19.5,0.0,Substantial,-77.3551679748,35.0217248029,High
19772,3559,Person,17,39048.0,Eastern,99.7,1862.8,Substantial,-78.9718051426,36.3900951244,High
19760,1477,Mitchell,17,14783.0,Western,67.4,458.42,Low,-82.1635815487,36.0132038869,Moderate
19715,5309,Carteret,17,69039.0,Coastal,133.3,1912.1,Substantial,-76.5357430669,34.8612598084,Substantial
19718,4802,Chatham,17,77095.0,Eastern,111.9,1456.0,Moderate,-79.2552758614,35.7025721296,High
19790,5004,Vance,17,41665.0,Eastern,168.7,3584.5,Moderate,-78.4079288849,36.3649169333,Substantial
19746,4982,Hoke,17,53783.0,Eastern,133.5,2028.14,Substantial,-79.237290715,35.0175290075,High
19748,19435,Iredell,17,192986.0,Northern,325.0,1866.4,Moderate,-80.8734378255,35.8070259189,High
19726,1596,Currituck,17,29385.0,Coastal,107.3,1344.3,Moderate,-75.936949201,36.3672994836,High
19723,6519,Columbus,17,49795.0,Coastal,54.0,2887.71,Substantial,-78.6550308717,34.2656450828,High
19791,91225,Wake,17,1154170.0,Eastern,1353.3,1846.0,Moderate,-78.6503081729,35.7902443741,High
19796,6992,Wilkes,17,65151.0,Northern,87.5,1887.3,Moderate,-81.1633856618,36.2062757623,High
19733,37188,Forsyth,17,387703.0,Northern,938.1,4129.5,Moderate,-80.256300016,36.1306195485,High
19702,1103,Alleghany,17,11057.0,Northern,46.4,697.2,Moderate,-81.1278593427,36.4912704378,Moderate
19707,1800,Bertie,17,17302.0,Coastal,25.7,1594.6,Low,-76.9667121404,36.0656302022,Moderate
19798,4161,Yadkin,17,36925.0,Northern,111.1,1820.8,Substantial,-80.6652439331,36.1605336919,High
19769,3469,Pasquotank,17,40966.0,Coastal,178.8,2078.8,Moderate,-76.2492413613,36.2650187228,Moderate
19763,11761,Nash,17,96101.0,Coastal,175.7,1838.5,Moderate,-77.9864448378,35.9672502839,Substantial
19777,17173,Robeson,17,115899.0,Coastal,123.0,5137.4,High,-79.1038649277,34.6402420514,High
19787,2403,Transylvania,17,32825.0,Western,87.2,978.5,Moderate,-82.7983001279,35.2021778635,High
19745,2120,Hertford,17,20374.0,Coastal,61.0,2281.6,Moderate,-76.9807147831,36.3586360305,Moderate
19700,19149,Alamance,17,175029.0,Northern,404.8,3065.6,Moderate,-79.3994248175,36.0437098766,Substantial
19794,5032,Watauga,17,54804.0,Northern,173.1,1191.8,Moderate,-81.6964250718,36.2311062795,Moderate
19776,4934,Richmond,17,43006.0,Eastern,90.7,5508.4,High,-79.7477780226,35.0060483545,High
19728,17092,Davidson,17,171752.0,Northern,305.4,1757.8,Moderate,-80.2127487756,35.7933524917,High
19770,5619,Pender,17,62250.0,Coastal,69.1,1461.9,Substantial,-77.8884355846,34.5150997489,High
19758,5315,McDowell,17,44151.0,Western,101.3,2610.9,Moderate,-82.0493124426,35.6816924709,Substantial
19721,917,Clay,17,11238.0,Western,51.6,2288.34,Substantial,-83.7501767115,35.0571811284,High
19767,8668,Orange,17,148331.0,Eastern,374.0,1991.9,Moderate,-79.120649356,36.0611182361,Substantial
19716,2210,Caswell,17,22400.0,Eastern,53.5,317.5,Moderate,-79.3335234769,36.3932742158,Substantial
19713,9549,Caldwell,17,81319.0,Northern,170.9,2504.8,Moderate,-81.5464366451,35.9530379334,High
19766,18155,Onslow,17,207928.0,Coastal,268.4,2191.23,Substantial,-77.4157658244,34.709836363,High
19753,6298,Lenoir,17,54323.0,Coastal,138.1,3246.04,Moderate,-77.6412486292,35.2387731611,High
19788,327,Tyrrell,17,3315.0,Coastal,8.3,957.2,Moderate,-76.1704523585,35.8694070017,High
19749,3674,Jackson,17,41919.0,Western,87.8,1864.6,Moderate,-83.1408496187,35.2875866253,High
19705,2167,Avery,17,17347.0,Western,72.0,1003.4,Low,-81.9226013745,36.0766050343,Substantial
19704,2262,Ashe,17,26506.0,Northern,62.3,1123.1,Moderate,-81.5005211955,36.434424701,High
19764,19683,New Hanover,17,230423.0,Coastal,1174.0,2612.3,Moderate,-77.865597569,34.1815553357,High
19724,9517,Craven,17,102568.0,Coastal,142.5,2112.3,Moderate,-77.082003837,35.117685821,Substantial
19755,3186,Macon,17,37041.0,Western,71.8,2077.4,Moderate,-83.4221767088,35.1504672096,Moderate
19783,7976,Stanly,17,62143.0,Central,158.2,2425.2,Moderate,-80.2509863077,35.3119550622,High
19781,8232,Sampson,17,58371.0,Coastal,62.4,2241.9,Substantial,-78.3713906105,34.9915361594,High
19708,3570,Bladen,17,29171.0,Coastal,33.8,2578.5,High,-78.5636493115,34.6145873342,High
19727,2251,Dare,17,37817.0,Coastal,96.3,1872.9,High,-75.6852333134,35.664936694,High
19742,12231,Harnett,17,134986.0,Eastern,224.5,2172.6,Substantial,-78.8694125204,35.3686291614,High
19731,26231,Durham,17,331347.0,Eastern,1133.7,3966.0,Moderate,-78.8765926949,36.0360299243,Substantial
19754,10383,Lincoln,17,88742.0,Central,293.4,1745.2,Substantial,-81.2235326264,35.4855950234,High
19737,686,Graham,17,7935.0,Western,27.5,8085.4,High,-83.833581803,35.350171951,High
19743,4546,Haywood,17,62831.0,Western,112.2,3591.8,Substantial,-82.9821729698,35.5560557128,High
19797,9998,Wilson,17,79078.0,Coastal,214.3,2386.9,Moderate,-77.9186629547,35.7051457145,Substantial
19785,8485,Surry,17,70573.0,Northern,134.0,1507.5,Substantial,-80.6880779273,36.4148205561,High
19719,2676,Cherokee,17,28738.0,Western,63.2,3613.3,Substantial,-84.063444228,35.1338574515,High
19782,3953,Scotland,17,33662.0,Eastern,107.1,3528.0,Substantial,-79.4804292418,34.8408848102,High
19736,752,Gates,17,10324.0,Coastal,30.8,750.9,Moderate,-76.7005266521,36.4449435708,Substantial
19709,9490,Brunswick,17,144821.0,Coastal,160.8,1537.1,Substantial,-78.2274071617,34.0388755841,High
19780,7500,Rutherford,17,63870.0,Western,114.0,2009.9,Substantial,-81.9198334642,35.4025956291,High
19756,1615,Madison,17,21146.0,Western,47.1,1247.6,Substantial,-82.7057582627,35.8580358086,High
19738,6018,Granville,17,60720.0,Eastern,114.6,1466.3,Moderate,-78.6527194252,36.3040698262,Substantial
19784,4264,Stokes,17,44422.0,Northern,99.1,2146.85,Substantial,-80.2395157151,36.4019040049,High
19710,18257,Buncombe,17,271638.0,Western,410.4,3012.8,Moderate,-82.5301070587,35.611177887,High
19838,6018,Granville,18,60720.0,Eastern,114.6,1466.3,Moderate,-78.6527194252,36.3040698262,Substantial
19867,8668,Orange,18,148331.0,Eastern,374.0,1991.9,Moderate,-79.120649356,36.0611182361,Substantial
19807,1800,Bertie,18,17302.0,Coastal,25.7,1594.6,Low,-76.9667121404,36.0656302022,Moderate
19816,2210,Caswell,18,22400.0,Eastern,53.5,317.5,Moderate,-79.3335234769,36.3932742158,Substantial
19887,2403,Transylvania,18,32825.0,Western,87.2,978.5,Moderate,-82.7983001279,35.2021778635,High
19826,1596,Currituck,18,29385.0,Coastal,107.3,1344.3,Moderate,-75.936949201,36.3672994836,High
19877,17173,Robeson,18,115899.0,Coastal,123.0,5137.4,High,-79.1038649277,34.6402420514,High
19845,2120,Hertford,18,20374.0,Coastal,61.0,2281.6,Moderate,-76.9807147831,36.3586360305,Moderate
19897,9998,Wilson,18,79078.0,Coastal,214.3,2386.9,Moderate,-77.9186629547,35.7051457145,Substantial
19843,4546,Haywood,18,62831.0,Western,112.2,3591.8,Substantial,-82.9821729698,35.5560557128,High
19864,19683,New Hanover,18,230423.0,Coastal,1174.0,2612.3,Moderate,-77.865597569,34.1815553357,High
19802,1103,Alleghany,18,11057.0,Northern,46.4,697.2,Moderate,-81.1278593427,36.4912704378,Moderate
19863,11761,Nash,18,96101.0,Coastal,175.7,1838.5,Moderate,-77.9864448378,35.9672502839,Substantial
19812,22645,Cabarrus,18,232873.0,Central,625.1,1374.8,Substantial,-80.5518508851,35.3867940405,High
19896,6992,Wilkes,18,65151.0,Northern,87.5,1887.3,Moderate,-81.1633856618,36.2062757623,High
19856,1615,Madison,18,21146.0,Western,47.1,1247.6,Substantial,-82.7057582627,35.8580358086,High
19865,1901,Northampton,18,16953.0,Eastern,32.6,2092.6,Moderate,-77.3968212099,36.4177312434,Substantial
19833,37188,Forsyth,18,387703.0,Northern,938.1,4129.5,Moderate,-80.256300016,36.1306195485,High
19884,4264,Stokes,18,44422.0,Northern,99.1,2146.85,Substantial,-80.2395157151,36.4019040049,High
19869,3469,Pasquotank,18,40966.0,Coastal,178.8,2078.8,Moderate,-76.2492413613,36.2650187228,Moderate
19809,9490,Brunswick,18,144821.0,Coastal,160.8,1537.1,Substantial,-78.2274071617,34.0388755841,High
19828,17092,Davidson,18,171752.0,Northern,305.4,1757.8,Moderate,-80.2127487756,35.7933524917,High
19878,8176,Rockingham,18,90457.0,Northern,161.0,2130.4,Substantial,-79.7749871967,36.3960127906,High
19885,8485,Surry,18,70573.0,Northern,134.0,1507.5,Substantial,-80.6880779273,36.4148205561,High
19898,4161,Yadkin,18,36925.0,Northern,111.1,1820.8,Substantial,-80.6652439331,36.1605336919,High
19805,2167,Avery,18,17347.0,Western,72.0,1003.4,Low,-81.9226013745,36.0766050343,Substantial
19832,5746,Edgecombe,18,48604.0,Coastal,96.7,2366.3,Moderate,-77.5970588882,35.912880671,High
19830,6464,Duplin,18,48249.0,Coastal,59.8,2911.6,High,-77.9330277459,34.9365348363,High
19881,8232,Sampson,18,58371.0,Coastal,62.4,2241.9,Substantial,-78.3713906105,34.9915361594,High
19848,19435,Iredell,18,192986.0,Northern,325.0,1866.4,Moderate,-80.8734378255,35.8070259189,High
19870,5619,Pender,18,62250.0,Coastal,69.1,1461.9,Substantial,-77.8884355846,34.5150997489,High
19823,6519,Columbus,18,49795.0,Coastal,54.0,2887.71,Substantial,-78.6550308717,34.2656450828,High
19821,917,Clay,18,11238.0,Western,51.6,2288.34,Substantial,-83.7501767115,35.0571811284,High
19861,3405,Montgomery,18,25485.0,Eastern,52.4,2480.1,Substantial,-79.9054790812,35.332466935,Substantial
19808,3570,Bladen,18,29171.0,Coastal,33.8,2578.5,High,-78.5636493115,34.6145873342,High
19871,1034,Perquimans,18,13049.0,Coastal,52.6,684.8,Low,-76.4076199893,36.1772228503,Moderate
19899,1641,Yancey,18,18320.0,Western,59.1,557.0,Moderate,-82.3076279784,35.8989479924,High
19815,5309,Carteret,18,69039.0,Coastal,133.3,1912.1,Substantial,-76.5357430669,34.8612598084,Substantial
19860,1477,Mitchell,18,14783.0,Western,67.4,458.42,Low,-82.1635815487,36.0132038869,Moderate
19831,26231,Durham,18,331347.0,Eastern,1133.7,3966.0,Moderate,-78.8765926949,36.0360299243,Substantial
19854,10383,Lincoln,18,88742.0,Central,293.4,1745.2,Substantial,-81.2235326264,35.4855950234,High
19834,7051,Franklin,18,70655.0,Eastern,139.4,1314.6,Low,-78.2856965824,36.0827733527,High
19850,22629,Johnston,18,224833.0,Coastal,272.7,1547.3,Substantial,-78.3657109025,35.5178069265,High
19852,6214,Lee,18,64360.0,Eastern,248.1,1631.1,Substantial,-79.1714836119,35.4751864248,High
19874,1515,Polk,18,19461.0,Western,81.3,1596.5,Substantial,-82.1696779265,35.2792789622,Substantial
19842,12231,Harnett,18,134986.0,Eastern,224.5,2172.6,Substantial,-78.8694125204,35.3686291614,High
19882,3953,Scotland,18,33662.0,Eastern,107.1,3528.0,Substantial,-79.4804292418,34.8408848102,High
19814,696,Camden,18,10537.0,Coastal,43.1,793.0,Low,-76.1609504039,36.3411216216,Substantial
19889,25198,Union,18,244960.0,Central,376.6,1582.3,Substantial,-80.5307400446,34.9883574887,High
19822,11836,Cleveland,18,99332.0,Western,214.4,2001.7,Substantial,-81.5555471412,35.3341018022,High
19806,4815,Beaufort,18,44150.0,Coastal,53.6,2157.95,Moderate,-76.8453144055,35.486983815,Substantial
19873,20736,Pitt,18,173536.0,Coastal,261.0,2238.9,Substantial,-77.3744965519,35.5932989746,High
19820,1514,Chowan,18,13646.0,Coastal,79.4,1402.6,High,-76.6021303656,36.1265615389,High
19840,48982,Guilford,18,545484.0,Northern,838.0,3371.1,Moderate,-79.7889042685,36.0794717315,High
19829,4220,Davie,18,43127.0,Northern,162.0,1665.25,Substantial,-80.5444636482,35.929110866,High
19859,115741,Mecklenburg,18,1128426.0,Central,2130.4,3736.1,Substantial,-80.8327311406,35.2467670437,High
19894,5032,Watauga,18,54804.0,Northern,173.1,1191.8,Moderate,-81.6964250718,36.2311062795,Moderate
19818,4802,Chatham,18,77095.0,Eastern,111.9,1456.0,Moderate,-79.2552758614,35.7025721296,High
19875,15440,Randolph,18,143325.0,Northern,184.3,1615.5,Moderate,-79.8060069064,35.7103417044,High
19876,4934,Richmond,18,43006.0,Eastern,90.7,5508.4,High,-79.7477780226,35.0060483545,High
19810,18257,Buncombe,18,271638.0,Western,410.4,3012.8,Moderate,-82.5301070587,35.611177887,High
19891,91225,Wake,18,1154170.0,Eastern,1353.3,1846.0,Moderate,-78.6503081729,35.7902443741,High
19858,5315,McDowell,18,44151.0,Western,101.3,2610.9,Moderate,-82.0493124426,35.6816924709,Substantial
19839,2434,Greene,18,19978.0,Coastal,76.7,1640.3,Moderate,-77.6757626742,35.4849957203,High
19895,11645,Wayne,18,115895.0,Coastal,211.8,2813.0,Substantial,-78.0039971272,35.3639599672,High
19813,9549,Caldwell,18,81319.0,Northern,170.9,2504.8,Moderate,-81.5464366451,35.9530379334,High
19804,2262,Ashe,18,26506.0,Northern,62.3,1123.1,Moderate,-81.5005211955,36.434424701,High
19866,18155,Onslow,18,207928.0,Coastal,268.4,2191.23,Substantial,-77.4157658244,34.709836363,High
19853,6298,Lenoir,18,54323.0,Coastal,138.1,3246.04,Moderate,-77.6412486292,35.2387731611,High
19890,5004,Vance,18,41665.0,Eastern,168.7,3584.5,Moderate,-78.4079288849,36.3649169333,Substantial
19888,327,Tyrrell,18,3315.0,Coastal,8.3,957.2,Moderate,-76.1704523585,35.8694070017,High
19883,7976,Stanly,18,62143.0,Central,158.2,2425.2,Moderate,-80.2509863077,35.3119550622,High
19851,909,Jones,18,9076.0,Coastal,19.5,0.0,Substantial,-77.3551679748,35.0217248029,High
19872,3559,Person,18,39048.0,Eastern,99.7,1862.8,Substantial,-78.9718051426,36.3900951244,High
19800,19149,Alamance,18,175029.0,Northern,404.8,3065.6,Moderate,-79.3994248175,36.0437098766,Substantial
19827,2251,Dare,18,37817.0,Coastal,96.3,1872.9,High,-75.6852333134,35.664936694,High
19846,4982,Hoke,18,53783.0,Eastern,133.5,2028.14,Substantial,-79.237290715,35.0175290075,High
19847,670,Hyde,18,4595.0,Coastal,7.5,0.0,Low,-76.1449651093,35.4081187361,Substantial
19824,9517,Craven,18,102568.0,Coastal,142.5,2112.3,Moderate,-77.082003837,35.117685821,Substantial
19879,17429,Rowan,18,148565.0,Northern,287.1,2292.8,Substantial,-80.5247717485,35.6394734632,High
19880,7500,Rutherford,18,63870.0,Western,114.0,2009.9,Substantial,-81.9198334642,35.4025956291,High
19819,2676,Cherokee,18,28738.0,Western,63.2,3613.3,Substantial,-84.063444228,35.1338574515,High
19817,19955,Catawba,18,162841.0,Northern,400.2,2802.5,Substantial,-81.2150705598,35.662042354,High
19825,30972,Cumberland,18,341793.0,Eastern,512.9,3748.5,High,-78.8275607671,35.048611942,High
19803,2652,Anson,18,22028.0,Central,41.5,2802.1,Moderate,-80.102712026,34.9737894417,Substantial
19849,3674,Jackson,18,41919.0,Western,87.8,1864.6,Moderate,-83.1408496187,35.2875866253,High
19868,1123,Pamlico,18,12215.0,Coastal,36.5,2321.5,Moderate,-76.6694598427,35.151021226,Substantial
19893,1143,Washington,18,10708.0,Coastal,31.8,1746.8,Moderate,-76.5693098876,35.8392646425,Moderate
19862,9138,Moore,18,102966.0,Eastern,142.9,1617.3,Moderate,-79.4813744392,35.3106538555,High
19892,1820,Warren,18,18621.0,Eastern,43.4,2235.0,Low,-78.1067171324,36.3965102811,Substantial
19886,1214,Swain,18,14046.0,Western,26.8,3517.8,Moderate,-83.4927393736,35.4868150519,High
19841,5710,Halifax,18,47859.0,Coastal,67.2,2754.7,Moderate,-77.6517329831,36.2574485453,High
19836,752,Gates,18,10324.0,Coastal,30.8,750.9,Moderate,-76.7005266521,36.4449435708,Substantial
19857,2341,Martin,18,21503.0,Coastal,48.3,2717.4,Moderate,-77.109232267,35.843213981,High
19835,27329,Gaston,18,233387.0,Central,640.7,2912.4,Moderate,-81.1802416273,35.2943489527,High
19801,4479,Alexander,18,36172.0,Northern,140.2,1440.7,Moderate,-81.1770268506,35.9210263138,High
19837,686,Graham,18,7935.0,Western,27.5,8085.4,High,-83.833581803,35.350171951,High
19844,10384,Henderson,18,117429.0,Western,311.8,2039.7,Moderate,-82.4799463782,35.3362263031,High
19811,10192,Burke,18,88398.0,Western,173.0,1836.1,Moderate,-81.7047784739,35.7496106399,High
19855,3186,Macon,18,37041.0,Western,71.8,2077.4,Moderate,-83.4221767088,35.1504672096,Moderate
19932,5765,Edgecombe,19,48604.0,Coastal,96.7,2366.3,Substantial,-77.5970588882,35.912880671,High
19972,3569,Person,19,39048.0,Eastern,99.7,1862.8,Substantial,-78.9718051426,36.3900951244,High
19981,8258,Sampson,19,58371.0,Coastal,62.4,2241.9,High,-78.3713906105,34.9915361594,High
19998,4167,Yadkin,19,36925.0,Northern,111.1,1820.8,Substantial,-80.6652439331,36.1605336919,High
19917,19991,Catawba,19,162841.0,Northern,400.2,2802.5,Substantial,-81.2150705598,35.662042354,High
19918,4816,Chatham,19,77095.0,Eastern,111.9,1456.0,Moderate,-79.2552758614,35.7025721296,High
19976,4972,Richmond,19,43006.0,Eastern,90.7,5508.4,High,-79.7477780226,35.0060483545,High
19947,670,Hyde,19,4595.0,Coastal,7.5,0.0,Low,-76.1449651093,35.4081187361,Moderate
19930,6489,Duplin,19,48249.0,Coastal,59.8,2911.6,High,-77.9330277459,34.9365348363,High
19959,116154,Mecklenburg,19,1128426.0,Central,2130.4,3736.1,Substantial,-80.8327311406,35.2467670437,High
19954,10412,Lincoln,19,88742.0,Central,293.4,1745.2,Substantial,-81.2235326264,35.4855950234,High
19902,1104,Alleghany,19,11057.0,Northern,46.4,697.2,Moderate,-81.1278593427,36.4912704378,Substantial
19975,15460,Randolph,19,143325.0,Northern,184.3,1615.5,Moderate,-79.8060069064,35.7103417044,High
19957,2342,Martin,19,21503.0,Coastal,48.3,2717.4,Moderate,-77.109232267,35.843213981,High
19924,9535,Craven,19,102568.0,Coastal,142.5,2112.3,Moderate,-77.082003837,35.117685821,High
19971,1035,Perquimans,19,13049.0,Coastal,52.6,684.8,Low,-76.4076199893,36.1772228503,Substantial
19941,5723,Halifax,19,47859.0,Coastal,67.2,2754.7,Moderate,-77.6517329831,36.2574485453,High
19993,1144,Washington,19,10708.0,Coastal,31.8,1746.8,Moderate,-76.5693098876,35.8392646425,Substantial
19905,2172,Avery,19,17347.0,Western,72.0,1003.4,Moderate,-81.9226013745,36.0766050343,Substantial
19920,1521,Chowan,19,13646.0,Coastal,79.4,1402.6,High,-76.6021303656,36.1265615389,High
19912,22722,Cabarrus,19,232873.0,Central,625.1,1374.8,Substantial,-80.5518508851,35.3867940405,High
19995,11672,Wayne,19,115895.0,Coastal,211.8,2813.0,Substantial,-78.0039971272,35.3639599672,High
19911,10211,Burke,19,88398.0,Western,173.0,1836.1,Moderate,-81.7047784739,35.7496106399,High
19921,918,Clay,19,11238.0,Western,51.6,2288.34,Substantial,-83.7501767115,35.0571811284,High
19904,2264,Ashe,19,26506.0,Northern,62.3,1123.1,Moderate,-81.5005211955,36.434424701,High
19967,8689,Orange,19,148331.0,Eastern,374.0,1991.9,Moderate,-79.120649356,36.0611182361,Substantial
19908,3586,Bladen,19,29171.0,Coastal,33.8,2578.5,High,-78.5636493115,34.6145873342,High
19951,910,Jones,19,9076.0,Coastal,19.5,0.0,Substantial,-77.3551679748,35.0217248029,High
19907,1802,Bertie,19,17302.0,Coastal,25.7,1594.6,Moderate,-76.9667121404,36.0656302022,Moderate
19996,7010,Wilkes,19,65151.0,Northern,87.5,1887.3,Substantial,-81.1633856618,36.2062757623,High
19953,6303,Lenoir,19,54323.0,Coastal,138.1,3246.04,Moderate,-77.6412486292,35.2387731611,High
19990,5007,Vance,19,41665.0,Eastern,168.7,3584.5,Moderate,-78.4079288849,36.3649169333,Substantial
19964,19735,New Hanover,19,230423.0,Coastal,1174.0,2612.3,Moderate,-77.865597569,34.1815553357,High
19988,327,Tyrrell,19,3315.0,Coastal,8.3,957.2,Low,-76.1704523585,35.8694070017,High
19958,5331,McDowell,19,44151.0,Western,101.3,2610.9,Moderate,-82.0493124426,35.6816924709,High
19983,7994,Stanly,19,62143.0,Central,158.2,2425.2,Substantial,-80.2509863077,35.3119550622,High
19923,6560,Columbus,19,49795.0,Coastal,54.0,2887.71,High,-78.6550308717,34.2656450828,High
19962,9166,Moore,19,102966.0,Eastern,142.9,1617.3,Substantial,-79.4813744392,35.3106538555,High
19986,1214,Swain,19,14046.0,Western,26.8,3517.8,Moderate,-83.4927393736,35.4868150519,High
19966,18235,Onslow,19,207928.0,Coastal,268.4,2191.23,Substantial,-77.4157658244,34.709836363,High
19910,18313,Buncombe,19,271638.0,Western,410.4,3012.8,Moderate,-82.5301070587,35.611177887,High
19970,5639,Pender,19,62250.0,Coastal,69.1,1461.9,Substantial,-77.8884355846,34.5150997489,High
19919,2687,Cherokee,19,28738.0,Western,63.2,3613.3,High,-84.063444228,35.1338574515,High
19900,19182,Alamance,19,175029.0,Northern,404.8,3065.6,Moderate,-79.3994248175,36.0437098766,High
19927,2268,Dare,19,37817.0,Coastal,96.3,1872.9,High,-75.6852333134,35.664936694,High
19946,5005,Hoke,19,53783.0,Eastern,133.5,2028.14,Substantial,-79.237290715,35.0175290075,High
19916,2213,Caswell,19,22400.0,Eastern,53.5,317.5,Moderate,-79.3335234769,36.3932742158,Substantial
19915,5313,Carteret,19,69039.0,Coastal,133.3,1912.1,Substantial,-76.5357430669,34.8612598084,High
19985,8512,Surry,19,70573.0,Northern,134.0,1507.5,Substantial,-80.6880779273,36.4148205561,High
19913,9563,Caldwell,19,81319.0,Northern,170.9,2504.8,Moderate,-81.5464366451,35.9530379334,High
19948,19472,Iredell,19,192986.0,Northern,325.0,1866.4,Moderate,-80.8734378255,35.8070259189,High
19994,5042,Watauga,19,54804.0,Northern,173.1,1191.8,Moderate,-81.6964250718,36.2311062795,Substantial
19977,17264,Robeson,19,115899.0,Coastal,123.0,5137.4,High,-79.1038649277,34.6402420514,High
19984,4273,Stokes,19,44422.0,Northern,99.1,2146.85,Substantial,-80.2395157151,36.4019040049,High
19949,3683,Jackson,19,41919.0,Western,87.8,1864.6,Substantial,-83.1408496187,35.2875866253,High
19914,695,Camden,19,10537.0,Coastal,43.1,793.0,Error,-76.1609504039,36.3411216216,Substantial
19925,31209,Cumberland,19,341793.0,Eastern,512.9,3748.5,High,-78.8275607671,35.048611942,High
19989,25268,Union,19,244960.0,Central,376.6,1582.3,Substantial,-80.5307400446,34.9883574887,High
19943,4557,Haywood,19,62831.0,Western,112.2,3591.8,Substantial,-82.9821729698,35.5560557128,High
19933,37261,Forsyth,19,387703.0,Northern,938.1,4129.5,Moderate,-80.256300016,36.1306195485,High
19922,11871,Cleveland,19,99332.0,Western,214.4,2001.7,Substantial,-81.5555471412,35.3341018022,High
19980,7534,Rutherford,19,63870.0,Western,114.0,2009.9,Substantial,-81.9198334642,35.4025956291,High
19906,4822,Beaufort,19,44150.0,Coastal,53.6,2157.95,Moderate,-76.8453144055,35.486983815,High
19965,1906,Northampton,19,16953.0,Eastern,32.6,2092.6,Moderate,-77.3968212099,36.4177312434,Substantial
19945,2124,Hertford,19,20374.0,Coastal,61.0,2281.6,Moderate,-76.9807147831,36.3586360305,Moderate
19973,20799,Pitt,19,173536.0,Coastal,261.0,2238.9,Substantial,-77.3744965519,35.5932989746,High
19956,1627,Madison,19,21146.0,Western,47.1,1247.6,Substantial,-82.7057582627,35.8580358086,High
19987,2413,Transylvania,19,32825.0,Western,87.2,978.5,Moderate,-82.7983001279,35.2021778635,High
19940,49081,Guilford,19,545484.0,Northern,838.0,3371.1,Moderate,-79.7889042685,36.0794717315,High
19937,689,Graham,19,7935.0,Western,27.5,8085.4,High,-83.833581803,35.350171951,High
19991,91431,Wake,19,1154170.0,Eastern,1353.3,1846.0,Substantial,-78.6503081729,35.7902443741,High
19997,10016,Wilson,19,79078.0,Coastal,214.3,2386.9,Moderate,-77.9186629547,35.7051457145,Substantial
19929,4232,Davie,19,43127.0,Northern,162.0,1665.25,Substantial,-80.5444636482,35.929110866,High
19992,1820,Warren,19,18621.0,Eastern,43.4,2235.0,Low,-78.1067171324,36.3965102811,Moderate
19979,17477,Rowan,19,148565.0,Northern,287.1,2292.8,Substantial,-80.5247717485,35.6394734632,High
19952,6238,Lee,19,64360.0,Eastern,248.1,1631.1,Substantial,-79.1714836119,35.4751864248,High
19969,3480,Pasquotank,19,40966.0,Coastal,178.8,2078.8,Moderate,-76.2492413613,36.2650187228,Substantial
19982,3970,Scotland,19,33662.0,Eastern,107.1,3528.0,High,-79.4804292418,34.8408848102,High
19999,1641,Yancey,19,18320.0,Western,59.1,557.0,Moderate,-82.3076279784,35.8989479924,High
19901,4490,Alexander,19,36172.0,Northern,140.2,1440.7,Substantial,-81.1770268506,35.9210263138,High
19955,3189,Macon,19,37041.0,Western,71.8,2077.4,Moderate,-83.4221767088,35.1504672096,Substantial
19978,8194,Rockingham,19,90457.0,Northern,161.0,2130.4,Moderate,-79.7749871967,36.3960127906,High
19936,754,Gates,19,10324.0,Coastal,30.8,750.9,Moderate,-76.7005266521,36.4449435708,Substantial
19960,1477,Mitchell,19,14783.0,Western,67.4,458.42,Low,-82.1635815487,36.0132038869,Substantial
19961,3417,Montgomery,19,25485.0,Eastern,52.4,2480.1,Substantial,-79.9054790812,35.332466935,High
19938,6027,Granville,19,60720.0,Eastern,114.6,1466.3,Moderate,-78.6527194252,36.3040698262,High
19928,17117,Davidson,19,171752.0,Northern,305.4,1757.8,Moderate,-80.2127487756,35.7933524917,High
19950,22715,Johnston,19,224833.0,Coastal,272.7,1547.3,Substantial,-78.3657109025,35.5178069265,High
19931,26269,Durham,19,331347.0,Eastern,1133.7,3966.0,Moderate,-78.8765926949,36.0360299243,High
19944,10416,Henderson,19,117429.0,Western,311.8,2039.7,Substantial,-82.4799463782,35.3362263031,High
19903,2668,Anson,19,22028.0,Central,41.5,2802.1,Substantial,-80.102712026,34.9737894417,High
19926,1598,Currituck,19,29385.0,Coastal,107.3,1344.3,Moderate,-75.936949201,36.3672994836,High
19909,9523,Brunswick,19,144821.0,Coastal,160.8,1537.1,Substantial,-78.2274071617,34.0388755841,High
19935,27386,Gaston,19,233387.0,Central,640.7,2912.4,Substantial,-81.1802416273,35.2943489527,High
19939,2439,Greene,19,19978.0,Coastal,76.7,1640.3,Moderate,-77.6757626742,35.4849957203,High
19974,1517,Polk,19,19461.0,Western,81.3,1596.5,Substantial,-82.1696779265,35.2792789622,High
19968,1128,Pamlico,19,12215.0,Coastal,36.5,2321.5,Substantial,-76.6694598427,35.151021226,Substantial
19942,12291,Harnett,19,134986.0,Eastern,224.5,2172.6,Substantial,-78.8694125204,35.3686291614,High
19963,11768,Nash,19,96101.0,Coastal,175.7,1838.5,Moderate,-77.9864448378,35.9672502839,High
19934,7054,Franklin,19,70655.0,Eastern,139.4,1314.6,Moderate,-78.2856965824,36.0827733527,High
20076,4981,Richmond,20,43006.0,Eastern,90.7,5508.4,High,-79.7477780226,35.0060483545,High
20097,10019,Wilson,20,79078.0,Coastal,214.3,2386.9,Moderate,-77.9186629547,35.7051457145,Substantial
20008,3589,Bladen,20,29171.0,Coastal,33.8,2578.5,High,-78.5636493115,34.6145873342,High
20094,5043,Watauga,20,54804.0,Northern,173.1,1191.8,Moderate,-81.6964250718,36.2311062795,Substantial
20058,5333,McDowell,20,44151.0,Western,101.3,2610.9,Moderate,-82.0493124426,35.6816924709,High
20035,27400,Gaston,20,233387.0,Central,640.7,2912.4,Substantial,-81.1802416273,35.2943489527,High
20061,3421,Montgomery,20,25485.0,Eastern,52.4,2480.1,High,-79.9054790812,35.332466935,High
20025,31254,Cumberland,20,341793.0,Eastern,512.9,3748.5,High,-78.8275607671,35.048611942,High
20071,1035,Perquimans,20,13049.0,Coastal,52.6,684.8,Low,-76.4076199893,36.1772228503,Substantial
20048,19488,Iredell,20,192986.0,Northern,325.0,1866.4,Moderate,-80.8734378255,35.8070259189,High
20010,18331,Buncombe,20,271638.0,Western,410.4,3012.8,Substantial,-82.5301070587,35.611177887,High
20045,2125,Hertford,20,20374.0,Coastal,61.0,2281.6,Moderate,-76.9807147831,36.3586360305,Substantial
20095,11683,Wayne,20,115895.0,Coastal,211.8,2813.0,Substantial,-78.0039971272,35.3639599672,High
20079,17501,Rowan,20,148565.0,Northern,287.1,2292.8,Substantial,-80.5247717485,35.6394734632,High
20013,9572,Caldwell,20,81319.0,Northern,170.9,2504.8,Moderate,-81.5464366451,35.9530379334,High
20050,22733,Johnston,20,224833.0,Coastal,272.7,1547.3,Substantial,-78.3657109025,35.5178069265,High
20034,7056,Franklin,20,70655.0,Eastern,139.4,1314.6,Moderate,-78.2856965824,36.0827733527,High
20068,1129,Pamlico,20,12215.0,Coastal,36.5,2321.5,Substantial,-76.6694598427,35.151021226,High
20074,1523,Polk,20,19461.0,Western,81.3,1596.5,Substantial,-82.1696779265,35.2792789622,High
20042,12302,Harnett,20,134986.0,Eastern,224.5,2172.6,Substantial,-78.8694125204,35.3686291614,High
20099,1642,Yancey,20,18320.0,Western,59.1,557.0,Moderate,-82.3076279784,35.8989479924,High
20052,6245,Lee,20,64360.0,Eastern,248.1,1631.1,Substantial,-79.1714836119,35.4751864248,High
20082,3988,Scotland,20,33662.0,Eastern,107.1,3528.0,High,-79.4804292418,34.8408848102,High
20014,695,Camden,20,10537.0,Coastal,43.1,793.0,Error,-76.1609504039,36.3411216216,Substantial
20041,5723,Halifax,20,47859.0,Coastal,67.2,2754.7,Moderate,-77.6517329831,36.2574485453,High
20089,25286,Union,20,244960.0,Central,376.6,1582.3,Substantial,-80.5307400446,34.9883574887,High
20004,2265,Ashe,20,26506.0,Northern,62.3,1123.1,Moderate,-81.5005211955,36.434424701,High
20022,11881,Cleveland,20,99332.0,Western,214.4,2001.7,Substantial,-81.5555471412,35.3341018022,High
20006,4828,Beaufort,20,44150.0,Coastal,53.6,2157.95,Moderate,-76.8453144055,35.486983815,High
20037,692,Graham,20,7935.0,Western,27.5,8085.4,High,-83.833581803,35.350171951,High
20073,20822,Pitt,20,173536.0,Coastal,261.0,2238.9,Substantial,-77.3744965519,35.5932989746,High
20040,49123,Guilford,20,545484.0,Northern,838.0,3371.1,Moderate,-79.7889042685,36.0794717315,High
20020,1521,Chowan,20,13646.0,Coastal,79.4,1402.6,High,-76.6021303656,36.1265615389,High
20029,4235,Davie,20,43127.0,Northern,162.0,1665.25,Substantial,-80.5444636482,35.929110866,High
20093,1145,Washington,20,10708.0,Coastal,31.8,1746.8,Moderate,-76.5693098876,35.8392646425,Substantial
20080,7542,Rutherford,20,63870.0,Western,114.0,2009.9,Substantial,-81.9198334642,35.4025956291,High
20011,10223,Burke,20,88398.0,Western,173.0,1836.1,Substantial,-81.7047784739,35.7496106399,High
20000,19197,Alamance,20,175029.0,Northern,404.8,3065.6,Substantial,-79.3994248175,36.0437098766,High
20031,26292,Durham,20,331347.0,Eastern,1133.7,3966.0,Moderate,-78.8765926949,36.0360299243,High
20038,6026,Granville,20,60720.0,Eastern,114.6,1466.3,Moderate,-78.6527194252,36.3040698262,High
20051,909,Jones,20,9076.0,Coastal,19.5,0.0,Moderate,-77.3551679748,35.0217248029,High
20090,5007,Vance,20,41665.0,Eastern,168.7,3584.5,Moderate,-78.4079288849,36.3649169333,High
20053,6305,Lenoir,20,54323.0,Coastal,138.1,3246.04,Moderate,-77.6412486292,35.2387731611,High
20083,8000,Stanly,20,62143.0,Central,158.2,2425.2,Substantial,-80.2509863077,35.3119550622,High
20019,2691,Cherokee,20,28738.0,Western,63.2,3613.3,High,-84.063444228,35.1338574515,High
20088,327,Tyrrell,20,3315.0,Coastal,8.3,957.2,Low,-76.1704523585,35.8694070017,High
20086,1215,Swain,20,14046.0,Western,26.8,3517.8,Moderate,-83.4927393736,35.4868150519,High
20066,18251,Onslow,20,207928.0,Coastal,268.4,2191.23,High,-77.4157658244,34.709836363,High
20060,1478,Mitchell,20,14783.0,Western,67.4,458.42,Low,-82.1635815487,36.0132038869,Substantial
20027,2275,Dare,20,37817.0,Coastal,96.3,1872.9,High,-75.6852333134,35.664936694,High
20072,3572,Person,20,39048.0,Eastern,99.7,1862.8,Substantial,-78.9718051426,36.3900951244,High
20047,670,Hyde,20,4595.0,Coastal,7.5,0.0,Low,-76.1449651093,35.4081187361,Moderate
20075,15472,Randolph,20,143325.0,Northern,184.3,1615.5,Moderate,-79.8060069064,35.7103417044,High
20036,754,Gates,20,10324.0,Coastal,30.8,750.9,Moderate,-76.7005266521,36.4449435708,Substantial
20024,9540,Craven,20,102568.0,Coastal,142.5,2112.3,Moderate,-77.082003837,35.117685821,High
20059,116274,Mecklenburg,20,1128426.0,Central,2130.4,3736.1,Substantial,-80.8327311406,35.2467670437,High
20018,4821,Chatham,20,77095.0,Eastern,111.9,1456.0,Moderate,-79.2552758614,35.7025721296,High
20015,5315,Carteret,20,69039.0,Coastal,133.3,1912.1,Substantial,-76.5357430669,34.8612598084,High
20044,10422,Henderson,20,117429.0,Western,311.8,2039.7,Substantial,-82.4799463782,35.3362263031,High
20046,5019,Hoke,20,53783.0,Eastern,133.5,2028.14,High,-79.237290715,35.0175290075,High
20054,10415,Lincoln,20,88742.0,Central,293.4,1745.2,Substantial,-81.2235326264,35.4855950234,High
20062,9176,Moore,20,102966.0,Eastern,142.9,1617.3,Substantial,-79.4813744392,35.3106538555,High
20067,8690,Orange,20,148331.0,Eastern,374.0,1991.9,Moderate,-79.120649356,36.0611182361,Substantial
20055,3190,Macon,20,37041.0,Western,71.8,2077.4,Moderate,-83.4221767088,35.1504672096,Substantial
20039,2442,Greene,20,19978.0,Coastal,76.7,1640.3,Moderate,-77.6757626742,35.4849957203,High
20063,11773,Nash,20,96101.0,Coastal,175.7,1838.5,Moderate,-77.9864448378,35.9672502839,High
20009,9528,Brunswick,20,144821.0,Coastal,160.8,1537.1,Substantial,-78.2274071617,34.0388755841,High
20002,1104,Alleghany,20,11057.0,Northern,46.4,697.2,Low,-81.1278593427,36.4912704378,Substantial
20001,4491,Alexander,20,36172.0,Northern,140.2,1440.7,Substantial,-81.1770268506,35.9210263138,High
20016,2216,Caswell,20,22400.0,Eastern,53.5,317.5,Moderate,-79.3335234769,36.3932742158,High
20081,8268,Sampson,20,58371.0,Coastal,62.4,2241.9,High,-78.3713906105,34.9915361594,High
20012,22755,Cabarrus,20,232873.0,Central,625.1,1374.8,Substantial,-80.5518508851,35.3867940405,High
20069,3481,Pasquotank,20,40966.0,Coastal,178.8,2078.8,Moderate,-76.2492413613,36.2650187228,Substantial
20070,5647,Pender,20,62250.0,Coastal,69.1,1461.9,Substantial,-77.8884355846,34.5150997489,High
20007,1802,Bertie,20,17302.0,Coastal,25.7,1594.6,Moderate,-76.9667121404,36.0656302022,Substantial
20030,6493,Duplin,20,48249.0,Coastal,59.8,2911.6,High,-77.9330277459,34.9365348363,High
20064,19747,New Hanover,20,230423.0,Coastal,1174.0,2612.3,Moderate,-77.865597569,34.1815553357,High
20023,6571,Columbus,20,49795.0,Coastal,54.0,2887.71,High,-78.6550308717,34.2656450828,High
20033,37277,Forsyth,20,387703.0,Northern,938.1,4129.5,Moderate,-80.256300016,36.1306195485,High
20049,3684,Jackson,20,41919.0,Western,87.8,1864.6,Moderate,-83.1408496187,35.2875866253,High
20065,1906,Northampton,20,16953.0,Eastern,32.6,2092.6,Moderate,-77.3968212099,36.4177312434,Substantial
20096,7016,Wilkes,20,65151.0,Northern,87.5,1887.3,Substantial,-81.1633856618,36.2062757623,High
20084,4272,Stokes,20,44422.0,Northern,99.1,2146.85,Substantial,-80.2395157151,36.4019040049,High
20021,920,Clay,20,11238.0,Western,51.6,2288.34,Substantial,-83.7501767115,35.0571811284,High
20091,91431,Wake,20,1154170.0,Eastern,1353.3,1846.0,Moderate,-78.6503081729,35.7902443741,High
20005,2172,Avery,20,17347.0,Western,72.0,1003.4,Moderate,-81.9226013745,36.0766050343,Substantial
20085,8519,Surry,20,70573.0,Northern,134.0,1507.5,Substantial,-80.6880779273,36.4148205561,High
20003,2666,Anson,20,22028.0,Central,41.5,2802.1,Substantial,-80.102712026,34.9737894417,High
20092,1821,Warren,20,18621.0,Eastern,43.4,2235.0,Moderate,-78.1067171324,36.3965102811,Moderate
20043,4562,Haywood,20,62831.0,Western,112.2,3591.8,Substantial,-82.9821729698,35.5560557128,High
20056,1628,Madison,20,21146.0,Western,47.1,1247.6,Substantial,-82.7057582627,35.8580358086,High
20087,2415,Transylvania,20,32825.0,Western,87.2,978.5,Moderate,-82.7983001279,35.2021778635,High
20017,20013,Catawba,20,162841.0,Northern,400.2,2802.5,Substantial,-81.2150705598,35.662042354,High
20077,17287,Robeson,20,115899.0,Coastal,123.0,5137.4,High,-79.1038649277,34.6402420514,High
20098,4172,Yadkin,20,36925.0,Northern,111.1,1820.8,Substantial,-80.6652439331,36.1605336919,High
20078,8196,Rockingham,20,90457.0,Northern,161.0,2130.4,Moderate,-79.7749871967,36.3960127906,High
20057,2346,Martin,20,21503.0,Coastal,48.3,2717.4,Moderate,-77.109232267,35.843213981,High
20032,5769,Edgecombe,20,48604.0,Coastal,96.7,2366.3,Substantial,-77.5970588882,35.912880671,High
20026,1599,Currituck,20,29385.0,Coastal,107.3,1344.3,Moderate,-75.936949201,36.3672994836,High
20028,17124,Davidson,20,171752.0,Northern,305.4,1757.8,Moderate,-80.2127487756,35.7933524917,High
20186,1217,Swain,21,14046.0,Western,26.8,3517.8,Moderate,-83.4927393736,35.4868150519,High
20144,10434,Henderson,21,117429.0,Western,311.8,2039.7,Substantial,-82.4799463782,35.3362263031,High
20130,6508,Duplin,21,48249.0,Coastal,59.8,2911.6,High,-77.9330277459,34.9365348363,High
20115,5318,Carteret,21,69039.0,Coastal,133.3,1912.1,Moderate,-76.5357430669,34.8612598084,High
20142,12320,Harnett,21,134986.0,Eastern,224.5,2172.6,Substantial,-78.8694125204,35.3686291614,High
20127,2281,Dare,21,37817.0,Coastal,96.3,1872.9,High,-75.6852333134,35.664936694,High
20170,5657,Pender,21,62250.0,Coastal,69.1,1461.9,Substantial,-77.8884355846,34.5150997489,High
20152,6254,Lee,21,64360.0,Eastern,248.1,1631.1,Substantial,-79.1714836119,35.4751864248,High
20124,9555,Craven,21,102568.0,Coastal,142.5,2112.3,Moderate,-77.082003837,35.117685821,High
20181,8281,Sampson,21,58371.0,Coastal,62.4,2241.9,High,-78.3713906105,34.9915361594,High
20196,7024,Wilkes,21,65151.0,Northern,87.5,1887.3,Substantial,-81.1633856618,36.2062757623,High
20140,49147,Guilford,21,545484.0,Northern,838.0,3371.1,Moderate,-79.7889042685,36.0794717315,High
20198,4174,Yadkin,21,36925.0,Northern,111.1,1820.8,Substantial,-80.6652439331,36.1605336919,High
20184,4277,Stokes,21,44422.0,Northern,99.1,2146.85,Moderate,-80.2395157151,36.4019040049,High
20194,5048,Watauga,21,54804.0,Northern,173.1,1191.8,Moderate,-81.6964250718,36.2311062795,Substantial
20131,26321,Durham,21,331347.0,Eastern,1133.7,3966.0,Moderate,-78.8765926949,36.0360299243,High
20153,6310,Lenoir,21,54323.0,Coastal,138.1,3246.04,Moderate,-77.6412486292,35.2387731611,High
20190,5008,Vance,21,41665.0,Eastern,168.7,3584.5,Moderate,-78.4079288849,36.3649169333,Substantial
20183,8002,Stanly,21,62143.0,Central,158.2,2425.2,Substantial,-80.2509863077,35.3119550622,High
20188,327,Tyrrell,21,3315.0,Coastal,8.3,957.2,Low,-76.1704523585,35.8694070017,High
20166,18296,Onslow,21,207928.0,Coastal,268.4,2191.23,High,-77.4157658244,34.709836363,High
20169,3475,Pasquotank,21,40966.0,Coastal,178.8,2078.8,Moderate,-76.2492413613,36.2650187228,High
20122,11902,Cleveland,21,99332.0,Western,214.4,2001.7,Substantial,-81.5555471412,35.3341018022,High
20132,5781,Edgecombe,21,48604.0,Coastal,96.7,2366.3,Substantial,-77.5970588882,35.912880671,High
20150,22776,Johnston,21,224833.0,Coastal,272.7,1547.3,Substantial,-78.3657109025,35.5178069265,High
20105,2175,Avery,21,17347.0,Western,72.0,1003.4,Moderate,-81.9226013745,36.0766050343,Substantial
20178,8201,Rockingham,21,90457.0,Northern,161.0,2130.4,Moderate,-79.7749871967,36.3960127906,High
20141,5729,Halifax,21,47859.0,Coastal,67.2,2754.7,Moderate,-77.6517329831,36.2574485453,High
20175,15486,Randolph,21,143325.0,Northern,184.3,1615.5,Substantial,-79.8060069064,35.7103417044,High
20118,4828,Chatham,21,77095.0,Eastern,111.9,1456.0,Moderate,-79.2552758614,35.7025721296,High
20154,10430,Lincoln,21,88742.0,Central,293.4,1745.2,Substantial,-81.2235326264,35.4855950234,High
20168,1128,Pamlico,21,12215.0,Coastal,36.5,2321.5,Substantial,-76.6694598427,35.151021226,High
20109,9539,Brunswick,21,144821.0,Coastal,160.8,1537.1,Substantial,-78.2274071617,34.0388755841,High
20123,6601,Columbus,21,49795.0,Coastal,54.0,2887.71,High,-78.6550308717,34.2656450828,High
20128,17138,Davidson,21,171752.0,Northern,305.4,1757.8,Moderate,-80.2127487756,35.7933524917,High
20167,8693,Orange,21,148331.0,Eastern,374.0,1991.9,Moderate,-79.120649356,36.0611182361,Substantial
20174,1524,Polk,21,19461.0,Western,81.3,1596.5,Substantial,-82.1696779265,35.2792789622,High
20157,2360,Martin,21,21503.0,Coastal,48.3,2717.4,Substantial,-77.109232267,35.843213981,High
20159,116505,Mecklenburg,21,1128426.0,Central,2130.4,3736.1,Substantial,-80.8327311406,35.2467670437,High
20172,3575,Person,21,39048.0,Eastern,99.7,1862.8,Substantial,-78.9718051426,36.3900951244,High
20117,20032,Catawba,21,162841.0,Northern,400.2,2802.5,Substantial,-81.2150705598,35.662042354,High
20149,3686,Jackson,21,41919.0,Western,87.8,1864.6,Moderate,-83.1408496187,35.2875866253,High
20146,5031,Hoke,21,53783.0,Eastern,133.5,2028.14,High,-79.237290715,35.0175290075,High
20100,19221,Alamance,21,175029.0,Northern,404.8,3065.6,Substantial,-79.3994248175,36.0437098766,High
20136,755,Gates,21,10324.0,Coastal,30.8,750.9,Moderate,-76.7005266521,36.4449435708,Moderate
20112,22794,Cabarrus,21,232873.0,Central,625.1,1374.8,Substantial,-80.5518508851,35.3867940405,High
20185,8527,Surry,21,70573.0,Northern,134.0,1507.5,Substantial,-80.6880779273,36.4148205561,High
20101,4498,Alexander,21,36172.0,Northern,140.2,1440.7,Substantial,-81.1770268506,35.9210263138,High
20147,670,Hyde,21,4595.0,Coastal,7.5,0.0,Low,-76.1449651093,35.4081187361,Moderate
20163,11774,Nash,21,96101.0,Coastal,175.7,1838.5,Moderate,-77.9864448378,35.9672502839,High
20151,910,Jones,21,9076.0,Coastal,19.5,0.0,Moderate,-77.3551679748,35.0217248029,High
20162,9199,Moore,21,102966.0,Eastern,142.9,1617.3,Substantial,-79.4813744392,35.3106538555,High
20179,17530,Rowan,21,148565.0,Northern,287.1,2292.8,Substantial,-80.5247717485,35.6394734632,High
20137,693,Graham,21,7935.0,Western,27.5,8085.4,High,-83.833581803,35.350171951,High
20116,2219,Caswell,21,22400.0,Eastern,53.5,317.5,Moderate,-79.3335234769,36.3932742158,Substantial
20110,18349,Buncombe,21,271638.0,Western,410.4,3012.8,Moderate,-82.5301070587,35.611177887,High
20164,19761,New Hanover,21,230423.0,Coastal,1174.0,2612.3,Moderate,-77.865597569,34.1815553357,High
20171,1036,Perquimans,21,13049.0,Coastal,52.6,684.8,Moderate,-76.4076199893,36.1772228503,High
20102,1104,Alleghany,21,11057.0,Northern,46.4,697.2,Low,-81.1278593427,36.4912704378,Substantial
20191,91550,Wake,21,1154170.0,Eastern,1353.3,1846.0,Substantial,-78.6503081729,35.7902443741,High
20173,20850,Pitt,21,173536.0,Coastal,261.0,2238.9,Substantial,-77.3744965519,35.5932989746,High
20176,5004,Richmond,21,43006.0,Eastern,90.7,5508.4,High,-79.7477780226,35.0060483545,High
20129,4238,Davie,21,43127.0,Northern,162.0,1665.25,Substantial,-80.5444636482,35.929110866,High
20135,27424,Gaston,21,233387.0,Central,640.7,2912.4,Substantial,-81.1802416273,35.2943489527,High
20155,3190,Macon,21,37041.0,Western,71.8,2077.4,Moderate,-83.4221767088,35.1504672096,Substantial
20119,2692,Cherokee,21,28738.0,Western,63.2,3613.3,Substantial,-84.063444228,35.1338574515,High
20120,1522,Chowan,21,13646.0,Coastal,79.4,1402.6,Substantial,-76.6021303656,36.1265615389,High
20143,4572,Haywood,21,62831.0,Western,112.2,3591.8,Substantial,-82.9821729698,35.5560557128,High
20126,1602,Currituck,21,29385.0,Coastal,107.3,1344.3,Moderate,-75.936949201,36.3672994836,High
20134,7064,Franklin,21,70655.0,Eastern,139.4,1314.6,Moderate,-78.2856965824,36.0827733527,High
20177,17338,Robeson,21,115899.0,Coastal,123.0,5137.4,High,-79.1038649277,34.6402420514,High
20103,2668,Anson,21,22028.0,Central,41.5,2802.1,Substantial,-80.102712026,34.9737894417,High
20148,19527,Iredell,21,192986.0,Northern,325.0,1866.4,Substantial,-80.8734378255,35.8070259189,High
20199,1643,Yancey,21,18320.0,Western,59.1,557.0,Moderate,-82.3076279784,35.8989479924,High
20161,3419,Montgomery,21,25485.0,Eastern,52.4,2480.1,Substantial,-79.9054790812,35.332466935,High
20145,2127,Hertford,21,20374.0,Coastal,61.0,2281.6,Moderate,-76.9807147831,36.3586360305,Substantial
20156,1628,Madison,21,21146.0,Western,47.1,1247.6,Substantial,-82.7057582627,35.8580358086,High
20197,10031,Wilson,21,79078.0,Coastal,214.3,2386.9,Substantial,-77.9186629547,35.7051457145,Substantial
20187,2426,Transylvania,21,32825.0,Western,87.2,978.5,Substantial,-82.7983001279,35.2021778635,High
20193,1145,Washington,21,10708.0,Coastal,31.8,1746.8,Moderate,-76.5693098876,35.8392646425,Substantial
20139,2445,Greene,21,19978.0,Coastal,76.7,1640.3,Substantial,-77.6757626742,35.4849957203,High
20158,5339,McDowell,21,44151.0,Western,101.3,2610.9,Substantial,-82.0493124426,35.6816924709,High
20160,1479,Mitchell,21,14783.0,Western,67.4,458.42,Moderate,-82.1635815487,36.0132038869,High
20106,4832,Beaufort,21,44150.0,Coastal,53.6,2157.95,Moderate,-76.8453144055,35.486983815,High
20192,1822,Warren,21,18621.0,Eastern,43.4,2235.0,Moderate,-78.1067171324,36.3965102811,Moderate
20113,9578,Caldwell,21,81319.0,Northern,170.9,2504.8,Moderate,-81.5464366451,35.9530379334,High
20180,7555,Rutherford,21,63870.0,Western,114.0,2009.9,High,-81.9198334642,35.4025956291,High
20165,1904,Northampton,21,16953.0,Eastern,32.6,2092.6,Moderate,-77.3968212099,36.4177312434,Substantial
20195,11701,Wayne,21,115895.0,Coastal,211.8,2813.0,Substantial,-78.0039971272,35.3639599672,High
20189,25334,Union,21,244960.0,Central,376.6,1582.3,Substantial,-80.5307400446,34.9883574887,High
20133,37327,Forsyth,21,387703.0,Northern,938.1,4129.5,Moderate,-80.256300016,36.1306195485,High
20104,2266,Ashe,21,26506.0,Northern,62.3,1123.1,Moderate,-81.5005211955,36.434424701,High
20111,10237,Burke,21,88398.0,Western,173.0,1836.1,Substantial,-81.7047784739,35.7496106399,High
20121,920,Clay,21,11238.0,Western,51.6,2288.34,Substantial,-83.7501767115,35.0571811284,High
20107,1803,Bertie,21,17302.0,Coastal,25.7,1594.6,Moderate,-76.9667121404,36.0656302022,Substantial
20125,31334,Cumberland,21,341793.0,Eastern,512.9,3748.5,High,-78.8275607671,35.048611942,High
20114,696,Camden,21,10537.0,Coastal,43.1,793.0,Low,-76.1609504039,36.3411216216,Substantial
20182,3999,Scotland,21,33662.0,Eastern,107.1,3528.0,High,-79.4804292418,34.8408848102,High
20138,6031,Granville,21,60720.0,Eastern,114.6,1466.3,Moderate,-78.6527194252,36.3040698262,High
20108,3607,Bladen,21,29171.0,Coastal,33.8,2578.5,High,-78.5636493115,34.6145873342,High
20256,1631,Madison,22,21146.0,Western,47.1,1247.6,Substantial,-82.7057582627,35.8580358086,High
20286,1221,Swain,22,14046.0,Western,26.8,3517.8,Substantial,-83.4927393736,35.4868150519,High
20234,7067,Franklin,22,70655.0,Eastern,139.4,1314.6,Moderate,-78.2856965824,36.0827733527,High
20201,4506,Alexander,22,36172.0,Northern,140.2,1440.7,Substantial,-81.1770268506,35.9210263138,High
20228,17157,Davidson,22,171752.0,Northern,305.4,1757.8,Moderate,-80.2127487756,35.7933524917,High
20200,19240,Alamance,22,175029.0,Northern,404.8,3065.6,Substantial,-79.3994248175,36.0437098766,High
20279,17541,Rowan,22,148565.0,Northern,287.1,2292.8,Substantial,-80.5247717485,35.6394734632,High
20285,8553,Surry,22,70573.0,Northern,134.0,1507.5,High,-80.6880779273,36.4148205561,High
20299,1644,Yancey,22,18320.0,Western,59.1,557.0,Moderate,-82.3076279784,35.8989479924,High
20265,1907,Northampton,22,16953.0,Eastern,32.6,2092.6,Moderate,-77.3968212099,36.4177312434,Substantial
20214,698,Camden,22,10537.0,Coastal,43.1,793.0,Moderate,-76.1609504039,36.3411216216,Substantial
20264,19779,New Hanover,22,230423.0,Coastal,1174.0,2612.3,Moderate,-77.865597569,34.1815553357,High
20280,7572,Rutherford,22,63870.0,Western,114.0,2009.9,High,-81.9198334642,35.4025956291,High
20240,49202,Guilford,22,545484.0,Northern,838.0,3371.1,Moderate,-79.7889042685,36.0794717315,High
20220,1523,Chowan,22,13646.0,Coastal,79.4,1402.6,Substantial,-76.6021303656,36.1265615389,High
20268,1132,Pamlico,22,12215.0,Coastal,36.5,2321.5,Substantial,-76.6694598427,35.151021226,High
20269,3476,Pasquotank,22,40966.0,Coastal,178.8,2078.8,Moderate,-76.2492413613,36.2650187228,High
20293,1145,Washington,22,10708.0,Coastal,31.8,1746.8,Moderate,-76.5693098876,35.8392646425,Substantial
20222,11929,Cleveland,22,99332.0,Western,214.4,2001.7,High,-81.5555471412,35.3341018022,High
20237,693,Graham,22,7935.0,Western,27.5,8085.4,High,-83.833581803,35.350171951,High
20282,4009,Scotland,22,33662.0,Eastern,107.1,3528.0,High,-79.4804292418,34.8408848102,High
20249,3690,Jackson,22,41919.0,Western,87.8,1864.6,Moderate,-83.1408496187,35.2875866253,High
20291,91669,Wake,22,1154170.0,Eastern,1353.3,1846.0,Substantial,-78.6503081729,35.7902443741,High
20225,31440,Cumberland,22,341793.0,Eastern,512.9,3748.5,High,-78.8275607671,35.048611942,High
20242,12346,Harnett,22,134986.0,Eastern,224.5,2172.6,Substantial,-78.8694125204,35.3686291614,High
20289,25377,Union,22,244960.0,Central,376.6,1582.3,Substantial,-80.5307400446,34.9883574887,High
20233,37377,Forsyth,22,387703.0,Northern,938.1,4129.5,Substantial,-80.256300016,36.1306195485,High
20218,4832,Chatham,22,77095.0,Eastern,111.9,1456.0,Moderate,-79.2552758614,35.7025721296,High
20252,6269,Lee,22,64360.0,Eastern,248.1,1631.1,Substantial,-79.1714836119,35.4751864248,High
20229,4242,Davie,22,43127.0,Northern,162.0,1665.25,Substantial,-80.5444636482,35.929110866,High
20278,8208,Rockingham,22,90457.0,Northern,161.0,2130.4,Moderate,-79.7749871967,36.3960127906,High
20230,6524,Duplin,22,48249.0,Coastal,59.8,2911.6,High,-77.9330277459,34.9365348363,High
20241,5734,Halifax,22,47859.0,Coastal,67.2,2754.7,Substantial,-77.6517329831,36.2574485453,High
20255,3191,Macon,22,37041.0,Western,71.8,2077.4,Moderate,-83.4221767088,35.1504672096,High
20206,4839,Beaufort,22,44150.0,Coastal,53.6,2157.95,Substantial,-76.8453144055,35.486983815,High
20204,2271,Ashe,22,26506.0,Northern,62.3,1123.1,Moderate,-81.5005211955,36.434424701,High
20273,20902,Pitt,22,173536.0,Coastal,261.0,2238.9,High,-77.3744965519,35.5932989746,High
20274,1526,Polk,22,19461.0,Western,81.3,1596.5,Substantial,-82.1696779265,35.2792789622,High
20261,3425,Montgomery,22,25485.0,Eastern,52.4,2480.1,Substantial,-79.9054790812,35.332466935,High
20292,1823,Warren,22,18621.0,Eastern,43.4,2235.0,Moderate,-78.1067171324,36.3965102811,Moderate
20227,2286,Dare,22,37817.0,Coastal,96.3,1872.9,High,-75.6852333134,35.664936694,High
20258,5344,McDowell,22,44151.0,Western,101.3,2610.9,Substantial,-82.0493124426,35.6816924709,High
20284,4281,Stokes,22,44422.0,Northern,99.1,2146.85,Moderate,-80.2395157151,36.4019040049,High
20296,7031,Wilkes,22,65151.0,Northern,87.5,1887.3,Substantial,-81.1633856618,36.2062757623,High
20288,327,Tyrrell,22,3315.0,Coastal,8.3,957.2,Low,-76.1704523585,35.8694070017,High
20281,8301,Sampson,22,58371.0,Coastal,62.4,2241.9,High,-78.3713906105,34.9915361594,High
20262,9221,Moore,22,102966.0,Eastern,142.9,1617.3,Substantial,-79.4813744392,35.3106538555,High
20251,911,Jones,22,9076.0,Coastal,19.5,0.0,Moderate,-77.3551679748,35.0217248029,High
20253,6312,Lenoir,22,54323.0,Coastal,138.1,3246.04,Moderate,-77.6412486292,35.2387731611,High
20250,22836,Johnston,22,224833.0,Coastal,272.7,1547.3,High,-78.3657109025,35.5178069265,High
20267,8700,Orange,22,148331.0,Eastern,374.0,1991.9,Moderate,-79.120649356,36.0611182361,Substantial
20238,6034,Granville,22,60720.0,Eastern,114.6,1466.3,Moderate,-78.6527194252,36.3040698262,High
20231,26343,Durham,22,331347.0,Eastern,1133.7,3966.0,Moderate,-78.8765926949,36.0360299243,High
20283,8010,Stanly,22,62143.0,Central,158.2,2425.2,Substantial,-80.2509863077,35.3119550622,High
20295,11717,Wayne,22,115895.0,Coastal,211.8,2813.0,Substantial,-78.0039971272,35.3639599672,High
20290,5011,Vance,22,41665.0,Eastern,168.7,3584.5,Moderate,-78.4079288849,36.3649169333,High
20276,5015,Richmond,22,43006.0,Eastern,90.7,5508.4,High,-79.7477780226,35.0060483545,High
20213,9586,Caldwell,22,81319.0,Northern,170.9,2504.8,Substantial,-81.5464366451,35.9530379334,High
20221,924,Clay,22,11238.0,Western,51.6,2288.34,Substantial,-83.7501767115,35.0571811284,High
20243,4582,Haywood,22,62831.0,Western,112.2,3591.8,Substantial,-82.9821729698,35.5560557128,High
20207,1806,Bertie,22,17302.0,Coastal,25.7,1594.6,Moderate,-76.9667121404,36.0656302022,Substantial
20208,3614,Bladen,22,29171.0,Coastal,33.8,2578.5,High,-78.5636493115,34.6145873342,High
20202,1103,Alleghany,22,11057.0,Northern,46.4,697.2,Low,-81.1278593427,36.4912704378,Substantial
20211,10250,Burke,22,88398.0,Western,173.0,1836.1,Substantial,-81.7047784739,35.7496106399,High
20236,755,Gates,22,10324.0,Coastal,30.8,750.9,Moderate,-76.7005266521,36.4449435708,Substantial
20235,27450,Gaston,22,233387.0,Central,640.7,2912.4,Substantial,-81.1802416273,35.2943489527,High
20210,18385,Buncombe,22,271638.0,Western,410.4,3012.8,Substantial,-82.5301070587,35.611177887,High
20216,2223,Caswell,22,22400.0,Eastern,53.5,317.5,Substantial,-79.3335234769,36.3932742158,High
20271,1045,Perquimans,22,13049.0,Coastal,52.6,684.8,Substantial,-76.4076199893,36.1772228503,High
20226,1604,Currituck,22,29385.0,Coastal,107.3,1344.3,Moderate,-75.936949201,36.3672994836,High
20212,22845,Cabarrus,22,232873.0,Central,625.1,1374.8,High,-80.5518508851,35.3867940405,High
20270,5681,Pender,22,62250.0,Coastal,69.1,1461.9,High,-77.8884355846,34.5150997489,High
20263,11779,Nash,22,96101.0,Coastal,175.7,1838.5,Moderate,-77.9864448378,35.9672502839,High
20205,2177,Avery,22,17347.0,Western,72.0,1003.4,Substantial,-81.9226013745,36.0766050343,Moderate
20297,10041,Wilson,22,79078.0,Coastal,214.3,2386.9,Substantial,-77.9186629547,35.7051457145,High
20275,15495,Randolph,22,143325.0,Northern,184.3,1615.5,Moderate,-79.8060069064,35.7103417044,High
20260,1479,Mitchell,22,14783.0,Western,67.4,458.42,Moderate,-82.1635815487,36.0132038869,Substantial
20287,2437,Transylvania,22,32825.0,Western,87.2,978.5,High,-82.7983001279,35.2021778635,High
20244,10466,Henderson,22,117429.0,Western,311.8,2039.7,Substantial,-82.4799463782,35.3362263031,High
20298,4184,Yadkin,22,36925.0,Northern,111.1,1820.8,Substantial,-80.6652439331,36.1605336919,High
20254,10453,Lincoln,22,88742.0,Central,293.4,1745.2,Substantial,-81.2235326264,35.4855950234,High
20245,2128,Hertford,22,20374.0,Coastal,61.0,2281.6,Moderate,-76.9807147831,36.3586360305,Substantial
20203,2669,Anson,22,22028.0,Central,41.5,2802.1,Substantial,-80.102712026,34.9737894417,High
20223,6652,Columbus,22,49795.0,Coastal,54.0,2887.71,High,-78.6550308717,34.2656450828,High
20266,18355,Onslow,22,207928.0,Coastal,268.4,2191.23,High,-77.4157658244,34.709836363,High
20224,9566,Craven,22,102568.0,Coastal,142.5,2112.3,Substantial,-77.082003837,35.117685821,High
20247,670,Hyde,22,4595.0,Coastal,7.5,0.0,Low,-76.1449651093,35.4081187361,Moderate
20257,2373,Martin,22,21503.0,Coastal,48.3,2717.4,High,-77.109232267,35.843213981,High
20209,9560,Brunswick,22,144821.0,Coastal,160.8,1537.1,Substantial,-78.2274071617,34.0388755841,High
20248,19554,Iredell,22,192986.0,Northern,325.0,1866.4,Substantial,-80.8734378255,35.8070259189,High
20219,2694,Cherokee,22,28738.0,Western,63.2,3613.3,Substantial,-84.063444228,35.1338574515,High
20277,17382,Robeson,22,115899.0,Coastal,123.0,5137.4,High,-79.1038649277,34.6402420514,High
20215,5329,Carteret,22,69039.0,Coastal,133.3,1912.1,Moderate,-76.5357430669,34.8612598084,High
20239,2458,Greene,22,19978.0,Coastal,76.7,1640.3,High,-77.6757626742,35.4849957203,High
20294,5051,Watauga,22,54804.0,Northern,173.1,1191.8,Moderate,-81.6964250718,36.2311062795,Substantial
20272,3582,Person,22,39048.0,Eastern,99.7,1862.8,Substantial,-78.9718051426,36.3900951244,High
20246,5049,Hoke,22,53783.0,Eastern,133.5,2028.14,High,-79.237290715,35.0175290075,High
20217,20058,Catawba,22,162841.0,Northern,400.2,2802.5,Substantial,-81.2150705598,35.662042354,High
20259,116762,Mecklenburg,22,1128426.0,Central,2130.4,3736.1,High,-80.8327311406,35.2467670437,High
20232,5785,Edgecombe,22,48604.0,Coastal,96.7,2366.3,Substantial,-77.5970588882,35.912880671,High
20364,19811,New Hanover,23,230423.0,Coastal,1174.0,2612.3,Substantial,-77.865597569,34.1815553357,High
20350,22900,Johnston,23,224833.0,Coastal,272.7,1547.3,High,-78.3657109025,35.5178069265,High
20303,2670,Anson,23,22028.0,Central,41.5,2802.1,Substantial,-80.102712026,34.9737894417,High
20336,756,Gates,23,10324.0,Coastal,30.8,750.9,Moderate,-76.7005266521,36.4449435708,Substantial
20351,911,Jones,23,9076.0,Coastal,19.5,0.0,Moderate,-77.3551679748,35.0217248029,Substantial
20348,19573,Iredell,23,192986.0,Northern,325.0,1866.4,Substantial,-80.8734378255,35.8070259189,High
20326,1608,Currituck,23,29385.0,Coastal,107.3,1344.3,Moderate,-75.936949201,36.3672994836,High
20352,6279,Lee,23,64360.0,Eastern,248.1,1631.1,High,-79.1714836119,35.4751864248,High
20320,1525,Chowan,23,13646.0,Coastal,79.4,1402.6,Substantial,-76.6021303656,36.1265615389,High
20339,2462,Greene,23,19978.0,Coastal,76.7,1640.3,High,-77.6757626742,35.4849957203,High
20306,4841,Beaufort,23,44150.0,Coastal,53.6,2157.95,Substantial,-76.8453144055,35.486983815,High
20373,20936,Pitt,23,173536.0,Coastal,261.0,2238.9,High,-77.3744965519,35.5932989746,High
20316,2226,Caswell,23,22400.0,Eastern,53.5,317.5,Substantial,-79.3335234769,36.3932742158,High
20328,17177,Davidson,23,171752.0,Northern,305.4,1757.8,Moderate,-80.2127487756,35.7933524917,High
20391,91669,Wake,23,1154170.0,Eastern,1353.3,1846.0,Moderate,-78.6503081729,35.7902443741,High
20315,5334,Carteret,23,69039.0,Coastal,133.3,1912.1,Moderate,-76.5357430669,34.8612598084,High
20368,1133,Pamlico,23,12215.0,Coastal,36.5,2321.5,Substantial,-76.6694598427,35.151021226,High
20305,2179,Avery,23,17347.0,Western,72.0,1003.4,Substantial,-81.9226013745,36.0766050343,Substantial
20360,1479,Mitchell,23,14783.0,Western,67.4,458.42,Moderate,-82.1635815487,36.0132038869,High
20354,10469,Lincoln,23,88742.0,Central,293.4,1745.2,Substantial,-81.2235326264,35.4855950234,High
20318,4842,Chatham,23,77095.0,Eastern,111.9,1456.0,Substantial,-79.2552758614,35.7025721296,High
20347,670,Hyde,23,4595.0,Coastal,7.5,0.0,Low,-76.1449651093,35.4081187361,Moderate
20372,3586,Person,23,39048.0,Eastern,99.7,1862.8,Substantial,-78.9718051426,36.3900951244,High
20333,37415,Forsyth,23,387703.0,Northern,938.1,4129.5,Substantial,-80.256300016,36.1306195485,High
20361,3427,Montgomery,23,25485.0,Eastern,52.4,2480.1,Substantial,-79.9054790812,35.332466935,High
20349,3692,Jackson,23,41919.0,Western,87.8,1864.6,Moderate,-83.1408496187,35.2875866253,High
20309,9588,Brunswick,23,144821.0,Coastal,160.8,1537.1,Substantial,-78.2274071617,34.0388755841,High
20317,20094,Catawba,23,162841.0,Northern,400.2,2802.5,Substantial,-81.2150705598,35.662042354,High
20393,1145,Washington,23,10708.0,Coastal,31.8,1746.8,Moderate,-76.5693098876,35.8392646425,High
20384,4290,Stokes,23,44422.0,Northern,99.1,2146.85,Substantial,-80.2395157151,36.4019040049,High
20370,5703,Pender,23,62250.0,Coastal,69.1,1461.9,High,-77.8884355846,34.5150997489,High
20362,9240,Moore,23,102966.0,Eastern,142.9,1617.3,Substantial,-79.4813744392,35.3106538555,High
20367,8707,Orange,23,148331.0,Eastern,374.0,1991.9,Moderate,-79.120649356,36.0611182361,High
20392,1824,Warren,23,18621.0,Eastern,43.4,2235.0,Moderate,-78.1067171324,36.3965102811,Substantial
20355,3191,Macon,23,37041.0,Western,71.8,2077.4,Moderate,-83.4221767088,35.1504672096,High
20395,11735,Wayne,23,115895.0,Coastal,211.8,2813.0,Substantial,-78.0039971272,35.3639599672,High
20390,5015,Vance,23,41665.0,Eastern,168.7,3584.5,Moderate,-78.4079288849,36.3649169333,High
20321,925,Clay,23,11238.0,Western,51.6,2288.34,Substantial,-83.7501767115,35.0571811284,High
20383,8032,Stanly,23,62143.0,Central,158.2,2425.2,Substantial,-80.2509863077,35.3119550622,High
20331,26343,Durham,23,331347.0,Eastern,1133.7,3966.0,Moderate,-78.8765926949,36.0360299243,High
20399,1644,Yancey,23,18320.0,Western,59.1,557.0,Moderate,-82.3076279784,35.8989479924,High
20342,12386,Harnett,23,134986.0,Eastern,224.5,2172.6,High,-78.8694125204,35.3686291614,High
20371,1049,Perquimans,23,13049.0,Coastal,52.6,684.8,High,-76.4076199893,36.1772228503,High
20389,25412,Union,23,244960.0,Central,376.6,1582.3,Substantial,-80.5307400446,34.9883574887,High
20335,27503,Gaston,23,233387.0,Central,640.7,2912.4,Substantial,-81.1802416273,35.2943489527,High
20369,3478,Pasquotank,23,40966.0,Coastal,178.8,2078.8,Moderate,-76.2492413613,36.2650187228,High
20387,2443,Transylvania,23,32825.0,Western,87.2,978.5,High,-82.7983001279,35.2021778635,High
20319,2704,Cherokee,23,28738.0,Western,63.2,3613.3,Substantial,-84.063444228,35.1338574515,High
20302,1103,Alleghany,23,11057.0,Northern,46.4,697.2,Low,-81.1278593427,36.4912704378,Substantial
20396,7046,Wilkes,23,65151.0,Northern,87.5,1887.3,Substantial,-81.1633856618,36.2062757623,High
20345,2128,Hertford,23,20374.0,Coastal,61.0,2281.6,Moderate,-76.9807147831,36.3586360305,Substantial
20374,1530,Polk,23,19461.0,Western,81.3,1596.5,Substantial,-82.1696779265,35.2792789622,High
20300,19252,Alamance,23,175029.0,Northern,404.8,3065.6,Substantial,-79.3994248175,36.0437098766,High
20377,17444,Robeson,23,115899.0,Coastal,123.0,5137.4,High,-79.1038649277,34.6402420514,High
20398,4187,Yadkin,23,36925.0,Northern,111.1,1820.8,Substantial,-80.6652439331,36.1605336919,High
20366,18415,Onslow,23,207928.0,Coastal,268.4,2191.23,High,-77.4157658244,34.709836363,High
20357,2381,Martin,23,21503.0,Coastal,48.3,2717.4,High,-77.109232267,35.843213981,High
20340,49260,Guilford,23,545484.0,Northern,838.0,3371.1,Substantial,-79.7889042685,36.0794717315,High
20314,699,Camden,23,10537.0,Coastal,43.1,793.0,Moderate,-76.1609504039,36.3411216216,Moderate
20307,1806,Bertie,23,17302.0,Coastal,25.7,1594.6,Moderate,-76.9667121404,36.0656302022,High
20382,4018,Scotland,23,33662.0,Eastern,107.1,3528.0,High,-79.4804292418,34.8408848102,High
20304,2274,Ashe,23,26506.0,Northern,62.3,1123.1,Moderate,-81.5005211955,36.434424701,High
20322,11959,Cleveland,23,99332.0,Western,214.4,2001.7,High,-81.5555471412,35.3341018022,High
20381,8306,Sampson,23,58371.0,Coastal,62.4,2241.9,High,-78.3713906105,34.9915361594,High
20376,5035,Richmond,23,43006.0,Eastern,90.7,5508.4,High,-79.7477780226,35.0060483545,High
20358,5355,McDowell,23,44151.0,Western,101.3,2610.9,Substantial,-82.0493124426,35.6816924709,High
20337,693,Graham,23,7935.0,Western,27.5,8085.4,Substantial,-83.833581803,35.350171951,High
20346,5071,Hoke,23,53783.0,Eastern,133.5,2028.14,High,-79.237290715,35.0175290075,High
20338,6044,Granville,23,60720.0,Eastern,114.6,1466.3,Moderate,-78.6527194252,36.3040698262,High
20375,15514,Randolph,23,143325.0,Northern,184.3,1615.5,Substantial,-79.8060069064,35.7103417044,High
20324,9575,Craven,23,102568.0,Coastal,142.5,2112.3,Substantial,-77.082003837,35.117685821,High
20359,116949,Mecklenburg,23,1128426.0,Central,2130.4,3736.1,High,-80.8327311406,35.2467670437,High
20388,327,Tyrrell,23,3315.0,Coastal,8.3,957.2,Low,-76.1704523585,35.8694070017,High
20353,6316,Lenoir,23,54323.0,Coastal,138.1,3246.04,Moderate,-77.6412486292,35.2387731611,High
20344,10494,Henderson,23,117429.0,Western,311.8,2039.7,Substantial,-82.4799463782,35.3362263031,High
20397,10050,Wilson,23,79078.0,Coastal,214.3,2386.9,Substantial,-77.9186629547,35.7051457145,High
20313,9601,Caldwell,23,81319.0,Northern,170.9,2504.8,Substantial,-81.5464366451,35.9530379334,High
20311,10266,Burke,23,88398.0,Western,173.0,1836.1,Substantial,-81.7047784739,35.7496106399,High
20394,5053,Watauga,23,54804.0,Northern,173.1,1191.8,Moderate,-81.6964250718,36.2311062795,Substantial
20308,3641,Bladen,23,29171.0,Coastal,33.8,2578.5,High,-78.5636493115,34.6145873342,High
20301,4518,Alexander,23,36172.0,Northern,140.2,1440.7,High,-81.1770268506,35.9210263138,High
20310,18421,Buncombe,23,271638.0,Western,410.4,3012.8,Substantial,-82.5301070587,35.611177887,High
20327,2292,Dare,23,37817.0,Coastal,96.3,1872.9,High,-75.6852333134,35.664936694,High
20343,4592,Haywood,23,62831.0,Western,112.2,3591.8,Substantial,-82.9821729698,35.5560557128,High
20379,17569,Rowan,23,148565.0,Northern,287.1,2292.8,Substantial,-80.5247717485,35.6394734632,High
20341,5743,Halifax,23,47859.0,Coastal,67.2,2754.7,Substantial,-77.6517329831,36.2574485453,High
20323,6673,Columbus,23,49795.0,Coastal,54.0,2887.71,High,-78.6550308717,34.2656450828,High
20363,11785,Nash,23,96101.0,Coastal,175.7,1838.5,Moderate,-77.9864448378,35.9672502839,High
20385,8572,Surry,23,70573.0,Northern,134.0,1507.5,High,-80.6880779273,36.4148205561,High
20332,5794,Edgecombe,23,48604.0,Coastal,96.7,2366.3,Substantial,-77.5970588882,35.912880671,High
20365,1915,Northampton,23,16953.0,Eastern,32.6,2092.6,Substantial,-77.3968212099,36.4177312434,Substantial
20378,8220,Rockingham,23,90457.0,Northern,161.0,2130.4,Moderate,-79.7749871967,36.3960127906,High
20386,1223,Swain,23,14046.0,Western,26.8,3517.8,Substantial,-83.4927393736,35.4868150519,High
20325,31579,Cumberland,23,341793.0,Eastern,512.9,3748.5,High,-78.8275607671,35.048611942,High
20330,6537,Duplin,23,48249.0,Coastal,59.8,2911.6,High,-77.9330277459,34.9365348363,High
20380,7583,Rutherford,23,63870.0,Western,114.0,2009.9,High,-81.9198334642,35.4025956291,High
20329,4247,Davie,23,43127.0,Northern,162.0,1665.25,Substantial,-80.5444636482,35.929110866,High
20334,7103,Franklin,23,70655.0,Eastern,139.4,1314.6,Substantial,-78.2856965824,36.0827733527,High
20356,1634,Madison,23,21146.0,Western,47.1,1247.6,Substantial,-82.7057582627,35.8580358086,High
20312,22873,Cabarrus,23,232873.0,Central,625.1,1374.8,Substantial,-80.5518508851,35.3867940405,High
20431,26343,Durham,24,331347.0,Eastern,1133.7,3966.0,Moderate,-78.8765926949,36.0360299243,High
20458,5355,McDowell,24,44151.0,Western,101.3,2610.9,Substantial,-82.0493124426,35.6816924709,High
20491,91669,Wake,24,1154170.0,Eastern,1353.3,1846.0,Moderate,-78.6503081729,35.7902443741,High
20469,3478,Pasquotank,24,40966.0,Coastal,178.8,2078.8,Moderate,-76.2492413613,36.2650187228,High
20408,3641,Bladen,24,29171.0,Coastal,33.8,2578.5,High,-78.5636493115,34.6145873342,High
20461,3427,Montgomery,24,25485.0,Eastern,52.4,2480.1,Substantial,-79.9054790812,35.332466935,High
20483,8032,Stanly,24,62143.0,Central,158.2,2425.2,Substantial,-80.2509863077,35.3119550622,High
20410,18421,Buncombe,24,271638.0,Western,410.4,3012.8,Substantial,-82.5301070587,35.611177887,High
20490,5015,Vance,24,41665.0,Eastern,168.7,3584.5,Moderate,-78.4079288849,36.3649169333,High
20449,3692,Jackson,24,41919.0,Western,87.8,1864.6,Moderate,-83.1408496187,35.2875866253,High
20409,9588,Brunswick,24,144821.0,Coastal,160.8,1537.1,Substantial,-78.2274071617,34.0388755841,High
20444,10494,Henderson,24,117429.0,Western,311.8,2039.7,Substantial,-82.4799463782,35.3362263031,High
20413,9601,Caldwell,24,81319.0,Northern,170.9,2504.8,Substantial,-81.5464366451,35.9530379334,High
20495,11735,Wayne,24,115895.0,Coastal,211.8,2813.0,Substantial,-78.0039971272,35.3639599672,High
20479,17569,Rowan,24,148565.0,Northern,287.1,2292.8,Substantial,-80.5247717485,35.6394734632,High
20465,1915,Northampton,24,16953.0,Eastern,32.6,2092.6,Substantial,-77.3968212099,36.4177312434,Substantial
20403,2670,Anson,24,22028.0,Central,41.5,2802.1,Substantial,-80.102712026,34.9737894417,High
20453,6316,Lenoir,24,54323.0,Coastal,138.1,3246.04,Moderate,-77.6412486292,35.2387731611,High
20497,10050,Wilson,24,79078.0,Coastal,214.3,2386.9,Substantial,-77.9186629547,35.7051457145,High
20425,31579,Cumberland,24,341793.0,Eastern,512.9,3748.5,High,-78.8275607671,35.048611942,High
20488,327,Tyrrell,24,3315.0,Coastal,8.3,957.2,Low,-76.1704523585,35.8694070017,High
20484,4290,Stokes,24,44422.0,Northern,99.1,2146.85,Substantial,-80.2395157151,36.4019040049,High
20486,1223,Swain,24,14046.0,Western,26.8,3517.8,Substantial,-83.4927393736,35.4868150519,High
20446,5071,Hoke,24,53783.0,Eastern,133.5,2028.14,High,-79.237290715,35.0175290075,High
20437,693,Graham,24,7935.0,Western,27.5,8085.4,Substantial,-83.833581803,35.350171951,High
20447,670,Hyde,24,4595.0,Coastal,7.5,0.0,Low,-76.1449651093,35.4081187361,Moderate
20430,6537,Duplin,24,48249.0,Coastal,59.8,2911.6,High,-77.9330277459,34.9365348363,High
20476,5035,Richmond,24,43006.0,Eastern,90.7,5508.4,High,-79.7477780226,35.0060483545,High
20451,911,Jones,24,9076.0,Coastal,19.5,0.0,Moderate,-77.3551679748,35.0217248029,Substantial
20454,10469,Lincoln,24,88742.0,Central,293.4,1745.2,Substantial,-81.2235326264,35.4855950234,High
20416,2226,Caswell,24,22400.0,Eastern,53.5,317.5,Substantial,-79.3335234769,36.3932742158,High
20457,2381,Martin,24,21503.0,Coastal,48.3,2717.4,High,-77.109232267,35.843213981,High
20455,3191,Macon,24,37041.0,Western,71.8,2077.4,Moderate,-83.4221767088,35.1504672096,High
20433,37415,Forsyth,24,387703.0,Northern,938.1,4129.5,Substantial,-80.256300016,36.1306195485,High
20405,2179,Avery,24,17347.0,Western,72.0,1003.4,Substantial,-81.9226013745,36.0766050343,Substantial
20421,925,Clay,24,11238.0,Western,51.6,2288.34,Substantial,-83.7501767115,35.0571811284,High
20407,1806,Bertie,24,17302.0,Coastal,25.7,1594.6,Moderate,-76.9667121404,36.0656302022,High
20485,8572,Surry,24,70573.0,Northern,134.0,1507.5,High,-80.6880779273,36.4148205561,High
20427,2292,Dare,24,37817.0,Coastal,96.3,1872.9,High,-75.6852333134,35.664936694,High
20464,19811,New Hanover,24,230423.0,Coastal,1174.0,2612.3,Substantial,-77.865597569,34.1815553357,High
20419,2704,Cherokee,24,28738.0,Western,63.2,3613.3,Substantial,-84.063444228,35.1338574515,High
20492,1824,Warren,24,18621.0,Eastern,43.4,2235.0,Moderate,-78.1067171324,36.3965102811,Substantial
20467,8707,Orange,24,148331.0,Eastern,374.0,1991.9,Moderate,-79.120649356,36.0611182361,High
20481,8306,Sampson,24,58371.0,Coastal,62.4,2241.9,High,-78.3713906105,34.9915361594,High
20470,5703,Pender,24,62250.0,Coastal,69.1,1461.9,High,-77.8884355846,34.5150997489,High
20432,5794,Edgecombe,24,48604.0,Coastal,96.7,2366.3,Substantial,-77.5970588882,35.912880671,High
20463,11785,Nash,24,96101.0,Coastal,175.7,1838.5,Moderate,-77.9864448378,35.9672502839,High
20498,4187,Yadkin,24,36925.0,Northern,111.1,1820.8,Substantial,-80.6652439331,36.1605336919,High
20456,1634,Madison,24,21146.0,Western,47.1,1247.6,Substantial,-82.7057582627,35.8580358086,High
20412,22873,Cabarrus,24,232873.0,Central,625.1,1374.8,Substantial,-80.5518508851,35.3867940405,High
20401,4518,Alexander,24,36172.0,Northern,140.2,1440.7,High,-81.1770268506,35.9210263138,High
20450,22900,Johnston,24,224833.0,Coastal,272.7,1547.3,High,-78.3657109025,35.5178069265,High
20402,1103,Alleghany,24,11057.0,Northern,46.4,697.2,Low,-81.1278593427,36.4912704378,Substantial
20478,8220,Rockingham,24,90457.0,Northern,161.0,2130.4,Moderate,-79.7749871967,36.3960127906,High
20496,7046,Wilkes,24,65151.0,Northern,87.5,1887.3,Substantial,-81.1633856618,36.2062757623,High
20448,19573,Iredell,24,192986.0,Northern,325.0,1866.4,Substantial,-80.8734378255,35.8070259189,High
20445,2128,Hertford,24,20374.0,Coastal,61.0,2281.6,Moderate,-76.9807147831,36.3586360305,Substantial
20487,2443,Transylvania,24,32825.0,Western,87.2,978.5,High,-82.7983001279,35.2021778635,High
20423,6673,Columbus,24,49795.0,Coastal,54.0,2887.71,High,-78.6550308717,34.2656450828,High
20439,2462,Greene,24,19978.0,Coastal,76.7,1640.3,High,-77.6757626742,35.4849957203,High
20428,17177,Davidson,24,171752.0,Northern,305.4,1757.8,Moderate,-80.2127487756,35.7933524917,High
20477,17444,Robeson,24,115899.0,Coastal,123.0,5137.4,High,-79.1038649277,34.6402420514,High
20417,20094,Catawba,24,162841.0,Northern,400.2,2802.5,Substantial,-81.2150705598,35.662042354,High
20426,1608,Currituck,24,29385.0,Coastal,107.3,1344.3,Moderate,-75.936949201,36.3672994836,High
20443,4592,Haywood,24,62831.0,Western,112.2,3591.8,Substantial,-82.9821729698,35.5560557128,High
20466,18415,Onslow,24,207928.0,Coastal,268.4,2191.23,High,-77.4157658244,34.709836363,High
20471,1049,Perquimans,24,13049.0,Coastal,52.6,684.8,High,-76.4076199893,36.1772228503,High
20499,1644,Yancey,24,18320.0,Western,59.1,557.0,Moderate,-82.3076279784,35.8989479924,High
20459,116949,Mecklenburg,24,1128426.0,Central,2130.4,3736.1,High,-80.8327311406,35.2467670437,High
20414,699,Camden,24,10537.0,Coastal,43.1,793.0,Moderate,-76.1609504039,36.3411216216,Moderate
20440,49260,Guilford,24,545484.0,Northern,838.0,3371.1,Substantial,-79.7889042685,36.0794717315,High
20435,27503,Gaston,24,233387.0,Central,640.7,2912.4,Substantial,-81.1802416273,35.2943489527,High
20480,7583,Rutherford,24,63870.0,Western,114.0,2009.9,High,-81.9198334642,35.4025956291,High
20489,25412,Union,24,244960.0,Central,376.6,1582.3,Substantial,-80.5307400446,34.9883574887,High
20468,1133,Pamlico,24,12215.0,Coastal,36.5,2321.5,Substantial,-76.6694598427,35.151021226,High
20475,15514,Randolph,24,143325.0,Northern,184.3,1615.5,Substantial,-79.8060069064,35.7103417044,High
20415,5334,Carteret,24,69039.0,Coastal,133.3,1912.1,Moderate,-76.5357430669,34.8612598084,High
20424,9575,Craven,24,102568.0,Coastal,142.5,2112.3,Substantial,-77.082003837,35.117685821,High
20474,1530,Polk,24,19461.0,Western,81.3,1596.5,Substantial,-82.1696779265,35.2792789622,High
20473,20936,Pitt,24,173536.0,Coastal,261.0,2238.9,High,-77.3744965519,35.5932989746,High
20452,6279,Lee,24,64360.0,Eastern,248.1,1631.1,High,-79.1714836119,35.4751864248,High
20493,1145,Washington,24,10708.0,Coastal,31.8,1746.8,Moderate,-76.5693098876,35.8392646425,High
20411,10266,Burke,24,88398.0,Western,173.0,1836.1,Substantial,-81.7047784739,35.7496106399,High
20494,5053,Watauga,24,54804.0,Northern,173.1,1191.8,Moderate,-81.6964250718,36.2311062795,Substantial
20482,4018,Scotland,24,33662.0,Eastern,107.1,3528.0,High,-79.4804292418,34.8408848102,High
20460,1479,Mitchell,24,14783.0,Western,67.4,458.42,Moderate,-82.1635815487,36.0132038869,High
20400,19252,Alamance,24,175029.0,Northern,404.8,3065.6,Substantial,-79.3994248175,36.0437098766,High
20422,11959,Cleveland,24,99332.0,Western,214.4,2001.7,High,-81.5555471412,35.3341018022,High
20420,1525,Chowan,24,13646.0,Coastal,79.4,1402.6,Substantial,-76.6021303656,36.1265615389,High
20441,5743,Halifax,24,47859.0,Coastal,67.2,2754.7,Substantial,-77.6517329831,36.2574485453,High
20438,6044,Granville,24,60720.0,Eastern,114.6,1466.3,Moderate,-78.6527194252,36.3040698262,High
20462,9240,Moore,24,102966.0,Eastern,142.9,1617.3,Substantial,-79.4813744392,35.3106538555,High
20442,12386,Harnett,24,134986.0,Eastern,224.5,2172.6,High,-78.8694125204,35.3686291614,High
20406,4841,Beaufort,24,44150.0,Coastal,53.6,2157.95,Substantial,-76.8453144055,35.486983815,High
20434,7103,Franklin,24,70655.0,Eastern,139.4,1314.6,Substantial,-78.2856965824,36.0827733527,High
20472,3586,Person,24,39048.0,Eastern,99.7,1862.8,Substantial,-78.9718051426,36.3900951244,High
20436,756,Gates,24,10324.0,Coastal,30.8,750.9,Moderate,-76.7005266521,36.4449435708,Substantial
20404,2274,Ashe,24,26506.0,Northern,62.3,1123.1,Moderate,-81.5005211955,36.434424701,High
20418,4842,Chatham,24,77095.0,Eastern,111.9,1456.0,Substantial,-79.2552758614,35.7025721296,High
20429,4247,Davie,24,43127.0,Northern,162.0,1665.25,Substantial,-80.5444636482,35.929110866,High
20534,7103,Franklin,25,70655.0,Eastern,139.4,1314.6,Substantial,-78.2856965824,36.0827733527,High
20598,4187,Yadkin,25,36925.0,Northern,111.1,1820.8,Substantial,-80.6652439331,36.1605336919,High
20500,19252,Alamance,25,175029.0,Northern,404.8,3065.6,Substantial,-79.3994248175,36.0437098766,High
20523,6673,Columbus,25,49795.0,Coastal,54.0,2887.71,High,-78.6550308717,34.2656450828,High
20572,3586,Person,25,39048.0,Eastern,99.7,1862.8,Substantial,-78.9718051426,36.3900951244,High
20528,17177,Davidson,25,171752.0,Northern,305.4,1757.8,Moderate,-80.2127487756,35.7933524917,High
20501,4518,Alexander,25,36172.0,Northern,140.2,1440.7,High,-81.1770268506,35.9210263138,High
20574,1530,Polk,25,19461.0,Western,81.3,1596.5,Substantial,-82.1696779265,35.2792789622,High
20545,2128,Hertford,25,20374.0,Coastal,61.0,2281.6,Moderate,-76.9807147831,36.3586360305,Substantial
20529,4247,Davie,25,43127.0,Northern,162.0,1665.25,Substantial,-80.5444636482,35.929110866,High
20502,1103,Alleghany,25,11057.0,Northern,46.4,697.2,Low,-81.1278593427,36.4912704378,Substantial
20562,9240,Moore,25,102966.0,Eastern,142.9,1617.3,Substantial,-79.4813744392,35.3106538555,High
20587,2443,Transylvania,25,32825.0,Western,87.2,978.5,High,-82.7983001279,35.2021778635,High
20518,4842,Chatham,25,77095.0,Eastern,111.9,1456.0,Substantial,-79.2552758614,35.7025721296,High
20596,7046,Wilkes,25,65151.0,Northern,87.5,1887.3,Substantial,-81.1633856618,36.2062757623,High
20550,22900,Johnston,25,224833.0,Coastal,272.7,1547.3,High,-78.3657109025,35.5178069265,High
20548,19573,Iredell,25,192986.0,Northern,325.0,1866.4,Substantial,-80.8734378255,35.8070259189,High
20535,27503,Gaston,25,233387.0,Central,640.7,2912.4,Substantial,-81.1802416273,35.2943489527,High
20580,7583,Rutherford,25,63870.0,Western,114.0,2009.9,High,-81.9198334642,35.4025956291,High
20539,2462,Greene,25,19978.0,Coastal,76.7,1640.3,High,-77.6757626742,35.4849957203,High
20542,12386,Harnett,25,134986.0,Eastern,224.5,2172.6,High,-78.8694125204,35.3686291614,High
20507,1806,Bertie,25,17302.0,Coastal,25.7,1594.6,Moderate,-76.9667121404,36.0656302022,High
20599,1644,Yancey,25,18320.0,Western,59.1,557.0,Moderate,-82.3076279784,35.8989479924,High
20521,925,Clay,25,11238.0,Western,51.6,2288.34,Substantial,-83.7501767115,35.0571811284,High
20581,8306,Sampson,25,58371.0,Coastal,62.4,2241.9,High,-78.3713906105,34.9915361594,High
20519,2704,Cherokee,25,28738.0,Western,63.2,3613.3,Substantial,-84.063444228,35.1338574515,High
20564,19811,New Hanover,25,230423.0,Coastal,1174.0,2612.3,Substantial,-77.865597569,34.1815553357,High
20570,5703,Pender,25,62250.0,Coastal,69.1,1461.9,High,-77.8884355846,34.5150997489,High
20533,37415,Forsyth,25,387703.0,Northern,938.1,4129.5,Substantial,-80.256300016,36.1306195485,High
20568,1133,Pamlico,25,12215.0,Coastal,36.5,2321.5,Substantial,-76.6694598427,35.151021226,High
20593,1145,Washington,25,10708.0,Coastal,31.8,1746.8,Moderate,-76.5693098876,35.8392646425,High
20592,1824,Warren,25,18621.0,Eastern,43.4,2235.0,Moderate,-78.1067171324,36.3965102811,Substantial
20512,22873,Cabarrus,25,232873.0,Central,625.1,1374.8,Substantial,-80.5518508851,35.3867940405,High
20509,9588,Brunswick,25,144821.0,Coastal,160.8,1537.1,Substantial,-78.2274071617,34.0388755841,High
20557,2381,Martin,25,21503.0,Coastal,48.3,2717.4,High,-77.109232267,35.843213981,High
20514,699,Camden,25,10537.0,Coastal,43.1,793.0,Moderate,-76.1609504039,36.3411216216,Moderate
20504,2274,Ashe,25,26506.0,Northern,62.3,1123.1,Moderate,-81.5005211955,36.434424701,High
20516,2226,Caswell,25,22400.0,Eastern,53.5,317.5,Substantial,-79.3335234769,36.3932742158,High
20585,8572,Surry,25,70573.0,Northern,134.0,1507.5,High,-80.6880779273,36.4148205561,High
20543,4592,Haywood,25,62831.0,Western,112.2,3591.8,Substantial,-82.9821729698,35.5560557128,High
20589,25412,Union,25,244960.0,Central,376.6,1582.3,Substantial,-80.5307400446,34.9883574887,High
20555,3191,Macon,25,37041.0,Western,71.8,2077.4,Moderate,-83.4221767088,35.1504672096,High
20567,8707,Orange,25,148331.0,Eastern,374.0,1991.9,Moderate,-79.120649356,36.0611182361,High
20566,18415,Onslow,25,207928.0,Coastal,268.4,2191.23,High,-77.4157658244,34.709836363,High
20526,1608,Currituck,25,29385.0,Coastal,107.3,1344.3,Moderate,-75.936949201,36.3672994836,High
20517,20094,Catawba,25,162841.0,Northern,400.2,2802.5,Substantial,-81.2150705598,35.662042354,High
20505,2179,Avery,25,17347.0,Western,72.0,1003.4,Substantial,-81.9226013745,36.0766050343,Substantial
20577,17444,Robeson,25,115899.0,Coastal,123.0,5137.4,High,-79.1038649277,34.6402420514,High
20540,49260,Guilford,25,545484.0,Northern,838.0,3371.1,Substantial,-79.7889042685,36.0794717315,High
20532,5794,Edgecombe,25,48604.0,Coastal,96.7,2366.3,Substantial,-77.5970588882,35.912880671,High
20573,20936,Pitt,25,173536.0,Coastal,261.0,2238.9,High,-77.3744965519,35.5932989746,High
20583,8032,Stanly,25,62143.0,Central,158.2,2425.2,Substantial,-80.2509863077,35.3119550622,High
20527,2292,Dare,25,37817.0,Coastal,96.3,1872.9,High,-75.6852333134,35.664936694,High
20511,10266,Burke,25,88398.0,Western,173.0,1836.1,Substantial,-81.7047784739,35.7496106399,High
20513,9601,Caldwell,25,81319.0,Northern,170.9,2504.8,Substantial,-81.5464366451,35.9530379334,High
20595,11735,Wayne,25,115895.0,Coastal,211.8,2813.0,Substantial,-78.0039971272,35.3639599672,High
20552,6279,Lee,25,64360.0,Eastern,248.1,1631.1,High,-79.1714836119,35.4751864248,High
20554,10469,Lincoln,25,88742.0,Central,293.4,1745.2,Substantial,-81.2235326264,35.4855950234,High
20544,10494,Henderson,25,117429.0,Western,311.8,2039.7,Substantial,-82.4799463782,35.3362263031,High
20559,116949,Mecklenburg,25,1128426.0,Central,2130.4,3736.1,High,-80.8327311406,35.2467670437,High
20579,17569,Rowan,25,148565.0,Northern,287.1,2292.8,Substantial,-80.5247717485,35.6394734632,High
20553,6316,Lenoir,25,54323.0,Coastal,138.1,3246.04,Moderate,-77.6412486292,35.2387731611,High
20515,5334,Carteret,25,69039.0,Coastal,133.3,1912.1,Moderate,-76.5357430669,34.8612598084,High
20565,1915,Northampton,25,16953.0,Eastern,32.6,2092.6,Substantial,-77.3968212099,36.4177312434,Substantial
20597,10050,Wilson,25,79078.0,Coastal,214.3,2386.9,Substantial,-77.9186629547,35.7051457145,High
20588,327,Tyrrell,25,3315.0,Coastal,8.3,957.2,Low,-76.1704523585,35.8694070017,High
20530,6537,Duplin,25,48249.0,Coastal,59.8,2911.6,High,-77.9330277459,34.9365348363,High
20536,756,Gates,25,10324.0,Coastal,30.8,750.9,Moderate,-76.7005266521,36.4449435708,Substantial
20584,4290,Stokes,25,44422.0,Northern,99.1,2146.85,Substantial,-80.2395157151,36.4019040049,High
20582,4018,Scotland,25,33662.0,Eastern,107.1,3528.0,High,-79.4804292418,34.8408848102,High
20560,1479,Mitchell,25,14783.0,Western,67.4,458.42,Moderate,-82.1635815487,36.0132038869,High
20546,5071,Hoke,25,53783.0,Eastern,133.5,2028.14,High,-79.237290715,35.0175290075,High
20575,15514,Randolph,25,143325.0,Northern,184.3,1615.5,Substantial,-79.8060069064,35.7103417044,High
20506,4841,Beaufort,25,44150.0,Coastal,53.6,2157.95,Substantial,-76.8453144055,35.486983815,High
20503,2670,Anson,25,22028.0,Central,41.5,2802.1,Substantial,-80.102712026,34.9737894417,High
20538,6044,Granville,25,60720.0,Eastern,114.6,1466.3,Moderate,-78.6527194252,36.3040698262,High
20525,31579,Cumberland,25,341793.0,Eastern,512.9,3748.5,High,-78.8275607671,35.048611942,High
20547,670,Hyde,25,4595.0,Coastal,7.5,0.0,Low,-76.1449651093,35.4081187361,Moderate
20556,1634,Madison,25,21146.0,Western,47.1,1247.6,Substantial,-82.7057582627,35.8580358086,High
20537,693,Graham,25,7935.0,Western,27.5,8085.4,Substantial,-83.833581803,35.350171951,High
20590,5015,Vance,25,41665.0,Eastern,168.7,3584.5,Moderate,-78.4079288849,36.3649169333,High
20569,3478,Pasquotank,25,40966.0,Coastal,178.8,2078.8,Moderate,-76.2492413613,36.2650187228,High
20551,911,Jones,25,9076.0,Coastal,19.5,0.0,Moderate,-77.3551679748,35.0217248029,Substantial
20520,1525,Chowan,25,13646.0,Coastal,79.4,1402.6,Substantial,-76.6021303656,36.1265615389,High
20576,5035,Richmond,25,43006.0,Eastern,90.7,5508.4,High,-79.7477780226,35.0060483545,High
20558,5355,McDowell,25,44151.0,Western,101.3,2610.9,Substantial,-82.0493124426,35.6816924709,High
20549,3692,Jackson,25,41919.0,Western,87.8,1864.6,Moderate,-83.1408496187,35.2875866253,High
20571,1049,Perquimans,25,13049.0,Coastal,52.6,684.8,High,-76.4076199893,36.1772228503,High
20531,26343,Durham,25,331347.0,Eastern,1133.7,3966.0,Moderate,-78.8765926949,36.0360299243,High
20561,3427,Montgomery,25,25485.0,Eastern,52.4,2480.1,Substantial,-79.9054790812,35.332466935,High
20586,1223,Swain,25,14046.0,Western,26.8,3517.8,Substantial,-83.4927393736,35.4868150519,High
20563,11785,Nash,25,96101.0,Coastal,175.7,1838.5,Moderate,-77.9864448378,35.9672502839,High
20508,3641,Bladen,25,29171.0,Coastal,33.8,2578.5,High,-78.5636493115,34.6145873342,High
20578,8220,Rockingham,25,90457.0,Northern,161.0,2130.4,Moderate,-79.7749871967,36.3960127906,High
20594,5053,Watauga,25,54804.0,Northern,173.1,1191.8,Moderate,-81.6964250718,36.2311062795,Substantial
20510,18421,Buncombe,25,271638.0,Western,410.4,3012.8,Substantial,-82.5301070587,35.611177887,High
20522,11959,Cleveland,25,99332.0,Western,214.4,2001.7,High,-81.5555471412,35.3341018022,High
20541,5743,Halifax,25,47859.0,Coastal,67.2,2754.7,Substantial,-77.6517329831,36.2574485453,High
20591,91669,Wake,25,1154170.0,Eastern,1353.3,1846.0,Moderate,-78.6503081729,35.7902443741,High
20524,9575,Craven,25,102568.0,Coastal,142.5,2112.3,Substantial,-77.082003837,35.117685821,High
20625,31855,Cumberland,26,341793.0,Eastern,512.9,3748.5,High,-78.8275607671,35.048611942,High
20670,5752,Pender,26,62250.0,Coastal,69.1,1461.9,High,-77.8884355846,34.5150997489,High
20632,5818,Edgecombe,26,48604.0,Coastal,96.7,2366.3,High,-77.5970588882,35.912880671,High
20661,3432,Montgomery,26,25485.0,Eastern,52.4,2480.1,Substantial,-79.9054790812,35.332466935,High
20693,1146,Washington,26,10708.0,Coastal,31.8,1746.8,Moderate,-76.5693098876,35.8392646425,High
20606,4855,Beaufort,26,44150.0,Coastal,53.6,2157.95,Substantial,-76.8453144055,35.486983815,High
20681,8329,Sampson,26,58371.0,Coastal,62.4,2241.9,High,-78.3713906105,34.9915361594,High
20678,8256,Rockingham,26,90457.0,Northern,161.0,2130.4,Substantial,-79.7749871967,36.3960127906,High
20673,21050,Pitt,26,173536.0,Coastal,261.0,2238.9,High,-77.3744965519,35.5932989746,High
20609,9681,Brunswick,26,144821.0,Coastal,160.8,1537.1,High,-78.2274071617,34.0388755841,High
20686,1226,Swain,26,14046.0,Western,26.8,3517.8,Substantial,-83.4927393736,35.4868150519,High
20668,1138,Pamlico,26,12215.0,Coastal,36.5,2321.5,Substantial,-76.6694598427,35.151021226,High
20629,4272,Davie,26,43127.0,Northern,162.0,1665.25,Substantial,-80.5444636482,35.929110866,High
20630,6582,Duplin,26,48249.0,Coastal,59.8,2911.6,High,-77.9330277459,34.9365348363,High
20612,23040,Cabarrus,26,232873.0,Central,625.1,1374.8,High,-80.5518508851,35.3867940405,High
20691,92186,Wake,26,1154170.0,Eastern,1353.3,1846.0,Substantial,-78.6503081729,35.7902443741,High
20634,7143,Franklin,26,70655.0,Eastern,139.4,1314.6,High,-78.2856965824,36.0827733527,High
20663,11807,Nash,26,96101.0,Coastal,175.7,1838.5,Moderate,-77.9864448378,35.9672502839,High
20605,2181,Avery,26,17347.0,Western,72.0,1003.4,Substantial,-81.9226013745,36.0766050343,High
20623,6753,Columbus,26,49795.0,Coastal,54.0,2887.71,High,-78.6550308717,34.2656450828,High
20679,17648,Rowan,26,148565.0,Northern,287.1,2292.8,High,-80.5247717485,35.6394734632,High
20665,1922,Northampton,26,16953.0,Eastern,32.6,2092.6,Substantial,-77.3968212099,36.4177312434,Substantial
20683,8072,Stanly,26,62143.0,Central,158.2,2425.2,High,-80.2509863077,35.3119550622,High
20604,2293,Ashe,26,26506.0,Northern,62.3,1123.1,High,-81.5005211955,36.434424701,High
20652,6322,Lee,26,64360.0,Eastern,248.1,1631.1,High,-79.1714836119,35.4751864248,High
20641,5772,Halifax,26,47859.0,Coastal,67.2,2754.7,High,-77.6517329831,36.2574485453,High
20669,3480,Pasquotank,26,40966.0,Coastal,178.8,2078.8,Low,-76.2492413613,36.2650187228,High
20628,17268,Davidson,26,171752.0,Northern,305.4,1757.8,Substantial,-80.2127487756,35.7933524917,High
20649,3705,Jackson,26,41919.0,Western,87.8,1864.6,Substantial,-83.1408496187,35.2875866253,High
20620,1534,Chowan,26,13646.0,Coastal,79.4,1402.6,Substantial,-76.6021303656,36.1265615389,High
20682,4044,Scotland,26,33662.0,Eastern,107.1,3528.0,High,-79.4804292418,34.8408848102,High
20667,8736,Orange,26,148331.0,Eastern,374.0,1991.9,Moderate,-79.120649356,36.0611182361,High
20666,18545,Onslow,26,207928.0,Coastal,268.4,2191.23,High,-77.4157658244,34.709836363,High
20627,2309,Dare,26,37817.0,Coastal,96.3,1872.9,High,-75.6852333134,35.664936694,High
20608,3692,Bladen,26,29171.0,Coastal,33.8,2578.5,High,-78.5636493115,34.6145873342,High
20698,4207,Yadkin,26,36925.0,Northern,111.1,1820.8,High,-80.6652439331,36.1605336919,High
20656,1641,Madison,26,21146.0,Western,47.1,1247.6,Substantial,-82.7057582627,35.8580358086,High
20658,5375,McDowell,26,44151.0,Western,101.3,2610.9,Substantial,-82.0493124426,35.6816924709,High
20636,756,Gates,26,10324.0,Coastal,30.8,750.9,Moderate,-76.7005266521,36.4449435708,High
20671,1052,Perquimans,26,13049.0,Coastal,52.6,684.8,High,-76.4076199893,36.1772228503,High
20624,9605,Craven,26,102568.0,Coastal,142.5,2112.3,Substantial,-77.082003837,35.117685821,High
20622,12029,Cleveland,26,99332.0,Western,214.4,2001.7,High,-81.5555471412,35.3341018022,High
20631,26464,Durham,26,331347.0,Eastern,1133.7,3966.0,Substantial,-78.8765926949,36.0360299243,High
20676,5075,Richmond,26,43006.0,Eastern,90.7,5508.4,High,-79.7477780226,35.0060483545,High
20610,18538,Buncombe,26,271638.0,Western,410.4,3012.8,Substantial,-82.5301070587,35.611177887,High
20674,1533,Polk,26,19461.0,Western,81.3,1596.5,Substantial,-82.1696779265,35.2792789622,High
20601,4526,Alexander,26,36172.0,Northern,140.2,1440.7,Substantial,-81.1770268506,35.9210263138,High
20654,10535,Lincoln,26,88742.0,Central,293.4,1745.2,High,-81.2235326264,35.4855950234,High
20672,3604,Person,26,39048.0,Eastern,99.7,1862.8,Substantial,-78.9718051426,36.3900951244,High
20644,10566,Henderson,26,117429.0,Western,311.8,2039.7,High,-82.4799463782,35.3362263031,High
20602,1105,Alleghany,26,11057.0,Northern,46.4,697.2,Low,-81.1278593427,36.4912704378,High
20690,5026,Vance,26,41665.0,Eastern,168.7,3584.5,Moderate,-78.4079288849,36.3649169333,High
20646,5118,Hoke,26,53783.0,Eastern,133.5,2028.14,High,-79.237290715,35.0175290075,High
20637,698,Graham,26,7935.0,Western,27.5,8085.4,High,-83.833581803,35.350171951,High
20647,673,Hyde,26,4595.0,Coastal,7.5,0.0,Substantial,-76.1449651093,35.4081187361,Substantial
20603,2678,Anson,26,22028.0,Central,41.5,2802.1,Moderate,-80.102712026,34.9737894417,High
20638,6063,Granville,26,60720.0,Eastern,114.6,1466.3,Substantial,-78.6527194252,36.3040698262,High
20675,15569,Randolph,26,143325.0,Northern,184.3,1615.5,Substantial,-79.8060069064,35.7103417044,High
20660,1479,Mitchell,26,14783.0,Western,67.4,458.42,Moderate,-82.1635815487,36.0132038869,High
20684,4316,Stokes,26,44422.0,Northern,99.1,2146.85,Substantial,-80.2395157151,36.4019040049,High
20688,330,Tyrrell,26,3315.0,Coastal,8.3,957.2,Substantial,-76.1704523585,35.8694070017,High
20697,10069,Wilson,26,79078.0,Coastal,214.3,2386.9,Substantial,-77.9186629547,35.7051457145,High
20611,10313,Burke,26,88398.0,Western,173.0,1836.1,High,-81.7047784739,35.7496106399,High
20615,5341,Carteret,26,69039.0,Coastal,133.3,1912.1,Moderate,-76.5357430669,34.8612598084,High
20653,6338,Lenoir,26,54323.0,Coastal,138.1,3246.04,Substantial,-77.6412486292,35.2387731611,High
20600,19300,Alamance,26,175029.0,Northern,404.8,3065.6,Substantial,-79.3994248175,36.0437098766,High
20659,117724,Mecklenburg,26,1128426.0,Central,2130.4,3736.1,High,-80.8327311406,35.2467670437,High
20695,11795,Wayne,26,115895.0,Coastal,211.8,2813.0,High,-78.0039971272,35.3639599672,High
20613,9636,Caldwell,26,81319.0,Northern,170.9,2504.8,Substantial,-81.5464366451,35.9530379334,High
20694,5060,Watauga,26,54804.0,Northern,173.1,1191.8,Moderate,-81.6964250718,36.2311062795,High
20696,7089,Wilkes,26,65151.0,Northern,87.5,1887.3,High,-81.1633856618,36.2062757623,High
20650,22996,Johnston,26,224833.0,Coastal,272.7,1547.3,High,-78.3657109025,35.5178069265,High
20639,2478,Greene,26,19978.0,Coastal,76.7,1640.3,High,-77.6757626742,35.4849957203,High
20643,4619,Haywood,26,62831.0,Western,112.2,3591.8,Substantial,-82.9821729698,35.5560557128,High
20616,2237,Caswell,26,22400.0,Eastern,53.5,317.5,High,-79.3335234769,36.3932742158,High
20651,911,Jones,26,9076.0,Coastal,19.5,0.0,Moderate,-77.3551679748,35.0217248029,High
20657,2396,Martin,26,21503.0,Coastal,48.3,2717.4,High,-77.109232267,35.843213981,High
20664,19888,New Hanover,26,230423.0,Coastal,1174.0,2612.3,Substantial,-77.865597569,34.1815553357,High
20633,37584,Forsyth,26,387703.0,Northern,938.1,4129.5,Substantial,-80.256300016,36.1306195485,High
20685,8611,Surry,26,70573.0,Northern,134.0,1507.5,High,-80.6880779273,36.4148205561,High
20692,1829,Warren,26,18621.0,Eastern,43.4,2235.0,Moderate,-78.1067171324,36.3965102811,High
20621,928,Clay,26,11238.0,Western,51.6,2288.34,Substantial,-83.7501767115,35.0571811284,High
20648,19651,Iredell,26,192986.0,Northern,325.0,1866.4,Substantial,-80.8734378255,35.8070259189,High
20680,7633,Rutherford,26,63870.0,Western,114.0,2009.9,High,-81.9198334642,35.4025956291,High
20619,2714,Cherokee,26,28738.0,Western,63.2,3613.3,Substantial,-84.063444228,35.1338574515,High
20699,1662,Yancey,26,18320.0,Western,59.1,557.0,High,-82.3076279784,35.8989479924,High
20607,1808,Bertie,26,17302.0,Coastal,25.7,1594.6,Moderate,-76.9667121404,36.0656302022,High
20642,12474,Harnett,26,134986.0,Eastern,224.5,2172.6,High,-78.8694125204,35.3686291614,High
20614,701,Camden,26,10537.0,Coastal,43.1,793.0,Substantial,-76.1609504039,36.3411216216,Moderate
20689,25570,Union,26,244960.0,Central,376.6,1582.3,High,-80.5307400446,34.9883574887,High
20655,3193,Macon,26,37041.0,Western,71.8,2077.4,Moderate,-83.4221767088,35.1504672096,High
20617,20169,Catawba,26,162841.0,Northern,400.2,2802.5,High,-81.2150705598,35.662042354,High
20635,27619,Gaston,26,233387.0,Central,640.7,2912.4,Substantial,-81.1802416273,35.2943489527,High
20618,4874,Chatham,26,77095.0,Eastern,111.9,1456.0,Substantial,-79.2552758614,35.7025721296,High
20645,2129,Hertford,26,20374.0,Coastal,61.0,2281.6,Moderate,-76.9807147831,36.3586360305,High
20687,2476,Transylvania,26,32825.0,Western,87.2,978.5,High,-82.7983001279,35.2021778635,High
20662,9304,Moore,26,102966.0,Eastern,142.9,1617.3,High,-79.4813744392,35.3106538555,High
20640,49432,Guilford,26,545484.0,Northern,838.0,3371.1,Substantial,-79.7889042685,36.0794717315,High
20626,1618,Currituck,26,29385.0,Coastal,107.3,1344.3,Substantial,-75.936949201,36.3672994836,High
20677,17598,Robeson,26,115899.0,Coastal,123.0,5137.4,High,-79.1038649277,34.6402420514,High
20756,1643,Madison,27,21146.0,Western,47.1,1247.6,Substantial,-82.7057582627,35.8580358086,High
20703,2680,Anson,27,22028.0,Central,41.5,2802.1,Substantial,-80.102712026,34.9737894417,High
20761,3436,Montgomery,27,25485.0,Eastern,52.4,2480.1,Substantial,-79.9054790812,35.332466935,High
20741,5774,Halifax,27,47859.0,Coastal,67.2,2754.7,High,-77.6517329831,36.2574485453,High
20780,7642,Rutherford,27,63870.0,Western,114.0,2009.9,High,-81.9198334642,35.4025956291,High
20768,1137,Pamlico,27,12215.0,Coastal,36.5,2321.5,Substantial,-76.6694598427,35.151021226,High
20744,10571,Henderson,27,117429.0,Western,311.8,2039.7,High,-82.4799463782,35.3362263031,High
20711,10331,Burke,27,88398.0,Western,173.0,1836.1,High,-81.7047784739,35.7496106399,High
20794,5066,Watauga,27,54804.0,Northern,173.1,1191.8,Moderate,-81.6964250718,36.2311062795,High
20796,7108,Wilkes,27,65151.0,Northern,87.5,1887.3,High,-81.1633856618,36.2062757623,High
20717,20213,Catawba,27,162841.0,Northern,400.2,2802.5,High,-81.2150705598,35.662042354,High
20764,19924,New Hanover,27,230423.0,Coastal,1174.0,2612.3,Substantial,-77.865597569,34.1815553357,High
20762,9316,Moore,27,102966.0,Eastern,142.9,1617.3,High,-79.4813744392,35.3106538555,High
20785,8626,Surry,27,70573.0,Northern,134.0,1507.5,High,-80.6880779273,36.4148205561,High
20736,758,Gates,27,10324.0,Coastal,30.8,750.9,Moderate,-76.7005266521,36.4449435708,High
20783,8085,Stanly,27,62143.0,Central,158.2,2425.2,High,-80.2509863077,35.3119550622,High
20733,37631,Forsyth,27,387703.0,Northern,938.1,4129.5,Substantial,-80.256300016,36.1306195485,High
20791,92686,Wake,27,1154170.0,Eastern,1353.3,1846.0,High,-78.6503081729,35.7902443741,High
20757,2398,Martin,27,21503.0,Coastal,48.3,2717.4,High,-77.109232267,35.843213981,High
20779,17665,Rowan,27,148565.0,Northern,287.1,2292.8,High,-80.5247717485,35.6394734632,High
20735,27679,Gaston,27,233387.0,Central,640.7,2912.4,High,-81.1802416273,35.2943489527,High
20724,9607,Craven,27,102568.0,Coastal,142.5,2112.3,Substantial,-77.082003837,35.117685821,High
20725,31911,Cumberland,27,341793.0,Eastern,512.9,3748.5,High,-78.8275607671,35.048611942,High
20766,18562,Onslow,27,207928.0,Coastal,268.4,2191.23,High,-77.4157658244,34.709836363,High
20737,703,Graham,27,7935.0,Western,27.5,8085.4,High,-83.833581803,35.350171951,High
20747,673,Hyde,27,4595.0,Coastal,7.5,0.0,Substantial,-76.1449651093,35.4081187361,High
20738,6068,Granville,27,60720.0,Eastern,114.6,1466.3,Substantial,-78.6527194252,36.3040698262,High
20784,4323,Stokes,27,44422.0,Northern,99.1,2146.85,High,-80.2395157151,36.4019040049,High
20797,10075,Wilson,27,79078.0,Coastal,214.3,2386.9,Substantial,-77.9186629547,35.7051457145,High
20788,333,Tyrrell,27,3315.0,Coastal,8.3,957.2,High,-76.1704523585,35.8694070017,High
20700,19323,Alamance,27,175029.0,Northern,404.8,3065.6,Substantial,-79.3994248175,36.0437098766,High
20775,15583,Randolph,27,143325.0,Northern,184.3,1615.5,Substantial,-79.8060069064,35.7103417044,High
20753,6341,Lenoir,27,54323.0,Coastal,138.1,3246.04,Substantial,-77.6412486292,35.2387731611,High
20795,11810,Wayne,27,115895.0,Coastal,211.8,2813.0,High,-78.0039971272,35.3639599672,High
20790,5028,Vance,27,41665.0,Eastern,168.7,3584.5,Substantial,-78.4079288849,36.3649169333,High
20708,3700,Bladen,27,29171.0,Coastal,33.8,2578.5,High,-78.5636493115,34.6145873342,High
20758,5379,McDowell,27,44151.0,Western,101.3,2610.9,High,-82.0493124426,35.6816924709,High
20771,1052,Perquimans,27,13049.0,Coastal,52.6,684.8,High,-76.4076199893,36.1772228503,High
20731,26499,Durham,27,331347.0,Eastern,1133.7,3966.0,Substantial,-78.8765926949,36.0360299243,High
20786,1235,Swain,27,14046.0,Western,26.8,3517.8,High,-83.4927393736,35.4868150519,High
20701,4529,Alexander,27,36172.0,Northern,140.2,1440.7,High,-81.1770268506,35.9210263138,High
20713,9641,Caldwell,27,81319.0,Northern,170.9,2504.8,Substantial,-81.5464366451,35.9530379334,High
20754,10555,Lincoln,27,88742.0,Central,293.4,1745.2,High,-81.2235326264,35.4855950234,High
20760,1479,Mitchell,27,14783.0,Western,67.4,458.42,Low,-82.1635815487,36.0132038869,High
20746,5129,Hoke,27,53783.0,Eastern,133.5,2028.14,High,-79.237290715,35.0175290075,High
20782,4060,Scotland,27,33662.0,Eastern,107.1,3528.0,High,-79.4804292418,34.8408848102,High
20706,4857,Beaufort,27,44150.0,Coastal,53.6,2157.95,Substantial,-76.8453144055,35.486983815,High
20752,6336,Lee,27,64360.0,Eastern,248.1,1631.1,High,-79.1714836119,35.4751864248,High
20720,1533,Chowan,27,13646.0,Coastal,79.4,1402.6,Substantial,-76.6021303656,36.1265615389,High
20773,21082,Pitt,27,173536.0,Coastal,261.0,2238.9,High,-77.3744965519,35.5932989746,High
20729,4275,Davie,27,43127.0,Northern,162.0,1665.25,Substantial,-80.5444636482,35.929110866,High
20734,7145,Franklin,27,70655.0,Eastern,139.4,1314.6,High,-78.2856965824,36.0827733527,High
20704,2295,Ashe,27,26506.0,Northern,62.3,1123.1,High,-81.5005211955,36.434424701,High
20715,5344,Carteret,27,69039.0,Coastal,133.3,1912.1,Moderate,-76.5357430669,34.8612598084,High
20793,1146,Washington,27,10708.0,Coastal,31.8,1746.8,Low,-76.5693098876,35.8392646425,High
20789,25598,Union,27,244960.0,Central,376.6,1582.3,High,-80.5307400446,34.9883574887,High
20718,4883,Chatham,27,77095.0,Eastern,111.9,1456.0,Substantial,-79.2552758614,35.7025721296,High
20740,49519,Guilford,27,545484.0,Northern,838.0,3371.1,Substantial,-79.7889042685,36.0794717315,High
20772,3608,Person,27,39048.0,Eastern,99.7,1862.8,Substantial,-78.9718051426,36.3900951244,High
20774,1535,Polk,27,19461.0,Western,81.3,1596.5,Substantial,-82.1696779265,35.2792789622,High
20722,12047,Cleveland,27,99332.0,Western,214.4,2001.7,High,-81.5555471412,35.3341018022,High
20798,4226,Yadkin,27,36925.0,Northern,111.1,1820.8,High,-80.6652439331,36.1605336919,High
20759,118004,Mecklenburg,27,1128426.0,Central,2130.4,3736.1,High,-80.8327311406,35.2467670437,High
20799,1669,Yancey,27,18320.0,Western,59.1,557.0,High,-82.3076279784,35.8989479924,High
20702,1105,Alleghany,27,11057.0,Northern,46.4,697.2,Low,-81.1278593427,36.4912704378,High
20776,5084,Richmond,27,43006.0,Eastern,90.7,5508.4,High,-79.7477780226,35.0060483545,High
20750,23048,Johnston,27,224833.0,Coastal,272.7,1547.3,High,-78.3657109025,35.5178069265,High
20707,1808,Bertie,27,17302.0,Coastal,25.7,1594.6,Moderate,-76.9667121404,36.0656302022,High
20709,9701,Brunswick,27,144821.0,Coastal,160.8,1537.1,High,-78.2274071617,34.0388755841,High
20781,8333,Sampson,27,58371.0,Coastal,62.4,2241.9,High,-78.3713906105,34.9915361594,High
20739,2481,Greene,27,19978.0,Coastal,76.7,1640.3,High,-77.6757626742,35.4849957203,High
20712,23059,Cabarrus,27,232873.0,Central,625.1,1374.8,High,-80.5518508851,35.3867940405,High
20705,2185,Avery,27,17347.0,Western,72.0,1003.4,Substantial,-81.9226013745,36.0766050343,High
20732,5818,Edgecombe,27,48604.0,Coastal,96.7,2366.3,High,-77.5970588882,35.912880671,High
20767,8742,Orange,27,148331.0,Eastern,374.0,1991.9,Moderate,-79.120649356,36.0611182361,High
20728,17296,Davidson,27,171752.0,Northern,305.4,1757.8,High,-80.2127487756,35.7933524917,High
20778,8263,Rockingham,27,90457.0,Northern,161.0,2130.4,Substantial,-79.7749871967,36.3960127906,High
20749,3719,Jackson,27,41919.0,Western,87.8,1864.6,Substantial,-83.1408496187,35.2875866253,High
20723,6762,Columbus,27,49795.0,Coastal,54.0,2887.71,High,-78.6550308717,34.2656450828,High
20769,3482,Pasquotank,27,40966.0,Coastal,178.8,2078.8,Low,-76.2492413613,36.2650187228,High
20763,11812,Nash,27,96101.0,Coastal,175.7,1838.5,Moderate,-77.9864448378,35.9672502839,High
20765,1921,Northampton,27,16953.0,Eastern,32.6,2092.6,Substantial,-77.3968212099,36.4177312434,High
20730,6607,Duplin,27,48249.0,Coastal,59.8,2911.6,High,-77.9330277459,34.9365348363,High
20742,12502,Harnett,27,134986.0,Eastern,224.5,2172.6,High,-78.8694125204,35.3686291614,High
20748,19674,Iredell,27,192986.0,Northern,325.0,1866.4,Substantial,-80.8734378255,35.8070259189,High
20721,936,Clay,27,11238.0,Western,51.6,2288.34,High,-83.7501767115,35.0571811284,High
20770,5760,Pender,27,62250.0,Coastal,69.1,1461.9,High,-77.8884355846,34.5150997489,High
20755,3194,Macon,27,37041.0,Western,71.8,2077.4,Moderate,-83.4221767088,35.1504672096,High
20710,18571,Buncombe,27,271638.0,Western,410.4,3012.8,Substantial,-82.5301070587,35.611177887,High
20745,2129,Hertford,27,20374.0,Coastal,61.0,2281.6,Moderate,-76.9807147831,36.3586360305,Substantial
20787,2477,Transylvania,27,32825.0,Western,87.2,978.5,High,-82.7983001279,35.2021778635,High
20777,17648,Robeson,27,115899.0,Coastal,123.0,5137.4,High,-79.1038649277,34.6402420514,High
20727,2320,Dare,27,37817.0,Coastal,96.3,1872.9,High,-75.6852333134,35.664936694,High
20792,1829,Warren,27,18621.0,Eastern,43.4,2235.0,Moderate,-78.1067171324,36.3965102811,High
20743,4623,Haywood,27,62831.0,Western,112.2,3591.8,Substantial,-82.9821729698,35.5560557128,High
20716,2237,Caswell,27,22400.0,Eastern,53.5,317.5,Substantial,-79.3335234769,36.3932742158,High
20714,701,Camden,27,10537.0,Coastal,43.1,793.0,Substantial,-76.1609504039,36.3411216216,Substantial
20751,917,Jones,27,9076.0,Coastal,19.5,0.0,Substantial,-77.3551679748,35.0217248029,High
20726,1618,Currituck,27,29385.0,Coastal,107.3,1344.3,Substantial,-75.936949201,36.3672994836,High
20719,2718,Cherokee,27,28738.0,Western,63.2,3613.3,Substantial,-84.063444228,35.1338574515,High
20819,2725,Cherokee,28,28738.0,Western,63.2,3613.3,High,-84.063444228,35.1338574515,High
20838,6079,Granville,28,60720.0,Eastern,114.6,1466.3,Substantial,-78.6527194252,36.3040698262,High
20835,27744,Gaston,28,233387.0,Central,640.7,2912.4,High,-81.1802416273,35.2943489527,High
20851,920,Jones,28,9076.0,Coastal,19.5,0.0,High,-77.3551679748,35.0217248029,High
20865,1923,Northampton,28,16953.0,Eastern,32.6,2092.6,High,-77.3968212099,36.4177312434,High
20850,23095,Johnston,28,224833.0,Coastal,272.7,1547.3,High,-78.3657109025,35.5178069265,High
20804,2298,Ashe,28,26506.0,Northern,62.3,1123.1,High,-81.5005211955,36.434424701,High
20866,18622,Onslow,28,207928.0,Coastal,268.4,2191.23,High,-77.4157658244,34.709836363,High
20849,3727,Jackson,28,41919.0,Western,87.8,1864.6,Substantial,-83.1408496187,35.2875866253,High
20893,1148,Washington,28,10708.0,Coastal,31.8,1746.8,Moderate,-76.5693098876,35.8392646425,High
20803,2681,Anson,28,22028.0,Central,41.5,2802.1,Substantial,-80.102712026,34.9737894417,High
20820,1537,Chowan,28,13646.0,Coastal,79.4,1402.6,High,-76.6021303656,36.1265615389,High
20863,11815,Nash,28,96101.0,Coastal,175.7,1838.5,Moderate,-77.9864448378,35.9672502839,High
20818,4896,Chatham,28,77095.0,Eastern,111.9,1456.0,Substantial,-79.2552758614,35.7025721296,High
20867,8761,Orange,28,148331.0,Eastern,374.0,1991.9,Moderate,-79.120649356,36.0611182361,High
20827,2326,Dare,28,37817.0,Coastal,96.3,1872.9,High,-75.6852333134,35.664936694,High
20892,1834,Warren,28,18621.0,Eastern,43.4,2235.0,Substantial,-78.1067171324,36.3965102811,High
20864,19984,New Hanover,28,230423.0,Coastal,1174.0,2612.3,Substantial,-77.865597569,34.1815553357,High
20868,1138,Pamlico,28,12215.0,Coastal,36.5,2321.5,Substantial,-76.6694598427,35.151021226,High
20815,5357,Carteret,28,69039.0,Coastal,133.3,1912.1,Substantial,-76.5357430669,34.8612598084,High
20832,5826,Edgecombe,28,48604.0,Coastal,96.7,2366.3,Substantial,-77.5970588882,35.912880671,High
20860,1479,Mitchell,28,14783.0,Western,67.4,458.42,Low,-82.1635815487,36.0132038869,High
20878,8282,Rockingham,28,90457.0,Northern,161.0,2130.4,Substantial,-79.7749871967,36.3960127906,High
20847,673,Hyde,28,4595.0,Coastal,7.5,0.0,Substantial,-76.1449651093,35.4081187361,High
20823,6823,Columbus,28,49795.0,Coastal,54.0,2887.71,High,-78.6550308717,34.2656450828,High
20830,6640,Duplin,28,48249.0,Coastal,59.8,2911.6,High,-77.9330277459,34.9365348363,High
20895,11837,Wayne,28,115895.0,Coastal,211.8,2813.0,High,-78.0039971272,35.3639599672,High
20800,19345,Alamance,28,175029.0,Northern,404.8,3065.6,Substantial,-79.3994248175,36.0437098766,High
20825,32033,Cumberland,28,341793.0,Eastern,512.9,3748.5,High,-78.8275607671,35.048611942,High
20812,23103,Cabarrus,28,232873.0,Central,625.1,1374.8,High,-80.5518508851,35.3867940405,High
20886,1241,Swain,28,14046.0,Western,26.8,3517.8,High,-83.4927393736,35.4868150519,High
20890,5039,Vance,28,41665.0,Eastern,168.7,3584.5,Substantial,-78.4079288849,36.3649169333,High
20879,17698,Rowan,28,148565.0,Northern,287.1,2292.8,High,-80.5247717485,35.6394734632,High
20801,4545,Alexander,28,36172.0,Northern,140.2,1440.7,High,-81.1770268506,35.9210263138,High
20857,2402,Martin,28,21503.0,Coastal,48.3,2717.4,High,-77.109232267,35.843213981,High
20839,2482,Greene,28,19978.0,Coastal,76.7,1640.3,High,-77.6757626742,35.4849957203,High
20844,10616,Henderson,28,117429.0,Western,311.8,2039.7,High,-82.4799463782,35.3362263031,High
20816,2237,Caswell,28,22400.0,Eastern,53.5,317.5,Substantial,-79.3335234769,36.3932742158,High
20896,7126,Wilkes,28,65151.0,Northern,87.5,1887.3,High,-81.1633856618,36.2062757623,High
20826,1623,Currituck,28,29385.0,Coastal,107.3,1344.3,Substantial,-75.936949201,36.3672994836,High
20811,10357,Burke,28,88398.0,Western,173.0,1836.1,High,-81.7047784739,35.7496106399,High
20871,1053,Perquimans,28,13049.0,Coastal,52.6,684.8,High,-76.4076199893,36.1772228503,High
20872,3613,Person,28,39048.0,Eastern,99.7,1862.8,Substantial,-78.9718051426,36.3900951244,High
20807,1809,Bertie,28,17302.0,Coastal,25.7,1594.6,Moderate,-76.9667121404,36.0656302022,High
20889,25685,Union,28,244960.0,Central,376.6,1582.3,High,-80.5307400446,34.9883574887,High
20859,118317,Mecklenburg,28,1128426.0,Central,2130.4,3736.1,High,-80.8327311406,35.2467670437,High
20874,1542,Polk,28,19461.0,Western,81.3,1596.5,Substantial,-82.1696779265,35.2792789622,High
20840,49607,Guilford,28,545484.0,Northern,838.0,3371.1,Substantial,-79.7889042685,36.0794717315,High
20814,701,Camden,28,10537.0,Coastal,43.1,793.0,Moderate,-76.1609504039,36.3411216216,Substantial
20846,5156,Hoke,28,53783.0,Eastern,133.5,2028.14,High,-79.237290715,35.0175290075,High
20875,15613,Randolph,28,143325.0,Northern,184.3,1615.5,Substantial,-79.8060069064,35.7103417044,High
20837,708,Graham,28,7935.0,Western,27.5,8085.4,High,-83.833581803,35.350171951,High
20862,9351,Moore,28,102966.0,Eastern,142.9,1617.3,High,-79.4813744392,35.3106538555,High
20834,7165,Franklin,28,70655.0,Eastern,139.4,1314.6,High,-78.2856965824,36.0827733527,High
20888,335,Tyrrell,28,3315.0,Coastal,8.3,957.2,High,-76.1704523585,35.8694070017,High
20853,6351,Lenoir,28,54323.0,Coastal,138.1,3246.04,Substantial,-77.6412486292,35.2387731611,High
20829,4284,Davie,28,43127.0,Northern,162.0,1665.25,High,-80.5444636482,35.929110866,High
20813,9662,Caldwell,28,81319.0,Northern,170.9,2504.8,High,-81.5464366451,35.9530379334,High
20858,5384,McDowell,28,44151.0,Western,101.3,2610.9,High,-82.0493124426,35.6816924709,High
20876,5106,Richmond,28,43006.0,Eastern,90.7,5508.4,High,-79.7477780226,35.0060483545,High
20806,4862,Beaufort,28,44150.0,Coastal,53.6,2157.95,Substantial,-76.8453144055,35.486983815,Substantial
20852,6352,Lee,28,64360.0,Eastern,248.1,1631.1,High,-79.1714836119,35.4751864248,High
20802,1105,Alleghany,28,11057.0,Northern,46.4,697.2,Low,-81.1278593427,36.4912704378,High
20873,21149,Pitt,28,173536.0,Coastal,261.0,2238.9,High,-77.3744965519,35.5932989746,High
20899,1681,Yancey,28,18320.0,Western,59.1,557.0,High,-82.3076279784,35.8989479924,High
20845,2129,Hertford,28,20374.0,Coastal,61.0,2281.6,Low,-76.9807147831,36.3586360305,High
20887,2483,Transylvania,28,32825.0,Western,87.2,978.5,High,-82.7983001279,35.2021778635,High
20877,17742,Robeson,28,115899.0,Coastal,123.0,5137.4,High,-79.1038649277,34.6402420514,High
20841,5787,Halifax,28,47859.0,Coastal,67.2,2754.7,High,-77.6517329831,36.2574485453,High
20880,7659,Rutherford,28,63870.0,Western,114.0,2009.9,High,-81.9198334642,35.4025956291,High
20822,12080,Cleveland,28,99332.0,Western,214.4,2001.7,High,-81.5555471412,35.3341018022,High
20848,19733,Iredell,28,192986.0,Northern,325.0,1866.4,High,-80.8734378255,35.8070259189,High
20843,4639,Haywood,28,62831.0,Western,112.2,3591.8,High,-82.9821729698,35.5560557128,High
20808,3722,Bladen,28,29171.0,Coastal,33.8,2578.5,High,-78.5636493115,34.6145873342,High
20854,10586,Lincoln,28,88742.0,Central,293.4,1745.2,High,-81.2235326264,35.4855950234,High
20897,10092,Wilson,28,79078.0,Coastal,214.3,2386.9,Substantial,-77.9186629547,35.7051457145,High
20831,26499,Durham,28,331347.0,Eastern,1133.7,3966.0,Substantial,-78.8765926949,36.0360299243,High
20861,3442,Montgomery,28,25485.0,Eastern,52.4,2480.1,Substantial,-79.9054790812,35.332466935,High
20828,17335,Davidson,28,171752.0,Northern,305.4,1757.8,High,-80.2127487756,35.7933524917,High
20898,4246,Yadkin,28,36925.0,Northern,111.1,1820.8,High,-80.6652439331,36.1605336919,High
20884,4335,Stokes,28,44422.0,Northern,99.1,2146.85,High,-80.2395157151,36.4019040049,High
20824,9635,Craven,28,102568.0,Coastal,142.5,2112.3,Substantial,-77.082003837,35.117685821,High
20821,940,Clay,28,11238.0,Western,51.6,2288.34,High,-83.7501767115,35.0571811284,High
20894,5069,Watauga,28,54804.0,Northern,173.1,1191.8,Moderate,-81.6964250718,36.2311062795,High
20891,92834,Wake,28,1154170.0,Eastern,1353.3,1846.0,High,-78.6503081729,35.7902443741,High
20869,3483,Pasquotank,28,40966.0,Coastal,178.8,2078.8,Moderate,-76.2492413613,36.2650187228,High
20882,4077,Scotland,28,33662.0,Eastern,107.1,3528.0,High,-79.4804292418,34.8408848102,High
20805,2184,Avery,28,17347.0,Western,72.0,1003.4,Substantial,-81.9226013745,36.0766050343,High
20810,18620,Buncombe,28,271638.0,Western,410.4,3012.8,Substantial,-82.5301070587,35.611177887,High
20817,20262,Catawba,28,162841.0,Northern,400.2,2802.5,High,-81.2150705598,35.662042354,High
20883,8102,Stanly,28,62143.0,Central,158.2,2425.2,High,-80.2509863077,35.3119550622,High
20856,1646,Madison,28,21146.0,Western,47.1,1247.6,Substantial,-82.7057582627,35.8580358086,High
20842,12546,Harnett,28,134986.0,Eastern,224.5,2172.6,High,-78.8694125204,35.3686291614,High
20833,37717,Forsyth,28,387703.0,Northern,938.1,4129.5,High,-80.256300016,36.1306195485,High
20855,3198,Macon,28,37041.0,Western,71.8,2077.4,Moderate,-83.4221767088,35.1504672096,High
20881,8356,Sampson,28,58371.0,Coastal,62.4,2241.9,High,-78.3713906105,34.9915361594,High
20870,5772,Pender,28,62250.0,Coastal,69.1,1461.9,High,-77.8884355846,34.5150997489,High
20809,9746,Brunswick,28,144821.0,Coastal,160.8,1537.1,High,-78.2274071617,34.0388755841,High
20885,8649,Surry,28,70573.0,Northern,134.0,1507.5,High,-80.6880779273,36.4148205561,High
20836,761,Gates,28,10324.0,Coastal,30.8,750.9,Substantial,-76.7005266521,36.4449435708,High
20942,12605,Harnett,29,134986.0,Eastern,224.5,2172.6,High,-78.8694125204,35.3686291614,High
20945,2130,Hertford,29,20374.0,Coastal,61.0,2281.6,Low,-76.9807147831,36.3586360305,High
20935,27800,Gaston,29,233387.0,Central,640.7,2912.4,High,-81.1802416273,35.2943489527,High
20983,8126,Stanly,29,62143.0,Central,158.2,2425.2,High,-80.2509863077,35.3119550622,High
20946,5180,Hoke,29,53783.0,Eastern,133.5,2028.14,High,-79.237290715,35.0175290075,High
20966,18692,Onslow,29,207928.0,Coastal,268.4,2191.23,High,-77.4157658244,34.709836363,High
20953,6373,Lenoir,29,54323.0,Coastal,138.1,3246.04,High,-77.6412486292,35.2387731611,High
20955,3198,Macon,29,37041.0,Western,71.8,2077.4,Moderate,-83.4221767088,35.1504672096,High
20954,10624,Lincoln,29,88742.0,Central,293.4,1745.2,High,-81.2235326264,35.4855950234,High
20913,9677,Caldwell,29,81319.0,Northern,170.9,2504.8,High,-81.5464366451,35.9530379334,High
20937,715,Graham,29,7935.0,Western,27.5,8085.4,High,-83.833581803,35.350171951,High
20976,5129,Richmond,29,43006.0,Eastern,90.7,5508.4,High,-79.7477780226,35.0060483545,High
20950,23188,Johnston,29,224833.0,Coastal,272.7,1547.3,High,-78.3657109025,35.5178069265,High
20958,5389,McDowell,29,44151.0,Western,101.3,2610.9,High,-82.0493124426,35.6816924709,High
20987,2492,Transylvania,29,32825.0,Western,87.2,978.5,High,-82.7983001279,35.2021778635,High
20975,15653,Randolph,29,143325.0,Northern,184.3,1615.5,High,-79.8060069064,35.7103417044,High
20902,1106,Alleghany,29,11057.0,Northern,46.4,697.2,Moderate,-81.1278593427,36.4912704378,High
20931,26546,Durham,29,331347.0,Eastern,1133.7,3966.0,Substantial,-78.8765926949,36.0360299243,High
20909,9803,Brunswick,29,144821.0,Coastal,160.8,1537.1,High,-78.2274071617,34.0388755841,High
20984,4356,Stokes,29,44422.0,Northern,99.1,2146.85,High,-80.2395157151,36.4019040049,High
20907,1812,Bertie,29,17302.0,Coastal,25.7,1594.6,Moderate,-76.9667121404,36.0656302022,High
20936,763,Gates,29,10324.0,Coastal,30.8,750.9,Substantial,-76.7005266521,36.4449435708,High
20941,5803,Halifax,29,47859.0,Coastal,67.2,2754.7,High,-77.6517329831,36.2574485453,High
20980,7691,Rutherford,29,63870.0,Western,114.0,2009.9,High,-81.9198334642,35.4025956291,High
20956,1652,Madison,29,21146.0,Western,47.1,1247.6,Substantial,-82.7057582627,35.8580358086,High
20911,10394,Burke,29,88398.0,Western,173.0,1836.1,High,-81.7047784739,35.7496106399,High
20938,6093,Granville,29,60720.0,Eastern,114.6,1466.3,Substantial,-78.6527194252,36.3040698262,High
20996,7154,Wilkes,29,65151.0,Northern,87.5,1887.3,High,-81.1633856618,36.2062757623,High
20985,8674,Surry,29,70573.0,Northern,134.0,1507.5,High,-80.6880779273,36.4148205561,High
20944,10659,Henderson,29,117429.0,Western,311.8,2039.7,High,-82.4799463782,35.3362263031,High
20981,8386,Sampson,29,58371.0,Coastal,62.4,2241.9,High,-78.3713906105,34.9915361594,High
20959,118725,Mecklenburg,29,1128426.0,Central,2130.4,3736.1,High,-80.8327311406,35.2467670437,High
20943,4655,Haywood,29,62831.0,Western,112.2,3591.8,High,-82.9821729698,35.5560557128,High
20963,11833,Nash,29,96101.0,Coastal,175.7,1838.5,Substantial,-77.9864448378,35.9672502839,High
20979,17744,Rowan,29,148565.0,Northern,287.1,2292.8,High,-80.5247717485,35.6394734632,High
20919,2735,Cherokee,29,28738.0,Western,63.2,3613.3,High,-84.063444228,35.1338574515,High
20993,1148,Washington,29,10708.0,Coastal,31.8,1746.8,Moderate,-76.5693098876,35.8392646425,High
20986,1243,Swain,29,14046.0,Western,26.8,3517.8,High,-83.4927393736,35.4868150519,High
20925,32216,Cumberland,29,341793.0,Eastern,512.9,3748.5,High,-78.8275607671,35.048611942,High
20930,6692,Duplin,29,48249.0,Coastal,59.8,2911.6,High,-77.9330277459,34.9365348363,High
20908,3739,Bladen,29,29171.0,Coastal,33.8,2578.5,High,-78.5636493115,34.6145873342,High
20965,1925,Northampton,29,16953.0,Eastern,32.6,2092.6,High,-77.3968212099,36.4177312434,High
20923,6867,Columbus,29,49795.0,Coastal,54.0,2887.71,High,-78.6550308717,34.2656450828,High
20978,8312,Rockingham,29,90457.0,Northern,161.0,2130.4,High,-79.7749871967,36.3960127906,High
20997,10101,Wilson,29,79078.0,Coastal,214.3,2386.9,Substantial,-77.9186629547,35.7051457145,High
20998,4265,Yadkin,29,36925.0,Northern,111.1,1820.8,High,-80.6652439331,36.1605336919,High
20932,5834,Edgecombe,29,48604.0,Coastal,96.7,2366.3,High,-77.5970588882,35.912880671,High
20982,4096,Scotland,29,33662.0,Eastern,107.1,3528.0,High,-79.4804292418,34.8408848102,High
20912,23176,Cabarrus,29,232873.0,Central,625.1,1374.8,High,-80.5518508851,35.3867940405,High
20924,9647,Craven,29,102568.0,Coastal,142.5,2112.3,Substantial,-77.082003837,35.117685821,High
20927,2349,Dare,29,37817.0,Coastal,96.3,1872.9,High,-75.6852333134,35.664936694,High
20977,17824,Robeson,29,115899.0,Coastal,123.0,5137.4,High,-79.1038649277,34.6402420514,High
20910,18681,Buncombe,29,271638.0,Western,410.4,3012.8,High,-82.5301070587,35.611177887,High
20957,2408,Martin,29,21503.0,Coastal,48.3,2717.4,High,-77.109232267,35.843213981,High
20988,337,Tyrrell,29,3315.0,Coastal,8.3,957.2,High,-76.1704523585,35.8694070017,High
20949,3739,Jackson,29,41919.0,Western,87.8,1864.6,High,-83.1408496187,35.2875866253,High
20948,19791,Iredell,29,192986.0,Northern,325.0,1866.4,High,-80.8734378255,35.8070259189,High
20991,93215,Wake,29,1154170.0,Eastern,1353.3,1846.0,High,-78.6503081729,35.7902443741,High
20947,673,Hyde,29,4595.0,Coastal,7.5,0.0,Substantial,-76.1449651093,35.4081187361,High
20900,19368,Alamance,29,175029.0,Northern,404.8,3065.6,Substantial,-79.3994248175,36.0437098766,High
20969,3487,Pasquotank,29,40966.0,Coastal,178.8,2078.8,Moderate,-76.2492413613,36.2650187228,High
20906,4876,Beaufort,29,44150.0,Coastal,53.6,2157.95,Substantial,-76.8453144055,35.486983815,Substantial
20952,6383,Lee,29,64360.0,Eastern,248.1,1631.1,High,-79.1714836119,35.4751864248,High
20995,11864,Wayne,29,115895.0,Coastal,211.8,2813.0,High,-78.0039971272,35.3639599672,High
20973,21241,Pitt,29,173536.0,Coastal,261.0,2238.9,High,-77.3744965519,35.5932989746,High
20920,1540,Chowan,29,13646.0,Coastal,79.4,1402.6,High,-76.6021303656,36.1265615389,High
20929,4295,Davie,29,43127.0,Northern,162.0,1665.25,High,-80.5444636482,35.929110866,High
20994,5075,Watauga,29,54804.0,Northern,173.1,1191.8,Moderate,-81.6964250718,36.2311062795,High
20989,25758,Union,29,244960.0,Central,376.6,1582.3,High,-80.5307400446,34.9883574887,High
20970,5797,Pender,29,62250.0,Coastal,69.1,1461.9,High,-77.8884355846,34.5150997489,High
20916,2243,Caswell,29,22400.0,Eastern,53.5,317.5,Substantial,-79.3335234769,36.3932742158,High
20972,3628,Person,29,39048.0,Eastern,99.7,1862.8,High,-78.9718051426,36.3900951244,High
20999,1696,Yancey,29,18320.0,Western,59.1,557.0,High,-82.3076279784,35.8989479924,High
20903,2686,Anson,29,22028.0,Central,41.5,2802.1,Substantial,-80.102712026,34.9737894417,High
20905,2192,Avery,29,17347.0,Western,72.0,1003.4,Substantial,-81.9226013745,36.0766050343,High
20928,17381,Davidson,29,171752.0,Northern,305.4,1757.8,High,-80.2127487756,35.7933524917,High
20967,8776,Orange,29,148331.0,Eastern,374.0,1991.9,Substantial,-79.120649356,36.0611182361,High
20915,5365,Carteret,29,69039.0,Coastal,133.3,1912.1,Substantial,-76.5357430669,34.8612598084,High
20918,4914,Chatham,29,77095.0,Eastern,111.9,1456.0,High,-79.2552758614,35.7025721296,High
20961,3444,Montgomery,29,25485.0,Eastern,52.4,2480.1,Substantial,-79.9054790812,35.332466935,High
20960,1483,Mitchell,29,14783.0,Western,67.4,458.42,Moderate,-82.1635815487,36.0132038869,High
20971,1054,Perquimans,29,13049.0,Coastal,52.6,684.8,Substantial,-76.4076199893,36.1772228503,High
20951,922,Jones,29,9076.0,Coastal,19.5,0.0,High,-77.3551679748,35.0217248029,High
20968,1140,Pamlico,29,12215.0,Coastal,36.5,2321.5,Substantial,-76.6694598427,35.151021226,High
20939,2493,Greene,29,19978.0,Coastal,76.7,1640.3,High,-77.6757626742,35.4849957203,High
20922,12112,Cleveland,29,99332.0,Western,214.4,2001.7,High,-81.5555471412,35.3341018022,High
20974,1545,Polk,29,19461.0,Western,81.3,1596.5,Substantial,-82.1696779265,35.2792789622,High
20933,37799,Forsyth,29,387703.0,Northern,938.1,4129.5,High,-80.256300016,36.1306195485,High
20940,49701,Guilford,29,545484.0,Northern,838.0,3371.1,Substantial,-79.7889042685,36.0794717315,High
20914,701,Camden,29,10537.0,Coastal,43.1,793.0,Moderate,-76.1609504039,36.3411216216,Substantial
20921,943,Clay,29,11238.0,Western,51.6,2288.34,High,-83.7501767115,35.0571811284,High
20917,20300,Catawba,29,162841.0,Northern,400.2,2802.5,High,-81.2150705598,35.662042354,High
20964,20062,New Hanover,29,230423.0,Coastal,1174.0,2612.3,High,-77.865597569,34.1815553357,High
20962,9391,Moore,29,102966.0,Eastern,142.9,1617.3,High,-79.4813744392,35.3106538555,High
20904,2305,Ashe,29,26506.0,Northern,62.3,1123.1,High,-81.5005211955,36.434424701,High
20901,4561,Alexander,29,36172.0,Northern,140.2,1440.7,High,-81.1770268506,35.9210263138,High
20990,5047,Vance,29,41665.0,Eastern,168.7,3584.5,Substantial,-78.4079288849,36.3649169333,High
20934,7175,Franklin,29,70655.0,Eastern,139.4,1314.6,High,-78.2856965824,36.0827733527,High
20926,1628,Currituck,29,29385.0,Coastal,107.3,1344.3,Substantial,-75.936949201,36.3672994836,High
20992,1837,Warren,29,18621.0,Eastern,43.4,2235.0,Substantial,-78.1067171324,36.3965102811,High
21028,17423,Davidson,30,171752.0,Northern,305.4,1757.8,High,-80.2127487756,35.7933524917,High
21019,2742,Cherokee,30,28738.0,Western,63.2,3613.3,High,-84.063444228,35.1338574515,High
21096,7178,Wilkes,30,65151.0,Northern,87.5,1887.3,High,-81.1633856618,36.2062757623,High
21056,1661,Madison,30,21146.0,Western,47.1,1247.6,High,-82.7057582627,35.8580358086,High
21081,8413,Sampson,30,58371.0,Coastal,62.4,2241.9,High,-78.3713906105,34.9915361594,High
21005,2195,Avery,30,17347.0,Western,72.0,1003.4,Substantial,-81.9226013745,36.0766050343,Substantial
21011,10417,Burke,30,88398.0,Western,173.0,1836.1,High,-81.7047784739,35.7496106399,High
21092,1836,Warren,30,18621.0,Eastern,43.4,2235.0,Substantial,-78.1067171324,36.3965102811,High
21041,5818,Halifax,30,47859.0,Coastal,67.2,2754.7,High,-77.6517329831,36.2574485453,High
21021,943,Clay,30,11238.0,Western,51.6,2288.34,High,-83.7501767115,35.0571811284,High
21070,5827,Pender,30,62250.0,Coastal,69.1,1461.9,High,-77.8884355846,34.5150997489,High
21085,8698,Surry,30,70573.0,Northern,134.0,1507.5,High,-80.6880779273,36.4148205561,High
21048,19839,Iredell,30,192986.0,Northern,325.0,1866.4,High,-80.8734378255,35.8070259189,High
21043,4686,Haywood,30,62831.0,Western,112.2,3591.8,High,-82.9821729698,35.5560557128,High
21080,7707,Rutherford,30,63870.0,Western,114.0,2009.9,High,-81.9198334642,35.4025956291,High
21022,12150,Cleveland,30,99332.0,Western,214.4,2001.7,High,-81.5555471412,35.3341018022,High
21067,8796,Orange,30,148331.0,Eastern,374.0,1991.9,Substantial,-79.120649356,36.0611182361,High
21064,20112,New Hanover,30,230423.0,Coastal,1174.0,2612.3,High,-77.865597569,34.1815553357,High
21083,8147,Stanly,30,62143.0,Central,158.2,2425.2,High,-80.2509863077,35.3119550622,High
21068,1143,Pamlico,30,12215.0,Coastal,36.5,2321.5,Substantial,-76.6694598427,35.151021226,High
21033,37880,Forsyth,30,387703.0,Northern,938.1,4129.5,High,-80.256300016,36.1306195485,High
21098,4287,Yadkin,30,36925.0,Northern,111.1,1820.8,High,-80.6652439331,36.1605336919,High
21017,20323,Catawba,30,162841.0,Northern,400.2,2802.5,High,-81.2150705598,35.662042354,High
21009,9857,Brunswick,30,144821.0,Coastal,160.8,1537.1,High,-78.2274071617,34.0388755841,High
21026,1638,Currituck,30,29385.0,Coastal,107.3,1344.3,High,-75.936949201,36.3672994836,High
21055,3204,Macon,30,37041.0,Western,71.8,2077.4,Moderate,-83.4221767088,35.1504672096,High
21050,23261,Johnston,30,224833.0,Coastal,272.7,1547.3,High,-78.3657109025,35.5178069265,High
21054,10647,Lincoln,30,88742.0,Central,293.4,1745.2,High,-81.2235326264,35.4855950234,High
21031,26605,Durham,30,331347.0,Eastern,1133.7,3966.0,Substantial,-78.8765926949,36.0360299243,High
21061,3447,Montgomery,30,25485.0,Eastern,52.4,2480.1,Substantial,-79.9054790812,35.332466935,High
21091,93566,Wake,30,1154170.0,Eastern,1353.3,1846.0,High,-78.6503081729,35.7902443741,High
21084,4377,Stokes,30,44422.0,Northern,99.1,2146.85,High,-80.2395157151,36.4019040049,High
21035,27868,Gaston,30,233387.0,Central,640.7,2912.4,High,-81.1802416273,35.2943489527,High
21042,12659,Harnett,30,134986.0,Eastern,224.5,2172.6,High,-78.8694125204,35.3686291614,High
21093,1148,Washington,30,10708.0,Coastal,31.8,1746.8,Moderate,-76.5693098876,35.8392646425,High
21069,3496,Pasquotank,30,40966.0,Coastal,178.8,2078.8,Moderate,-76.2492413613,36.2650187228,High
21036,763,Gates,30,10324.0,Coastal,30.8,750.9,Substantial,-76.7005266521,36.4449435708,High
21024,9660,Craven,30,102568.0,Coastal,142.5,2112.3,Substantial,-77.082003837,35.117685821,High
21000,19413,Alamance,30,175029.0,Northern,404.8,3065.6,Substantial,-79.3994248175,36.0437098766,High
21082,4104,Scotland,30,33662.0,Eastern,107.1,3528.0,High,-79.4804292418,34.8408848102,High
21062,9421,Moore,30,102966.0,Eastern,142.9,1617.3,High,-79.4813744392,35.3106538555,High
21094,5078,Watauga,30,54804.0,Northern,173.1,1191.8,Moderate,-81.6964250718,36.2311062795,High
21097,10110,Wilson,30,79078.0,Coastal,214.3,2386.9,Substantial,-77.9186629547,35.7051457145,High
21003,2690,Anson,30,22028.0,Central,41.5,2802.1,Substantial,-80.102712026,34.9737894417,High
21008,3769,Bladen,30,29171.0,Coastal,33.8,2578.5,High,-78.5636493115,34.6145873342,High
21051,924,Jones,30,9076.0,Coastal,19.5,0.0,High,-77.3551679748,35.0217248029,High
21010,18749,Buncombe,30,271638.0,Western,410.4,3012.8,High,-82.5301070587,35.611177887,High
21038,6102,Granville,30,60720.0,Eastern,114.6,1466.3,Substantial,-78.6527194252,36.3040698262,High
21039,2502,Greene,30,19978.0,Coastal,76.7,1640.3,High,-77.6757626742,35.4849957203,High
21027,2363,Dare,30,37817.0,Coastal,96.3,1872.9,High,-75.6852333134,35.664936694,High
21007,1814,Bertie,30,17302.0,Coastal,25.7,1594.6,Moderate,-76.9667121404,36.0656302022,High
21053,6392,Lenoir,30,54323.0,Coastal,138.1,3246.04,High,-77.6412486292,35.2387731611,High
21072,3635,Person,30,39048.0,Eastern,99.7,1862.8,High,-78.9718051426,36.3900951244,High
21016,2245,Caswell,30,22400.0,Eastern,53.5,317.5,Substantial,-79.3335234769,36.3932742158,High
21077,17935,Robeson,30,115899.0,Coastal,123.0,5137.4,High,-79.1038649277,34.6402420514,High
21018,4925,Chatham,30,77095.0,Eastern,111.9,1456.0,High,-79.2552758614,35.7025721296,High
21020,1542,Chowan,30,13646.0,Coastal,79.4,1402.6,High,-76.6021303656,36.1265615389,High
21045,2133,Hertford,30,20374.0,Coastal,61.0,2281.6,Moderate,-76.9807147831,36.3586360305,High
21073,21303,Pitt,30,173536.0,Coastal,261.0,2238.9,High,-77.3744965519,35.5932989746,High
21076,5157,Richmond,30,43006.0,Eastern,90.7,5508.4,High,-79.7477780226,35.0060483545,High
21087,2512,Transylvania,30,32825.0,Western,87.2,978.5,High,-82.7983001279,35.2021778635,High
21006,4882,Beaufort,30,44150.0,Coastal,53.6,2157.95,Substantial,-76.8453144055,35.486983815,High
21002,1107,Alleghany,30,11057.0,Northern,46.4,697.2,Moderate,-81.1278593427,36.4912704378,High
21012,23240,Cabarrus,30,232873.0,Central,625.1,1374.8,High,-80.5518508851,35.3867940405,High
21052,6414,Lee,30,64360.0,Eastern,248.1,1631.1,High,-79.1714836119,35.4751864248,High
21004,2309,Ashe,30,26506.0,Northern,62.3,1123.1,High,-81.5005211955,36.434424701,High
21058,5397,McDowell,30,44151.0,Western,101.3,2610.9,Substantial,-82.0493124426,35.6816924709,High
21029,4308,Davie,30,43127.0,Northern,162.0,1665.25,High,-80.5444636482,35.929110866,High
21088,338,Tyrrell,30,3315.0,Coastal,8.3,957.2,High,-76.1704523585,35.8694070017,High
21034,7192,Franklin,30,70655.0,Eastern,139.4,1314.6,High,-78.2856965824,36.0827733527,High
21037,716,Graham,30,7935.0,Western,27.5,8085.4,High,-83.833581803,35.350171951,High
21075,15694,Randolph,30,143325.0,Northern,184.3,1615.5,High,-79.8060069064,35.7103417044,High
21001,4568,Alexander,30,36172.0,Northern,140.2,1440.7,High,-81.1770268506,35.9210263138,High
21066,18767,Onslow,30,207928.0,Coastal,268.4,2191.23,High,-77.4157658244,34.709836363,High
21040,49826,Guilford,30,545484.0,Northern,838.0,3371.1,High,-79.7889042685,36.0794717315,High
21046,5206,Hoke,30,53783.0,Eastern,133.5,2028.14,High,-79.237290715,35.0175290075,High
21074,1547,Polk,30,19461.0,Western,81.3,1596.5,Substantial,-82.1696779265,35.2792789622,High
21059,119119,Mecklenburg,30,1128426.0,Central,2130.4,3736.1,High,-80.8327311406,35.2467670437,High
21013,9694,Caldwell,30,81319.0,Northern,170.9,2504.8,High,-81.5464366451,35.9530379334,High
21099,1704,Yancey,30,18320.0,Western,59.1,557.0,High,-82.3076279784,35.8989479924,High
21014,705,Camden,30,10537.0,Coastal,43.1,793.0,Substantial,-76.1609504039,36.3411216216,High
21057,2412,Martin,30,21503.0,Coastal,48.3,2717.4,High,-77.109232267,35.843213981,High
21079,17786,Rowan,30,148565.0,Northern,287.1,2292.8,High,-80.5247717485,35.6394734632,High
21063,11858,Nash,30,96101.0,Coastal,175.7,1838.5,Substantial,-77.9864448378,35.9672502839,High
21023,6903,Columbus,30,49795.0,Coastal,54.0,2887.71,High,-78.6550308717,34.2656450828,High
21095,11881,Wayne,30,115895.0,Coastal,211.8,2813.0,High,-78.0039971272,35.3639599672,High
21049,3757,Jackson,30,41919.0,Western,87.8,1864.6,High,-83.1408496187,35.2875866253,High
21071,1055,Perquimans,30,13049.0,Coastal,52.6,684.8,Moderate,-76.4076199893,36.1772228503,High
21044,10690,Henderson,30,117429.0,Western,311.8,2039.7,High,-82.4799463782,35.3362263031,High
21025,32397,Cumberland,30,341793.0,Eastern,512.9,3748.5,High,-78.8275607671,35.048611942,High
21065,1928,Northampton,30,16953.0,Eastern,32.6,2092.6,Substantial,-77.3968212099,36.4177312434,High
21047,673,Hyde,30,4595.0,Coastal,7.5,0.0,Substantial,-76.1449651093,35.4081187361,High
21078,8329,Rockingham,30,90457.0,Northern,161.0,2130.4,High,-79.7749871967,36.3960127906,High
21030,6729,Duplin,30,48249.0,Coastal,59.8,2911.6,High,-77.9330277459,34.9365348363,High
21015,5399,Carteret,30,69039.0,Coastal,133.3,1912.1,Substantial,-76.5357430669,34.8612598084,High
21086,1243,Swain,30,14046.0,Western,26.8,3517.8,High,-83.4927393736,35.4868150519,High
21032,5849,Edgecombe,30,48604.0,Coastal,96.7,2366.3,High,-77.5970588882,35.912880671,High
21089,25838,Union,30,244960.0,Central,376.6,1582.3,High,-80.5307400446,34.9883574887,High
21060,1484,Mitchell,30,14783.0,Western,67.4,458.42,Moderate,-82.1635815487,36.0132038869,High
21090,5050,Vance,30,41665.0,Eastern,168.7,3584.5,Substantial,-78.4079288849,36.3649169333,High
21155,3204,Macon,31,37041.0,Western,71.8,2077.4,Moderate,-83.4221767088,35.1504672096,High
21134,7192,Franklin,31,70655.0,Eastern,139.4,1314.6,High,-78.2856965824,36.0827733527,High
21151,924,Jones,31,9076.0,Coastal,19.5,0.0,High,-77.3551679748,35.0217248029,High
21121,943,Clay,31,11238.0,Western,51.6,2288.34,High,-83.7501767115,35.0571811284,High
21154,10647,Lincoln,31,88742.0,Central,293.4,1745.2,High,-81.2235326264,35.4855950234,High
21196,7178,Wilkes,31,65151.0,Northern,87.5,1887.3,High,-81.1633856618,36.2062757623,High
21159,119119,Mecklenburg,31,1128426.0,Central,2130.4,3736.1,High,-80.8327311406,35.2467670437,High
21101,4568,Alexander,31,36172.0,Northern,140.2,1440.7,High,-81.1770268506,35.9210263138,High
21122,12150,Cleveland,31,99332.0,Western,214.4,2001.7,High,-81.5555471412,35.3341018022,High
21126,1638,Currituck,31,29385.0,Coastal,107.3,1344.3,High,-75.936949201,36.3672994836,High
21163,11858,Nash,31,96101.0,Coastal,175.7,1838.5,Substantial,-77.9864448378,35.9672502839,High
21152,6414,Lee,31,64360.0,Eastern,248.1,1631.1,High,-79.1714836119,35.4751864248,High
21158,5397,McDowell,31,44151.0,Western,101.3,2610.9,Substantial,-82.0493124426,35.6816924709,High
21153,6392,Lenoir,31,54323.0,Coastal,138.1,3246.04,High,-77.6412486292,35.2387731611,High
21197,10110,Wilson,31,79078.0,Coastal,214.3,2386.9,Substantial,-77.9186629547,35.7051457145,High
21162,9421,Moore,31,102966.0,Eastern,142.9,1617.3,High,-79.4813744392,35.3106538555,High
21120,1542,Chowan,31,13646.0,Coastal,79.4,1402.6,High,-76.6021303656,36.1265615389,High
21160,1484,Mitchell,31,14783.0,Western,67.4,458.42,Moderate,-82.1635815487,36.0132038869,High
21124,9660,Craven,31,102568.0,Coastal,142.5,2112.3,Substantial,-77.082003837,35.117685821,High
21136,763,Gates,31,10324.0,Coastal,30.8,750.9,Substantial,-76.7005266521,36.4449435708,High
21161,3447,Montgomery,31,25485.0,Eastern,52.4,2480.1,Substantial,-79.9054790812,35.332466935,High
21100,19413,Alamance,31,175029.0,Northern,404.8,3065.6,Substantial,-79.3994248175,36.0437098766,High
21125,32397,Cumberland,31,341793.0,Eastern,512.9,3748.5,High,-78.8275607671,35.048611942,High
21194,5078,Watauga,31,54804.0,Northern,173.1,1191.8,Moderate,-81.6964250718,36.2311062795,High
21195,11881,Wayne,31,115895.0,Coastal,211.8,2813.0,High,-78.0039971272,35.3639599672,High
21102,1107,Alleghany,31,11057.0,Northern,46.4,697.2,Moderate,-81.1278593427,36.4912704378,High
21103,2690,Anson,31,22028.0,Central,41.5,2802.1,Substantial,-80.102712026,34.9737894417,High
21157,2412,Martin,31,21503.0,Coastal,48.3,2717.4,High,-77.109232267,35.843213981,High
21156,1661,Madison,31,21146.0,Western,47.1,1247.6,High,-82.7057582627,35.8580358086,High
21123,6903,Columbus,31,49795.0,Coastal,54.0,2887.71,High,-78.6550308717,34.2656450828,High
21137,716,Graham,31,7935.0,Western,27.5,8085.4,High,-83.833581803,35.350171951,High
21142,12659,Harnett,31,134986.0,Eastern,224.5,2172.6,High,-78.8694125204,35.3686291614,High
21140,49826,Guilford,31,545484.0,Northern,838.0,3371.1,High,-79.7889042685,36.0794717315,High
21145,2133,Hertford,31,20374.0,Coastal,61.0,2281.6,Moderate,-76.9807147831,36.3586360305,High
21177,17935,Robeson,31,115899.0,Coastal,123.0,5137.4,High,-79.1038649277,34.6402420514,High
21127,2363,Dare,31,37817.0,Coastal,96.3,1872.9,High,-75.6852333134,35.664936694,High
21107,1814,Bertie,31,17302.0,Coastal,25.7,1594.6,Moderate,-76.9667121404,36.0656302022,High
21171,1055,Perquimans,31,13049.0,Coastal,52.6,684.8,Moderate,-76.4076199893,36.1772228503,High
21190,5050,Vance,31,41665.0,Eastern,168.7,3584.5,Substantial,-78.4079288849,36.3649169333,High
21112,23240,Cabarrus,31,232873.0,Central,625.1,1374.8,High,-80.5518508851,35.3867940405,High
21147,673,Hyde,31,4595.0,Coastal,7.5,0.0,Substantial,-76.1449651093,35.4081187361,High
21178,8329,Rockingham,31,90457.0,Northern,161.0,2130.4,High,-79.7749871967,36.3960127906,High
21149,3757,Jackson,31,41919.0,Western,87.8,1864.6,High,-83.1408496187,35.2875866253,High
21139,2502,Greene,31,19978.0,Coastal,76.7,1640.3,High,-77.6757626742,35.4849957203,High
21130,6729,Duplin,31,48249.0,Coastal,59.8,2911.6,High,-77.9330277459,34.9365348363,High
21129,4308,Davie,31,43127.0,Northern,162.0,1665.25,High,-80.5444636482,35.929110866,High
21186,1243,Swain,31,14046.0,Western,26.8,3517.8,High,-83.4927393736,35.4868150519,High
21179,17786,Rowan,31,148565.0,Northern,287.1,2292.8,High,-80.5247717485,35.6394734632,High
21116,2245,Caswell,31,22400.0,Eastern,53.5,317.5,Substantial,-79.3335234769,36.3932742158,High
21165,1928,Northampton,31,16953.0,Eastern,32.6,2092.6,Substantial,-77.3968212099,36.4177312434,High
21176,5157,Richmond,31,43006.0,Eastern,90.7,5508.4,High,-79.7477780226,35.0060483545,High
21187,2512,Transylvania,31,32825.0,Western,87.2,978.5,High,-82.7983001279,35.2021778635,High
21132,5849,Edgecombe,31,48604.0,Coastal,96.7,2366.3,High,-77.5970588882,35.912880671,High
21118,4925,Chatham,31,77095.0,Eastern,111.9,1456.0,High,-79.2552758614,35.7025721296,High
21106,4882,Beaufort,31,44150.0,Coastal,53.6,2157.95,Substantial,-76.8453144055,35.486983815,High
21114,705,Camden,31,10537.0,Coastal,43.1,793.0,Substantial,-76.1609504039,36.3411216216,High
21164,20112,New Hanover,31,230423.0,Coastal,1174.0,2612.3,High,-77.865597569,34.1815553357,High
21174,1547,Polk,31,19461.0,Western,81.3,1596.5,Substantial,-82.1696779265,35.2792789622,High
21173,21303,Pitt,31,173536.0,Coastal,261.0,2238.9,High,-77.3744965519,35.5932989746,High
21104,2309,Ashe,31,26506.0,Northern,62.3,1123.1,High,-81.5005211955,36.434424701,High
21172,3635,Person,31,39048.0,Eastern,99.7,1862.8,High,-78.9718051426,36.3900951244,High
21189,25838,Union,31,244960.0,Central,376.6,1582.3,High,-80.5307400446,34.9883574887,High
21146,5206,Hoke,31,53783.0,Eastern,133.5,2028.14,High,-79.237290715,35.0175290075,High
21175,15694,Randolph,31,143325.0,Northern,184.3,1615.5,High,-79.8060069064,35.7103417044,High
21115,5399,Carteret,31,69039.0,Coastal,133.3,1912.1,Substantial,-76.5357430669,34.8612598084,High
21188,338,Tyrrell,31,3315.0,Coastal,8.3,957.2,High,-76.1704523585,35.8694070017,High
21166,18767,Onslow,31,207928.0,Coastal,268.4,2191.23,High,-77.4157658244,34.709836363,High
21168,1143,Pamlico,31,12215.0,Coastal,36.5,2321.5,Substantial,-76.6694598427,35.151021226,High
21113,9694,Caldwell,31,81319.0,Northern,170.9,2504.8,High,-81.5464366451,35.9530379334,High
21199,1704,Yancey,31,18320.0,Western,59.1,557.0,High,-82.3076279784,35.8989479924,High
21144,10690,Henderson,31,117429.0,Western,311.8,2039.7,High,-82.4799463782,35.3362263031,High
21148,19839,Iredell,31,192986.0,Northern,325.0,1866.4,High,-80.8734378255,35.8070259189,High
21105,2195,Avery,31,17347.0,Western,72.0,1003.4,Substantial,-81.9226013745,36.0766050343,Substantial
21182,4104,Scotland,31,33662.0,Eastern,107.1,3528.0,High,-79.4804292418,34.8408848102,High
21193,1148,Washington,31,10708.0,Coastal,31.8,1746.8,Moderate,-76.5693098876,35.8392646425,High
21167,8796,Orange,31,148331.0,Eastern,374.0,1991.9,Substantial,-79.120649356,36.0611182361,High
21192,1836,Warren,31,18621.0,Eastern,43.4,2235.0,Substantial,-78.1067171324,36.3965102811,High
21108,3769,Bladen,31,29171.0,Coastal,33.8,2578.5,High,-78.5636493115,34.6145873342,High
21117,20323,Catawba,31,162841.0,Northern,400.2,2802.5,High,-81.2150705598,35.662042354,High
21110,18749,Buncombe,31,271638.0,Western,410.4,3012.8,High,-82.5301070587,35.611177887,High
21169,3496,Pasquotank,31,40966.0,Coastal,178.8,2078.8,Moderate,-76.2492413613,36.2650187228,High
21143,4686,Haywood,31,62831.0,Western,112.2,3591.8,High,-82.9821729698,35.5560557128,High
21184,4377,Stokes,31,44422.0,Northern,99.1,2146.85,High,-80.2395157151,36.4019040049,High
21181,8413,Sampson,31,58371.0,Coastal,62.4,2241.9,High,-78.3713906105,34.9915361594,High
21111,10417,Burke,31,88398.0,Western,173.0,1836.1,High,-81.7047784739,35.7496106399,High
21185,8698,Surry,31,70573.0,Northern,134.0,1507.5,High,-80.6880779273,36.4148205561,High
21170,5827,Pender,31,62250.0,Coastal,69.1,1461.9,High,-77.8884355846,34.5150997489,High
21198,4287,Yadkin,31,36925.0,Northern,111.1,1820.8,High,-80.6652439331,36.1605336919,High
21135,27868,Gaston,31,233387.0,Central,640.7,2912.4,High,-81.1802416273,35.2943489527,High
21128,17423,Davidson,31,171752.0,Northern,305.4,1757.8,High,-80.2127487756,35.7933524917,High
21183,8147,Stanly,31,62143.0,Central,158.2,2425.2,High,-80.2509863077,35.3119550622,High
21133,37880,Forsyth,31,387703.0,Northern,938.1,4129.5,High,-80.256300016,36.1306195485,High
21180,7707,Rutherford,31,63870.0,Western,114.0,2009.9,High,-81.9198334642,35.4025956291,High
21191,93566,Wake,31,1154170.0,Eastern,1353.3,1846.0,High,-78.6503081729,35.7902443741,High
21141,5818,Halifax,31,47859.0,Coastal,67.2,2754.7,High,-77.6517329831,36.2574485453,High
21119,2742,Cherokee,31,28738.0,Western,63.2,3613.3,High,-84.063444228,35.1338574515,High
21131,26664,Durham,31,331347.0,Eastern,1133.7,3966.0,Substantial,-78.8765926949,36.0360299243,High
21138,6102,Granville,31,60720.0,Eastern,114.6,1466.3,Substantial,-78.6527194252,36.3040698262,High
21109,9857,Brunswick,31,144821.0,Coastal,160.8,1537.1,High,-78.2274071617,34.0388755841,High
21150,23261,Johnston,31,224833.0,Coastal,272.7,1547.3,High,-78.3657109025,35.5178069265,High
21289,25838,Union,32,244960.0,Central,376.6,1582.3,High,-80.5307400446,34.9883574887,High
21226,1638,Currituck,32,29385.0,Coastal,107.3,1344.3,High,-75.936949201,36.3672994836,High
21200,19413,Alamance,32,175029.0,Northern,404.8,3065.6,Substantial,-79.3994248175,36.0437098766,High
21272,3635,Person,32,39048.0,Eastern,99.7,1862.8,High,-78.9718051426,36.3900951244,High
21273,21303,Pitt,32,173536.0,Coastal,261.0,2238.9,High,-77.3744965519,35.5932989746,High
21233,37880,Forsyth,32,387703.0,Northern,938.1,4129.5,High,-80.256300016,36.1306195485,High
21268,1143,Pamlico,32,12215.0,Coastal,36.5,2321.5,Substantial,-76.6694598427,35.151021226,High
21217,20323,Catawba,32,162841.0,Northern,400.2,2802.5,High,-81.2150705598,35.662042354,High
21215,5399,Carteret,32,69039.0,Coastal,133.3,1912.1,Substantial,-76.5357430669,34.8612598084,High
21221,943,Clay,32,11238.0,Western,51.6,2288.34,High,-83.7501767115,35.0571811284,High
21261,3447,Montgomery,32,25485.0,Eastern,52.4,2480.1,Substantial,-79.9054790812,35.332466935,High
21216,2245,Caswell,32,22400.0,Eastern,53.5,317.5,Substantial,-79.3335234769,36.3932742158,High
21228,17423,Davidson,32,171752.0,Northern,305.4,1757.8,High,-80.2127487756,35.7933524917,High
21205,2195,Avery,32,17347.0,Western,72.0,1003.4,Substantial,-81.9226013745,36.0766050343,Substantial
21237,716,Graham,32,7935.0,Western,27.5,8085.4,High,-83.833581803,35.350171951,High
21270,5827,Pender,32,62250.0,Coastal,69.1,1461.9,High,-77.8884355846,34.5150997489,High
21239,2502,Greene,32,19978.0,Coastal,76.7,1640.3,High,-77.6757626742,35.4849957203,High
21294,5078,Watauga,32,54804.0,Northern,173.1,1191.8,Moderate,-81.6964250718,36.2311062795,High
21290,5050,Vance,32,41665.0,Eastern,168.7,3584.5,Substantial,-78.4079288849,36.3649169333,High
21269,3496,Pasquotank,32,40966.0,Coastal,178.8,2078.8,Moderate,-76.2492413613,36.2650187228,High
21271,1055,Perquimans,32,13049.0,Coastal,52.6,684.8,Moderate,-76.4076199893,36.1772228503,High
21247,673,Hyde,32,4595.0,Coastal,7.5,0.0,Substantial,-76.1449651093,35.4081187361,High
21299,1704,Yancey,32,18320.0,Western,59.1,557.0,High,-82.3076279784,35.8989479924,High
21295,11881,Wayne,32,115895.0,Coastal,211.8,2813.0,High,-78.0039971272,35.3639599672,High
21248,19839,Iredell,32,192986.0,Northern,325.0,1866.4,High,-80.8734378255,35.8070259189,High
21291,93566,Wake,32,1154170.0,Eastern,1353.3,1846.0,High,-78.6503081729,35.7902443741,High
21260,1484,Mitchell,32,14783.0,Western,67.4,458.42,Moderate,-82.1635815487,36.0132038869,High
21206,4882,Beaufort,32,44150.0,Coastal,53.6,2157.95,Substantial,-76.8453144055,35.486983815,High
21213,9694,Caldwell,32,81319.0,Northern,170.9,2504.8,High,-81.5464366451,35.9530379334,High
21259,119119,Mecklenburg,32,1128426.0,Central,2130.4,3736.1,High,-80.8327311406,35.2467670437,High
21244,10690,Henderson,32,117429.0,Western,311.8,2039.7,High,-82.4799463782,35.3362263031,High
21296,7178,Wilkes,32,65151.0,Northern,87.5,1887.3,High,-81.1633856618,36.2062757623,High
21211,10417,Burke,32,88398.0,Western,173.0,1836.1,High,-81.7047784739,35.7496106399,High
21241,5818,Halifax,32,47859.0,Coastal,67.2,2754.7,High,-77.6517329831,36.2574485453,High
21280,7707,Rutherford,32,63870.0,Western,114.0,2009.9,High,-81.9198334642,35.4025956291,High
21256,1661,Madison,32,21146.0,Western,47.1,1247.6,High,-82.7057582627,35.8580358086,High
21285,8698,Surry,32,70573.0,Northern,134.0,1507.5,High,-80.6880779273,36.4148205561,High
21243,4686,Haywood,32,62831.0,Western,112.2,3591.8,High,-82.9821729698,35.5560557128,High
21281,8413,Sampson,32,58371.0,Coastal,62.4,2241.9,High,-78.3713906105,34.9915361594,High
21210,18749,Buncombe,32,271638.0,Western,410.4,3012.8,High,-82.5301070587,35.611177887,High
21208,3769,Bladen,32,29171.0,Coastal,33.8,2578.5,High,-78.5636493115,34.6145873342,High
21297,10110,Wilson,32,79078.0,Coastal,214.3,2386.9,Substantial,-77.9186629547,35.7051457145,High
21282,4104,Scotland,32,33662.0,Eastern,107.1,3528.0,High,-79.4804292418,34.8408848102,High
21224,9660,Craven,32,102568.0,Coastal,142.5,2112.3,Substantial,-77.082003837,35.117685821,High
21236,763,Gates,32,10324.0,Coastal,30.8,750.9,Substantial,-76.7005266521,36.4449435708,High
21284,4377,Stokes,32,44422.0,Northern,99.1,2146.85,High,-80.2395157151,36.4019040049,High
21231,26664,Durham,32,331347.0,Eastern,1133.7,3966.0,Substantial,-78.8765926949,36.0360299243,High
21254,10647,Lincoln,32,88742.0,Central,293.4,1745.2,High,-81.2235326264,35.4855950234,High
21255,3204,Macon,32,37041.0,Western,71.8,2077.4,Moderate,-83.4221767088,35.1504672096,High
21209,9857,Brunswick,32,144821.0,Coastal,160.8,1537.1,High,-78.2274071617,34.0388755841,High
21283,8147,Stanly,32,62143.0,Central,158.2,2425.2,High,-80.2509863077,35.3119550622,High
21298,4287,Yadkin,32,36925.0,Northern,111.1,1820.8,High,-80.6652439331,36.1605336919,High
21242,12659,Harnett,32,134986.0,Eastern,224.5,2172.6,High,-78.8694125204,35.3686291614,High
21279,17786,Rowan,32,148565.0,Northern,287.1,2292.8,High,-80.5247717485,35.6394734632,High
21252,6414,Lee,32,64360.0,Eastern,248.1,1631.1,High,-79.1714836119,35.4751864248,High
21286,1243,Swain,32,14046.0,Western,26.8,3517.8,High,-83.4927393736,35.4868150519,High
21230,6729,Duplin,32,48249.0,Coastal,59.8,2911.6,High,-77.9330277459,34.9365348363,High
21229,4308,Davie,32,43127.0,Northern,162.0,1665.25,High,-80.5444636482,35.929110866,High
21214,705,Camden,32,10537.0,Coastal,43.1,793.0,Substantial,-76.1609504039,36.3411216216,High
21240,49826,Guilford,32,545484.0,Northern,838.0,3371.1,High,-79.7889042685,36.0794717315,High
21274,1547,Polk,32,19461.0,Western,81.3,1596.5,Substantial,-82.1696779265,35.2792789622,High
21222,12150,Cleveland,32,99332.0,Western,214.4,2001.7,High,-81.5555471412,35.3341018022,High
21234,7192,Franklin,32,70655.0,Eastern,139.4,1314.6,High,-78.2856965824,36.0827733527,High
21246,5206,Hoke,32,53783.0,Eastern,133.5,2028.14,High,-79.237290715,35.0175290075,High
21275,15694,Randolph,32,143325.0,Northern,184.3,1615.5,High,-79.8060069064,35.7103417044,High
21288,338,Tyrrell,32,3315.0,Coastal,8.3,957.2,High,-76.1704523585,35.8694070017,High
21245,2133,Hertford,32,20374.0,Coastal,61.0,2281.6,Moderate,-76.9807147831,36.3586360305,High
21258,5397,McDowell,32,44151.0,Western,101.3,2610.9,Substantial,-82.0493124426,35.6816924709,High
21232,5849,Edgecombe,32,48604.0,Coastal,96.7,2366.3,High,-77.5970588882,35.912880671,High
21202,1107,Alleghany,32,11057.0,Northern,46.4,697.2,Moderate,-81.1278593427,36.4912704378,High
21287,2512,Transylvania,32,32825.0,Western,87.2,978.5,High,-82.7983001279,35.2021778635,High
21276,5157,Richmond,32,43006.0,Eastern,90.7,5508.4,High,-79.7477780226,35.0060483545,High
21277,17935,Robeson,32,115899.0,Coastal,123.0,5137.4,High,-79.1038649277,34.6402420514,High
21253,6392,Lenoir,32,54323.0,Coastal,138.1,3246.04,High,-77.6412486292,35.2387731611,High
21207,1814,Bertie,32,17302.0,Coastal,25.7,1594.6,Moderate,-76.9667121404,36.0656302022,High
21201,4568,Alexander,32,36172.0,Northern,140.2,1440.7,High,-81.1770268506,35.9210263138,High
21212,23240,Cabarrus,32,232873.0,Central,625.1,1374.8,High,-80.5518508851,35.3867940405,High
21278,8329,Rockingham,32,90457.0,Northern,161.0,2130.4,High,-79.7749871967,36.3960127906,High
21223,6903,Columbus,32,49795.0,Coastal,54.0,2887.71,High,-78.6550308717,34.2656450828,High
21225,32397,Cumberland,32,341793.0,Eastern,512.9,3748.5,High,-78.8275607671,35.048611942,High
21257,2412,Martin,32,21503.0,Coastal,48.3,2717.4,High,-77.109232267,35.843213981,High
21262,9421,Moore,32,102966.0,Eastern,142.9,1617.3,High,-79.4813744392,35.3106538555,High
21264,20112,New Hanover,32,230423.0,Coastal,1174.0,2612.3,High,-77.865597569,34.1815553357,High
21219,2742,Cherokee,32,28738.0,Western,63.2,3613.3,High,-84.063444228,35.1338574515,High
21249,3757,Jackson,32,41919.0,Western,87.8,1864.6,High,-83.1408496187,35.2875866253,High
21250,23261,Johnston,32,224833.0,Coastal,272.7,1547.3,High,-78.3657109025,35.5178069265,High
21238,6102,Granville,32,60720.0,Eastern,114.6,1466.3,Substantial,-78.6527194252,36.3040698262,High
21220,1542,Chowan,32,13646.0,Coastal,79.4,1402.6,High,-76.6021303656,36.1265615389,High
21218,4925,Chatham,32,77095.0,Eastern,111.9,1456.0,High,-79.2552758614,35.7025721296,High
21263,11858,Nash,32,96101.0,Coastal,175.7,1838.5,Substantial,-77.9864448378,35.9672502839,High
21266,18767,Onslow,32,207928.0,Coastal,268.4,2191.23,High,-77.4157658244,34.709836363,High
21292,1836,Warren,32,18621.0,Eastern,43.4,2235.0,Substantial,-78.1067171324,36.3965102811,High
21227,2363,Dare,32,37817.0,Coastal,96.3,1872.9,High,-75.6852333134,35.664936694,High
21293,1148,Washington,32,10708.0,Coastal,31.8,1746.8,Moderate,-76.5693098876,35.8392646425,High
21251,924,Jones,32,9076.0,Coastal,19.5,0.0,High,-77.3551679748,35.0217248029,High
21203,2690,Anson,32,22028.0,Central,41.5,2802.1,Substantial,-80.102712026,34.9737894417,High
21267,8796,Orange,32,148331.0,Eastern,374.0,1991.9,Substantial,-79.120649356,36.0611182361,High
21235,27868,Gaston,32,233387.0,Central,640.7,2912.4,High,-81.1802416273,35.2943489527,High
21265,1928,Northampton,32,16953.0,Eastern,32.6,2092.6,Substantial,-77.3968212099,36.4177312434,High
21204,2309,Ashe,32,26506.0,Northern,62.3,1123.1,High,-81.5005211955,36.434424701,High
21393,1153,Washington,33,10708.0,Coastal,31.8,1746.8,Substantial,-76.5693098876,35.8392646425,High
21382,4133,Scotland,33,33662.0,Eastern,107.1,3528.0,High,-79.4804292418,34.8408848102,High
21311,10502,Burke,33,88398.0,Western,173.0,1836.1,High,-81.7047784739,35.7496106399,High
21329,4343,Davie,33,43127.0,Northern,162.0,1665.25,High,-80.5444636482,35.929110866,High
21321,948,Clay,33,11238.0,Western,51.6,2288.34,High,-83.7501767115,35.0571811284,High
21338,6130,Granville,33,60720.0,Eastern,114.6,1466.3,High,-78.6527194252,36.3040698262,High
21316,2256,Caswell,33,22400.0,Eastern,53.5,317.5,Substantial,-79.3335234769,36.3932742158,High
21314,709,Camden,33,10537.0,Coastal,43.1,793.0,Substantial,-76.1609504039,36.3411216216,High
21324,9721,Craven,33,102568.0,Coastal,142.5,2112.3,High,-77.082003837,35.117685821,High
21344,10774,Henderson,33,117429.0,Western,311.8,2039.7,High,-82.4799463782,35.3362263031,High
21336,764,Gates,33,10324.0,Coastal,30.8,750.9,Substantial,-76.7005266521,36.4449435708,High
21374,1559,Polk,33,19461.0,Western,81.3,1596.5,High,-82.1696779265,35.2792789622,High
21328,17545,Davidson,33,171752.0,Northern,305.4,1757.8,High,-80.2127487756,35.7933524917,High
21379,17920,Rowan,33,148565.0,Northern,287.1,2292.8,High,-80.5247717485,35.6394734632,High
21322,12278,Cleveland,33,99332.0,Western,214.4,2001.7,High,-81.5555471412,35.3341018022,High
21337,724,Graham,33,7935.0,Western,27.5,8085.4,High,-83.833581803,35.350171951,High
21360,1487,Mitchell,33,14783.0,Western,67.4,458.42,Substantial,-82.1635815487,36.0132038869,High
21357,2436,Martin,33,21503.0,Coastal,48.3,2717.4,High,-77.109232267,35.843213981,High
21386,1251,Swain,33,14046.0,Western,26.8,3517.8,High,-83.4927393736,35.4868150519,High
21394,5094,Watauga,33,54804.0,Northern,173.1,1191.8,Substantial,-81.6964250718,36.2311062795,High
21303,2711,Anson,33,22028.0,Central,41.5,2802.1,High,-80.102712026,34.9737894417,High
21396,7258,Wilkes,33,65151.0,Northern,87.5,1887.3,High,-81.1633856618,36.2062757623,High
21306,4907,Beaufort,33,44150.0,Coastal,53.6,2157.95,High,-76.8453144055,35.486983815,High
21345,2137,Hertford,33,20374.0,Coastal,61.0,2281.6,Moderate,-76.9807147831,36.3586360305,High
21359,120200,Mecklenburg,33,1128426.0,Central,2130.4,3736.1,High,-80.8327311406,35.2467670437,High
21339,2515,Greene,33,19978.0,Coastal,76.7,1640.3,High,-77.6757626742,35.4849957203,High
21304,2337,Ashe,33,26506.0,Northern,62.3,1123.1,High,-81.5005211955,36.434424701,High
21381,8462,Sampson,33,58371.0,Coastal,62.4,2241.9,High,-78.3713906105,34.9915361594,High
21343,4725,Haywood,33,62831.0,Western,112.2,3591.8,High,-82.9821729698,35.5560557128,High
21315,5432,Carteret,33,69039.0,Coastal,133.3,1912.1,High,-76.5357430669,34.8612598084,High
21347,674,Hyde,33,4595.0,Coastal,7.5,0.0,Moderate,-76.1449651093,35.4081187361,High
21376,5208,Richmond,33,43006.0,Eastern,90.7,5508.4,High,-79.7477780226,35.0060483545,High
21310,18932,Buncombe,33,271638.0,Western,410.4,3012.8,High,-82.5301070587,35.611177887,High
21395,11956,Wayne,33,115895.0,Coastal,211.8,2813.0,High,-78.0039971272,35.3639599672,High
21335,28100,Gaston,33,233387.0,Central,640.7,2912.4,High,-81.1802416273,35.2943489527,High
21399,1736,Yancey,33,18320.0,Western,59.1,557.0,High,-82.3076279784,35.8989479924,High
21356,1677,Madison,33,21146.0,Western,47.1,1247.6,High,-82.7057582627,35.8580358086,High
21389,26023,Union,33,244960.0,Central,376.6,1582.3,High,-80.5307400446,34.9883574887,High
21380,7775,Rutherford,33,63870.0,Western,114.0,2009.9,High,-81.9198334642,35.4025956291,High
21372,3661,Person,33,39048.0,Eastern,99.7,1862.8,High,-78.9718051426,36.3900951244,High
21371,1063,Perquimans,33,13049.0,Coastal,52.6,684.8,Substantial,-76.4076199893,36.1772228503,High
21308,3826,Bladen,33,29171.0,Coastal,33.8,2578.5,High,-78.5636493115,34.6145873342,High
21349,3793,Jackson,33,41919.0,Western,87.8,1864.6,High,-83.1408496187,35.2875866253,High
21390,5065,Vance,33,41665.0,Eastern,168.7,3584.5,Substantial,-78.4079288849,36.3649169333,High
21385,8743,Surry,33,70573.0,Northern,134.0,1507.5,High,-80.6880779273,36.4148205561,High
21397,10140,Wilson,33,79078.0,Coastal,214.3,2386.9,Substantial,-77.9186629547,35.7051457145,High
21320,1551,Chowan,33,13646.0,Coastal,79.4,1402.6,High,-76.6021303656,36.1265615389,High
21373,21457,Pitt,33,173536.0,Coastal,261.0,2238.9,High,-77.3744965519,35.5932989746,High
21392,1838,Warren,33,18621.0,Eastern,43.4,2235.0,Moderate,-78.1067171324,36.3965102811,High
21318,4980,Chatham,33,77095.0,Eastern,111.9,1456.0,High,-79.2552758614,35.7025721296,High
21352,6487,Lee,33,64360.0,Eastern,248.1,1631.1,High,-79.1714836119,35.4751864248,High
21370,5906,Pender,33,62250.0,Coastal,69.1,1461.9,High,-77.8884355846,34.5150997489,High
21319,2775,Cherokee,33,28738.0,Western,63.2,3613.3,High,-84.063444228,35.1338574515,High
21341,5856,Halifax,33,47859.0,Coastal,67.2,2754.7,High,-77.6517329831,36.2574485453,High
21305,2196,Avery,33,17347.0,Western,72.0,1003.4,Substantial,-81.9226013745,36.0766050343,High
21384,4423,Stokes,33,44422.0,Northern,99.1,2146.85,High,-80.2395157151,36.4019040049,High
21363,11921,Nash,33,96101.0,Coastal,175.7,1838.5,High,-77.9864448378,35.9672502839,High
21312,23473,Cabarrus,33,232873.0,Central,625.1,1374.8,High,-80.5518508851,35.3867940405,High
21323,7009,Columbus,33,49795.0,Coastal,54.0,2887.71,High,-78.6550308717,34.2656450828,High
21307,1816,Bertie,33,17302.0,Coastal,25.7,1594.6,Moderate,-76.9667121404,36.0656302022,High
21354,10734,Lincoln,33,88742.0,Central,293.4,1745.2,High,-81.2235326264,35.4855950234,High
21378,8390,Rockingham,33,90457.0,Northern,161.0,2130.4,High,-79.7749871967,36.3960127906,High
21375,15789,Randolph,33,143325.0,Northern,184.3,1615.5,High,-79.8060069064,35.7103417044,High
21355,3216,Macon,33,37041.0,Western,71.8,2077.4,Substantial,-83.4221767088,35.1504672096,High
21332,5877,Edgecombe,33,48604.0,Coastal,96.7,2366.3,High,-77.5970588882,35.912880671,High
21350,23462,Johnston,33,224833.0,Coastal,272.7,1547.3,High,-78.3657109025,35.5178069265,High
21317,20486,Catawba,33,162841.0,Northern,400.2,2802.5,High,-81.2150705598,35.662042354,High
21365,1936,Northampton,33,16953.0,Eastern,32.6,2092.6,Substantial,-77.3968212099,36.4177312434,High
21377,18149,Robeson,33,115899.0,Coastal,123.0,5137.4,High,-79.1038649277,34.6402420514,High
21398,4316,Yadkin,33,36925.0,Northern,111.1,1820.8,High,-80.6652439331,36.1605336919,High
21388,342,Tyrrell,33,3315.0,Coastal,8.3,957.2,High,-76.1704523585,35.8694070017,High
21300,19516,Alamance,33,175029.0,Northern,404.8,3065.6,High,-79.3994248175,36.0437098766,High
21334,7228,Franklin,33,70655.0,Eastern,139.4,1314.6,High,-78.2856965824,36.0827733527,High
21309,10019,Brunswick,33,144821.0,Coastal,160.8,1537.1,High,-78.2274071617,34.0388755841,High
21313,9758,Caldwell,33,81319.0,Northern,170.9,2504.8,High,-81.5464366451,35.9530379334,High
21358,5430,McDowell,33,44151.0,Western,101.3,2610.9,High,-82.0493124426,35.6816924709,High
21366,18919,Onslow,33,207928.0,Coastal,268.4,2191.23,High,-77.4157658244,34.709836363,High
21301,4601,Alexander,33,36172.0,Northern,140.2,1440.7,High,-81.1770268506,35.9210263138,High
21383,8206,Stanly,33,62143.0,Central,158.2,2425.2,High,-80.2509863077,35.3119550622,High
21326,1658,Currituck,33,29385.0,Coastal,107.3,1344.3,High,-75.936949201,36.3672994836,High
21353,6424,Lenoir,33,54323.0,Coastal,138.1,3246.04,High,-77.6412486292,35.2387731611,High
21368,1148,Pamlico,33,12215.0,Coastal,36.5,2321.5,Substantial,-76.6694598427,35.151021226,High
21346,5244,Hoke,33,53783.0,Eastern,133.5,2028.14,High,-79.237290715,35.0175290075,High
21369,3518,Pasquotank,33,40966.0,Coastal,178.8,2078.8,Substantial,-76.2492413613,36.2650187228,High
21330,6808,Duplin,33,48249.0,Coastal,59.8,2911.6,High,-77.9330277459,34.9365348363,High
21348,19978,Iredell,33,192986.0,Northern,325.0,1866.4,High,-80.8734378255,35.8070259189,High
21351,928,Jones,33,9076.0,Coastal,19.5,0.0,High,-77.3551679748,35.0217248029,High
21387,2551,Transylvania,33,32825.0,Western,87.2,978.5,High,-82.7983001279,35.2021778635,High
21391,93847,Wake,33,1154170.0,Eastern,1353.3,1846.0,High,-78.6503081729,35.7902443741,High
21302,1111,Alleghany,33,11057.0,Northern,46.4,697.2,Substantial,-81.1278593427,36.4912704378,High
21367,8845,Orange,33,148331.0,Eastern,374.0,1991.9,Substantial,-79.120649356,36.0611182361,High
21361,3467,Montgomery,33,25485.0,Eastern,52.4,2480.1,High,-79.9054790812,35.332466935,High
21340,50152,Guilford,33,545484.0,Northern,838.0,3371.1,High,-79.7889042685,36.0794717315,High
21331,26813,Durham,33,331347.0,Eastern,1133.7,3966.0,High,-78.8765926949,36.0360299243,High
21333,38131,Forsyth,33,387703.0,Northern,938.1,4129.5,High,-80.256300016,36.1306195485,High
21362,9498,Moore,33,102966.0,Eastern,142.9,1617.3,High,-79.4813744392,35.3106538555,High
21325,32705,Cumberland,33,341793.0,Eastern,512.9,3748.5,High,-78.8275607671,35.048611942,High
21327,2409,Dare,33,37817.0,Coastal,96.3,1872.9,High,-75.6852333134,35.664936694,High
21364,20313,New Hanover,33,230423.0,Coastal,1174.0,2612.3,High,-77.865597569,34.1815553357,High
21342,12811,Harnett,33,134986.0,Eastern,224.5,2172.6,High,-78.8694125204,35.3686291614,High
21453,6426,Lenoir,34,54323.0,Coastal,138.1,3246.04,High,-77.6412486292,35.2387731611,High
21476,5227,Richmond,34,43006.0,Eastern,90.7,5508.4,High,-79.7477780226,35.0060483545,High
21485,8753,Surry,34,70573.0,Northern,134.0,1507.5,High,-80.6880779273,36.4148205561,High
21458,5445,McDowell,34,44151.0,Western,101.3,2610.9,High,-82.0493124426,35.6816924709,High
21401,4609,Alexander,34,36172.0,Northern,140.2,1440.7,High,-81.1770268506,35.9210263138,High
21419,2779,Cherokee,34,28738.0,Western,63.2,3613.3,High,-84.063444228,35.1338574515,High
21480,7785,Rutherford,34,63870.0,Western,114.0,2009.9,High,-81.9198334642,35.4025956291,High
21472,3667,Person,34,39048.0,Eastern,99.7,1862.8,High,-78.9718051426,36.3900951244,High
21415,5438,Carteret,34,69039.0,Coastal,133.3,1912.1,High,-76.5357430669,34.8612598084,High
21456,1684,Madison,34,21146.0,Western,47.1,1247.6,High,-82.7057582627,35.8580358086,High
21489,26068,Union,34,244960.0,Central,376.6,1582.3,High,-80.5307400446,34.9883574887,High
21402,1111,Alleghany,34,11057.0,Northern,46.4,697.2,Substantial,-81.1278593427,36.4912704378,High
21427,2419,Dare,34,37817.0,Coastal,96.3,1872.9,High,-75.6852333134,35.664936694,High
21432,5890,Edgecombe,34,48604.0,Coastal,96.7,2366.3,High,-77.5970588882,35.912880671,High
21487,2557,Transylvania,34,32825.0,Western,87.2,978.5,High,-82.7983001279,35.2021778635,High
21477,18170,Robeson,34,115899.0,Coastal,123.0,5137.4,High,-79.1038649277,34.6402420514,High
21495,11975,Wayne,34,115895.0,Coastal,211.8,2813.0,High,-78.0039971272,35.3639599672,High
21430,6843,Duplin,34,48249.0,Coastal,59.8,2911.6,High,-77.9330277459,34.9365348363,High
21473,21500,Pitt,34,173536.0,Coastal,261.0,2238.9,High,-77.3744965519,35.5932989746,High
21486,1262,Swain,34,14046.0,Western,26.8,3517.8,High,-83.4927393736,35.4868150519,High
21434,7237,Franklin,34,70655.0,Eastern,139.4,1314.6,High,-78.2856965824,36.0827733527,High
21457,2438,Martin,34,21503.0,Coastal,48.3,2717.4,High,-77.109232267,35.843213981,High
21446,5254,Hoke,34,53783.0,Eastern,133.5,2028.14,High,-79.237290715,35.0175290075,High
21463,11928,Nash,34,96101.0,Coastal,175.7,1838.5,High,-77.9864448378,35.9672502839,High
21422,12308,Cleveland,34,99332.0,Western,214.4,2001.7,High,-81.5555471412,35.3341018022,High
21479,17940,Rowan,34,148565.0,Northern,287.1,2292.8,High,-80.5247717485,35.6394734632,High
21474,1562,Polk,34,19461.0,Western,81.3,1596.5,High,-82.1696779265,35.2792789622,High
21440,50236,Guilford,34,545484.0,Northern,838.0,3371.1,High,-79.7889042685,36.0794717315,High
21444,10788,Henderson,34,117429.0,Western,311.8,2039.7,High,-82.4799463782,35.3362263031,High
21425,32787,Cumberland,34,341793.0,Eastern,512.9,3748.5,High,-78.8275607671,35.048611942,High
21423,7017,Columbus,34,49795.0,Coastal,54.0,2887.71,High,-78.6550308717,34.2656450828,High
21414,709,Camden,34,10537.0,Coastal,43.1,793.0,Substantial,-76.1609504039,36.3411216216,High
21411,10535,Burke,34,88398.0,Western,173.0,1836.1,High,-81.7047784739,35.7496106399,High
21420,1554,Chowan,34,13646.0,Coastal,79.4,1402.6,High,-76.6021303656,36.1265615389,High
21488,342,Tyrrell,34,3315.0,Coastal,8.3,957.2,High,-76.1704523585,35.8694070017,High
21429,4359,Davie,34,43127.0,Northern,162.0,1665.25,High,-80.5444636482,35.929110866,High
21478,8396,Rockingham,34,90457.0,Northern,161.0,2130.4,High,-79.7749871967,36.3960127906,High
21496,7278,Wilkes,34,65151.0,Northern,87.5,1887.3,High,-81.1633856618,36.2062757623,High
21475,15823,Randolph,34,143325.0,Northern,184.3,1615.5,High,-79.8060069064,35.7103417044,High
21406,4918,Beaufort,34,44150.0,Coastal,53.6,2157.95,High,-76.8453144055,35.486983815,High
21418,5013,Chatham,34,77095.0,Eastern,111.9,1456.0,High,-79.2552758614,35.7025721296,High
21465,1937,Northampton,34,16953.0,Eastern,32.6,2092.6,Substantial,-77.3968212099,36.4177312434,High
21459,120493,Mecklenburg,34,1128426.0,Central,2130.4,3736.1,High,-80.8327311406,35.2467670437,High
21412,23504,Cabarrus,34,232873.0,Central,625.1,1374.8,High,-80.5518508851,35.3867940405,High
21452,6501,Lee,34,64360.0,Eastern,248.1,1631.1,High,-79.1714836119,35.4751864248,High
21466,18948,Onslow,34,207928.0,Coastal,268.4,2191.23,High,-77.4157658244,34.709836363,High
21445,2140,Hertford,34,20374.0,Coastal,61.0,2281.6,Substantial,-76.9807147831,36.3586360305,High
21407,1817,Bertie,34,17302.0,Coastal,25.7,1594.6,Substantial,-76.9667121404,36.0656302022,High
21413,9768,Caldwell,34,81319.0,Northern,170.9,2504.8,High,-81.5464366451,35.9530379334,High
21438,6131,Granville,34,60720.0,Eastern,114.6,1466.3,High,-78.6527194252,36.3040698262,High
21460,1489,Mitchell,34,14783.0,Western,67.4,458.42,Substantial,-82.1635815487,36.0132038869,High
21443,4754,Haywood,34,62831.0,Western,112.2,3591.8,High,-82.9821729698,35.5560557128,High
21448,20006,Iredell,34,192986.0,Northern,325.0,1866.4,High,-80.8734378255,35.8070259189,High
21490,5072,Vance,34,41665.0,Eastern,168.7,3584.5,High,-78.4079288849,36.3649169333,High
21408,3839,Bladen,34,29171.0,Coastal,33.8,2578.5,High,-78.5636493115,34.6145873342,High
21497,10150,Wilson,34,79078.0,Coastal,214.3,2386.9,Substantial,-77.9186629547,35.7051457145,High
21492,1838,Warren,34,18621.0,Eastern,43.4,2235.0,Moderate,-78.1067171324,36.3965102811,High
21498,4332,Yadkin,34,36925.0,Northern,111.1,1820.8,High,-80.6652439331,36.1605336919,High
21450,23518,Johnston,34,224833.0,Coastal,272.7,1547.3,High,-78.3657109025,35.5178069265,High
21470,5938,Pender,34,62250.0,Coastal,69.1,1461.9,High,-77.8884355846,34.5150997489,High
21409,10073,Brunswick,34,144821.0,Coastal,160.8,1537.1,High,-78.2274071617,34.0388755841,High
21441,5858,Halifax,34,47859.0,Coastal,67.2,2754.7,High,-77.6517329831,36.2574485453,High
21417,20529,Catawba,34,162841.0,Northern,400.2,2802.5,High,-81.2150705598,35.662042354,High
21405,2197,Avery,34,17347.0,Western,72.0,1003.4,Substantial,-81.9226013745,36.0766050343,High
21455,3226,Macon,34,37041.0,Western,71.8,2077.4,Substantial,-83.4221767088,35.1504672096,High
21437,728,Graham,34,7935.0,Western,27.5,8085.4,High,-83.833581803,35.350171951,High
21449,3812,Jackson,34,41919.0,Western,87.8,1864.6,High,-83.1408496187,35.2875866253,High
21482,4144,Scotland,34,33662.0,Eastern,107.1,3528.0,High,-79.4804292418,34.8408848102,High
21421,950,Clay,34,11238.0,Western,51.6,2288.34,High,-83.7501767115,35.0571811284,High
21416,2260,Caswell,34,22400.0,Eastern,53.5,317.5,High,-79.3335234769,36.3932742158,High
21424,9732,Craven,34,102568.0,Coastal,142.5,2112.3,High,-77.082003837,35.117685821,High
21431,26891,Durham,34,331347.0,Eastern,1133.7,3966.0,High,-78.8765926949,36.0360299243,High
21461,3473,Montgomery,34,25485.0,Eastern,52.4,2480.1,High,-79.9054790812,35.332466935,High
21451,929,Jones,34,9076.0,Coastal,19.5,0.0,High,-77.3551679748,35.0217248029,High
21436,764,Gates,34,10324.0,Coastal,30.8,750.9,Substantial,-76.7005266521,36.4449435708,High
21491,94757,Wake,34,1154170.0,Eastern,1353.3,1846.0,High,-78.6503081729,35.7902443741,High
21493,1153,Washington,34,10708.0,Coastal,31.8,1746.8,Substantial,-76.5693098876,35.8392646425,High
21469,3522,Pasquotank,34,40966.0,Coastal,178.8,2078.8,Substantial,-76.2492413613,36.2650187228,High
21428,17575,Davidson,34,171752.0,Northern,305.4,1757.8,High,-80.2127487756,35.7933524917,High
21403,2714,Anson,34,22028.0,Central,41.5,2802.1,High,-80.102712026,34.9737894417,High
21494,5100,Watauga,34,54804.0,Northern,173.1,1191.8,Substantial,-81.6964250718,36.2311062795,High
21426,1663,Currituck,34,29385.0,Coastal,107.3,1344.3,High,-75.936949201,36.3672994836,High
21471,1065,Perquimans,34,13049.0,Coastal,52.6,684.8,Substantial,-76.4076199893,36.1772228503,High
21484,4429,Stokes,34,44422.0,Northern,99.1,2146.85,High,-80.2395157151,36.4019040049,High
21499,1753,Yancey,34,18320.0,Western,59.1,557.0,High,-82.3076279784,35.8989479924,High
21462,9538,Moore,34,102966.0,Eastern,142.9,1617.3,High,-79.4813744392,35.3106538555,High
21400,19552,Alamance,34,175029.0,Northern,404.8,3065.6,High,-79.3994248175,36.0437098766,High
21410,18968,Buncombe,34,271638.0,Western,410.4,3012.8,High,-82.5301070587,35.611177887,High
21464,20374,New Hanover,34,230423.0,Coastal,1174.0,2612.3,High,-77.865597569,34.1815553357,High
21404,2340,Ashe,34,26506.0,Northern,62.3,1123.1,High,-81.5005211955,36.434424701,High
21439,2519,Greene,34,19978.0,Coastal,76.7,1640.3,High,-77.6757626742,35.4849957203,High
21467,8863,Orange,34,148331.0,Eastern,374.0,1991.9,Substantial,-79.120649356,36.0611182361,High
21454,10751,Lincoln,34,88742.0,Central,293.4,1745.2,High,-81.2235326264,35.4855950234,High
21435,28141,Gaston,34,233387.0,Central,640.7,2912.4,High,-81.1802416273,35.2943489527,High
21483,8233,Stanly,34,62143.0,Central,158.2,2425.2,High,-80.2509863077,35.3119550622,High
21447,674,Hyde,34,4595.0,Coastal,7.5,0.0,Moderate,-76.1449651093,35.4081187361,High
21468,1150,Pamlico,34,12215.0,Coastal,36.5,2321.5,High,-76.6694598427,35.151021226,High
21433,38202,Forsyth,34,387703.0,Northern,938.1,4129.5,High,-80.256300016,36.1306195485,High
21442,12863,Harnett,34,134986.0,Eastern,224.5,2172.6,High,-78.8694125204,35.3686291614,High
21481,8473,Sampson,34,58371.0,Coastal,62.4,2241.9,High,-78.3713906105,34.9915361594,High
21525,32898,Cumberland,35,341793.0,Eastern,512.9,3748.5,High,-78.8275607671,35.048611942,High
21531,26902,Durham,35,331347.0,Eastern,1133.7,3966.0,High,-78.8765926949,36.0360299243,High
21540,50335,Guilford,35,545484.0,Northern,838.0,3371.1,High,-79.7889042685,36.0794717315,High
21523,7069,Columbus,35,49795.0,Coastal,54.0,2887.71,High,-78.6550308717,34.2656450828,High
21561,3478,Montgomery,35,25485.0,Eastern,52.4,2480.1,High,-79.9054790812,35.332466935,High
21591,95111,Wake,35,1154170.0,Eastern,1353.3,1846.0,High,-78.6503081729,35.7902443741,High
21500,19607,Alamance,35,175029.0,Northern,404.8,3065.6,High,-79.3994248175,36.0437098766,High
21562,9573,Moore,35,102966.0,Eastern,142.9,1617.3,High,-79.4813744392,35.3106538555,High
21546,5282,Hoke,35,53783.0,Eastern,133.5,2028.14,High,-79.237290715,35.0175290075,High
21534,7254,Franklin,35,70655.0,Eastern,139.4,1314.6,High,-78.2856965824,36.0827733527,High
21569,3531,Pasquotank,35,40966.0,Coastal,178.8,2078.8,High,-76.2492413613,36.2650187228,High
21593,1154,Washington,35,10708.0,Coastal,31.8,1746.8,Substantial,-76.5693098876,35.8392646425,High
21530,6884,Duplin,35,48249.0,Coastal,59.8,2911.6,High,-77.9330277459,34.9365348363,High
21586,1271,Swain,35,14046.0,Western,26.8,3517.8,High,-83.4927393736,35.4868150519,High
21554,10791,Lincoln,35,88742.0,Central,293.4,1745.2,High,-81.2235326264,35.4855950234,High
21576,5244,Richmond,35,43006.0,Eastern,90.7,5508.4,High,-79.7477780226,35.0060483545,High
21557,2447,Martin,35,21503.0,Coastal,48.3,2717.4,High,-77.109232267,35.843213981,High
21587,2572,Transylvania,35,32825.0,Western,87.2,978.5,High,-82.7983001279,35.2021778635,High
21588,342,Tyrrell,35,3315.0,Coastal,8.3,957.2,High,-76.1704523585,35.8694070017,High
21526,1672,Currituck,35,29385.0,Coastal,107.3,1344.3,High,-75.936949201,36.3672994836,High
21542,12913,Harnett,35,134986.0,Eastern,224.5,2172.6,High,-78.8694125204,35.3686291614,High
21558,5462,McDowell,35,44151.0,Western,101.3,2610.9,High,-82.0493124426,35.6816924709,High
21513,9790,Caldwell,35,81319.0,Northern,170.9,2504.8,High,-81.5464366451,35.9530379334,High
21565,1939,Northampton,35,16953.0,Eastern,32.6,2092.6,Substantial,-77.3968212099,36.4177312434,High
21533,38303,Forsyth,35,387703.0,Northern,938.1,4129.5,High,-80.256300016,36.1306195485,High
21583,8271,Stanly,35,62143.0,Central,158.2,2425.2,High,-80.2509863077,35.3119550622,High
21598,4347,Yadkin,35,36925.0,Northern,111.1,1820.8,High,-80.6652439331,36.1605336919,High
21567,8879,Orange,35,148331.0,Eastern,374.0,1991.9,Substantial,-79.120649356,36.0611182361,High
21548,20075,Iredell,35,192986.0,Northern,325.0,1866.4,High,-80.8734378255,35.8070259189,High
21545,2146,Hertford,35,20374.0,Coastal,61.0,2281.6,Substantial,-76.9807147831,36.3586360305,High
21507,1819,Bertie,35,17302.0,Coastal,25.7,1594.6,Substantial,-76.9667121404,36.0656302022,High
21512,23587,Cabarrus,35,232873.0,Central,625.1,1374.8,High,-80.5518508851,35.3867940405,High
21594,5110,Watauga,35,54804.0,Northern,173.1,1191.8,Substantial,-81.6964250718,36.2311062795,High
21502,1112,Alleghany,35,11057.0,Northern,46.4,697.2,Substantial,-81.1278593427,36.4912704378,High
21592,1841,Warren,35,18621.0,Eastern,43.4,2235.0,Moderate,-78.1067171324,36.3965102811,High
21577,18298,Robeson,35,115899.0,Coastal,123.0,5137.4,High,-79.1038649277,34.6402420514,High
21566,19017,Onslow,35,207928.0,Coastal,268.4,2191.23,High,-77.4157658244,34.709836363,High
21509,10139,Brunswick,35,144821.0,Coastal,160.8,1537.1,High,-78.2274071617,34.0388755841,High
21517,20573,Catawba,35,162841.0,Northern,400.2,2802.5,High,-81.2150705598,35.662042354,High
21553,6444,Lenoir,35,54323.0,Coastal,138.1,3246.04,High,-77.6412486292,35.2387731611,High
21575,15855,Randolph,35,143325.0,Northern,184.3,1615.5,High,-79.8060069064,35.7103417044,High
21532,5902,Edgecombe,35,48604.0,Coastal,96.7,2366.3,High,-77.5970588882,35.912880671,High
21555,3232,Macon,35,37041.0,Western,71.8,2077.4,Substantial,-83.4221767088,35.1504672096,High
21568,1156,Pamlico,35,12215.0,Coastal,36.5,2321.5,High,-76.6694598427,35.151021226,High
21564,20426,New Hanover,35,230423.0,Coastal,1174.0,2612.3,High,-77.865597569,34.1815553357,High
21578,8412,Rockingham,35,90457.0,Northern,161.0,2130.4,High,-79.7749871967,36.3960127906,High
21551,930,Jones,35,9076.0,Coastal,19.5,0.0,High,-77.3551679748,35.0217248029,High
21501,4621,Alexander,35,36172.0,Northern,140.2,1440.7,High,-81.1770268506,35.9210263138,High
21584,4444,Stokes,35,44422.0,Northern,99.1,2146.85,High,-80.2395157151,36.4019040049,High
21560,1495,Mitchell,35,14783.0,Western,67.4,458.42,High,-82.1635815487,36.0132038869,High
21506,4933,Beaufort,35,44150.0,Coastal,53.6,2157.95,High,-76.8453144055,35.486983815,High
21537,731,Graham,35,7935.0,Western,27.5,8085.4,High,-83.833581803,35.350171951,High
21505,2197,Avery,35,17347.0,Western,72.0,1003.4,Substantial,-81.9226013745,36.0766050343,High
21541,5867,Halifax,35,47859.0,Coastal,67.2,2754.7,High,-77.6517329831,36.2574485453,High
21559,120955,Mecklenburg,35,1128426.0,Central,2130.4,3736.1,High,-80.8327311406,35.2467670437,High
21508,3867,Bladen,35,29171.0,Coastal,33.8,2578.5,High,-78.5636493115,34.6145873342,High
21552,6529,Lee,35,64360.0,Eastern,248.1,1631.1,High,-79.1714836119,35.4751864248,High
21585,8776,Surry,35,70573.0,Northern,134.0,1507.5,High,-80.6880779273,36.4148205561,High
21573,21579,Pitt,35,173536.0,Coastal,261.0,2238.9,High,-77.3744965519,35.5932989746,High
21597,10167,Wilson,35,79078.0,Coastal,214.3,2386.9,Substantial,-77.9186629547,35.7051457145,High
21599,1768,Yancey,35,18320.0,Western,59.1,557.0,High,-82.3076279784,35.8989479924,High
21590,5080,Vance,35,41665.0,Eastern,168.7,3584.5,Substantial,-78.4079288849,36.3649169333,High
21572,3674,Person,35,39048.0,Eastern,99.7,1862.8,High,-78.9718051426,36.3900951244,High
21520,1557,Chowan,35,13646.0,Coastal,79.4,1402.6,High,-76.6021303656,36.1265615389,High
21519,2790,Cherokee,35,28738.0,Western,63.2,3613.3,High,-84.063444228,35.1338574515,High
21571,1067,Perquimans,35,13049.0,Coastal,52.6,684.8,High,-76.4076199893,36.1772228503,High
21581,8500,Sampson,35,58371.0,Coastal,62.4,2241.9,High,-78.3713906105,34.9915361594,High
21556,1687,Madison,35,21146.0,Western,47.1,1247.6,High,-82.7057582627,35.8580358086,High
21595,11989,Wayne,35,115895.0,Coastal,211.8,2813.0,High,-78.0039971272,35.3639599672,High
21589,26166,Union,35,244960.0,Central,376.6,1582.3,High,-80.5307400446,34.9883574887,High
21547,674,Hyde,35,4595.0,Coastal,7.5,0.0,Moderate,-76.1449651093,35.4081187361,High
21580,7803,Rutherford,35,63870.0,Western,114.0,2009.9,High,-81.9198334642,35.4025956291,High
21535,28230,Gaston,35,233387.0,Central,640.7,2912.4,High,-81.1802416273,35.2943489527,High
21543,4784,Haywood,35,62831.0,Western,112.2,3591.8,High,-82.9821729698,35.5560557128,High
21510,19006,Buncombe,35,271638.0,Western,410.4,3012.8,High,-82.5301070587,35.611177887,High
21515,5464,Carteret,35,69039.0,Coastal,133.3,1912.1,High,-76.5357430669,34.8612598084,High
21504,2343,Ashe,35,26506.0,Northern,62.3,1123.1,High,-81.5005211955,36.434424701,High
21539,2527,Greene,35,19978.0,Coastal,76.7,1640.3,High,-77.6757626742,35.4849957203,High
21550,23587,Johnston,35,224833.0,Coastal,272.7,1547.3,High,-78.3657109025,35.5178069265,High
21596,7300,Wilkes,35,65151.0,Northern,87.5,1887.3,High,-81.1633856618,36.2062757623,High
21518,5034,Chatham,35,77095.0,Eastern,111.9,1456.0,High,-79.2552758614,35.7025721296,High
21570,5947,Pender,35,62250.0,Coastal,69.1,1461.9,High,-77.8884355846,34.5150997489,High
21527,2437,Dare,35,37817.0,Coastal,96.3,1872.9,High,-75.6852333134,35.664936694,High
21528,17630,Davidson,35,171752.0,Northern,305.4,1757.8,High,-80.2127487756,35.7933524917,High
21521,954,Clay,35,11238.0,Western,51.6,2288.34,High,-83.7501767115,35.0571811284,High
21544,10811,Henderson,35,117429.0,Western,311.8,2039.7,High,-82.4799463782,35.3362263031,High
21536,765,Gates,35,10324.0,Coastal,30.8,750.9,Moderate,-76.7005266521,36.4449435708,High
21549,3821,Jackson,35,41919.0,Western,87.8,1864.6,High,-83.1408496187,35.2875866253,High
21579,17986,Rowan,35,148565.0,Northern,287.1,2292.8,High,-80.5247717485,35.6394734632,High
21538,6143,Granville,35,60720.0,Eastern,114.6,1466.3,High,-78.6527194252,36.3040698262,High
21522,12348,Cleveland,35,99332.0,Western,214.4,2001.7,High,-81.5555471412,35.3341018022,High
21524,9777,Craven,35,102568.0,Coastal,142.5,2112.3,High,-77.082003837,35.117685821,High
21514,709,Camden,35,10537.0,Coastal,43.1,793.0,Substantial,-76.1609504039,36.3411216216,High
21503,2721,Anson,35,22028.0,Central,41.5,2802.1,High,-80.102712026,34.9737894417,High
21574,1567,Polk,35,19461.0,Western,81.3,1596.5,High,-82.1696779265,35.2792789622,High
21582,4166,Scotland,35,33662.0,Eastern,107.1,3528.0,High,-79.4804292418,34.8408848102,High
21563,11943,Nash,35,96101.0,Coastal,175.7,1838.5,High,-77.9864448378,35.9672502839,High
21529,4375,Davie,35,43127.0,Northern,162.0,1665.25,High,-80.5444636482,35.929110866,High
21516,2256,Caswell,35,22400.0,Eastern,53.5,317.5,Substantial,-79.3335234769,36.3932742158,High
21511,10563,Burke,35,88398.0,Western,173.0,1836.1,High,-81.7047784739,35.7496106399,High
21679,18057,Rowan,36,148565.0,Northern,287.1,2292.8,High,-80.5247717485,35.6394734632,High
21619,2808,Cherokee,36,28738.0,Western,63.2,3613.3,High,-84.063444228,35.1338574515,High
21683,8307,Stanly,36,62143.0,Central,158.2,2425.2,High,-80.2509863077,35.3119550622,High
21654,10817,Lincoln,36,88742.0,Central,293.4,1745.2,High,-81.2235326264,35.4855950234,High
21698,4354,Yadkin,36,36925.0,Northern,111.1,1820.8,High,-80.6652439331,36.1605336919,High
21610,19129,Buncombe,36,271638.0,Western,410.4,3012.8,High,-82.5301070587,35.611177887,High
21653,6466,Lenoir,36,54323.0,Coastal,138.1,3246.04,High,-77.6412486292,35.2387731611,High
21657,2459,Martin,36,21503.0,Coastal,48.3,2717.4,High,-77.109232267,35.843213981,High
21684,4459,Stokes,36,44422.0,Northern,99.1,2146.85,High,-80.2395157151,36.4019040049,High
21642,12970,Harnett,36,134986.0,Eastern,224.5,2172.6,High,-78.8694125204,35.3686291614,High
21630,6928,Duplin,36,48249.0,Coastal,59.8,2911.6,High,-77.9330277459,34.9365348363,High
21680,7835,Rutherford,36,63870.0,Western,114.0,2009.9,High,-81.9198334642,35.4025956291,High
21644,10862,Henderson,36,117429.0,Western,311.8,2039.7,High,-82.4799463782,35.3362263031,High
21643,4813,Haywood,36,62831.0,Western,112.2,3591.8,High,-82.9821729698,35.5560557128,High
21693,1155,Washington,36,10708.0,Coastal,31.8,1746.8,Substantial,-76.5693098876,35.8392646425,High
21650,23703,Johnston,36,224833.0,Coastal,272.7,1547.3,High,-78.3657109025,35.5178069265,High
21663,11958,Nash,36,96101.0,Coastal,175.7,1838.5,High,-77.9864448378,35.9672502839,High
21635,28322,Gaston,36,233387.0,Central,640.7,2912.4,High,-81.1802416273,35.2943489527,High
21676,5275,Richmond,36,43006.0,Eastern,90.7,5508.4,High,-79.7477780226,35.0060483545,High
21678,8436,Rockingham,36,90457.0,Northern,161.0,2130.4,High,-79.7749871967,36.3960127906,High
21656,1697,Madison,36,21146.0,Western,47.1,1247.6,High,-82.7057582627,35.8580358086,High
21655,3253,Macon,36,37041.0,Western,71.8,2077.4,High,-83.4221767088,35.1504672096,High
21631,27065,Durham,36,331347.0,Eastern,1133.7,3966.0,High,-78.8765926949,36.0360299243,High
21641,5892,Halifax,36,47859.0,Coastal,67.2,2754.7,High,-77.6517329831,36.2574485453,High
21609,10229,Brunswick,36,144821.0,Coastal,160.8,1537.1,High,-78.2274071617,34.0388755841,High
21686,1282,Swain,36,14046.0,Western,26.8,3517.8,High,-83.4927393736,35.4868150519,High
21623,7145,Columbus,36,49795.0,Coastal,54.0,2887.71,High,-78.6550308717,34.2656450828,High
21625,33053,Cumberland,36,341793.0,Eastern,512.9,3748.5,High,-78.8275607671,35.048611942,High
21608,3900,Bladen,36,29171.0,Coastal,33.8,2578.5,High,-78.5636493115,34.6145873342,High
21636,769,Gates,36,10324.0,Coastal,30.8,750.9,Substantial,-76.7005266521,36.4449435708,High
21601,4634,Alexander,36,36172.0,Northern,140.2,1440.7,High,-81.1770268506,35.9210263138,High
21697,10204,Wilson,36,79078.0,Coastal,214.3,2386.9,High,-77.9186629547,35.7051457145,High
21612,23695,Cabarrus,36,232873.0,Central,625.1,1374.8,High,-80.5518508851,35.3867940405,High
21607,1827,Bertie,36,17302.0,Coastal,25.7,1594.6,Substantial,-76.9667121404,36.0656302022,High
21696,7342,Wilkes,36,65151.0,Northern,87.5,1887.3,High,-81.1633856618,36.2062757623,High
21685,8806,Surry,36,70573.0,Northern,134.0,1507.5,High,-80.6880779273,36.4148205561,High
21624,9801,Craven,36,102568.0,Coastal,142.5,2112.3,High,-77.082003837,35.117685821,High
21611,10624,Burke,36,88398.0,Western,173.0,1836.1,High,-81.7047784739,35.7496106399,High
21638,6156,Granville,36,60720.0,Eastern,114.6,1466.3,High,-78.6527194252,36.3040698262,High
21664,20513,New Hanover,36,230423.0,Coastal,1174.0,2612.3,High,-77.865597569,34.1815553357,High
21665,1941,Northampton,36,16953.0,Eastern,32.6,2092.6,Substantial,-77.3968212099,36.4177312434,High
21677,18416,Robeson,36,115899.0,Coastal,123.0,5137.4,High,-79.1038649277,34.6402420514,High
21681,8531,Sampson,36,58371.0,Coastal,62.4,2241.9,High,-78.3713906105,34.9915361594,High
21682,4185,Scotland,36,33662.0,Eastern,107.1,3528.0,High,-79.4804292418,34.8408848102,High
21667,8914,Orange,36,148331.0,Eastern,374.0,1991.9,Substantial,-79.120649356,36.0611182361,High
21606,4943,Beaufort,36,44150.0,Coastal,53.6,2157.95,High,-76.8453144055,35.486983815,High
21600,19649,Alamance,36,175029.0,Northern,404.8,3065.6,High,-79.3994248175,36.0437098766,High
21689,26287,Union,36,244960.0,Central,376.6,1582.3,High,-80.5307400446,34.9883574887,High
21669,3538,Pasquotank,36,40966.0,Coastal,178.8,2078.8,High,-76.2492413613,36.2650187228,High
21694,5117,Watauga,36,54804.0,Northern,173.1,1191.8,Substantial,-81.6964250718,36.2311062795,High
21627,2457,Dare,36,37817.0,Coastal,96.3,1872.9,High,-75.6852333134,35.664936694,High
21603,2731,Anson,36,22028.0,Central,41.5,2802.1,High,-80.102712026,34.9737894417,High
21615,5485,Carteret,36,69039.0,Coastal,133.3,1912.1,High,-76.5357430669,34.8612598084,High
21628,17718,Davidson,36,171752.0,Northern,305.4,1757.8,High,-80.2127487756,35.7933524917,High
21675,15926,Randolph,36,143325.0,Northern,184.3,1615.5,High,-79.8060069064,35.7103417044,High
21666,19087,Onslow,36,207928.0,Coastal,268.4,2191.23,High,-77.4157658244,34.709836363,High
21639,2534,Greene,36,19978.0,Coastal,76.7,1640.3,High,-77.6757626742,35.4849957203,High
21660,1497,Mitchell,36,14783.0,Western,67.4,458.42,Substantial,-82.1635815487,36.0132038869,High
21622,12405,Cleveland,36,99332.0,Western,214.4,2001.7,High,-81.5555471412,35.3341018022,High
21661,3486,Montgomery,36,25485.0,Eastern,52.4,2480.1,High,-79.9054790812,35.332466935,High
21616,2266,Caswell,36,22400.0,Eastern,53.5,317.5,High,-79.3335234769,36.3932742158,High
21621,960,Clay,36,11238.0,Western,51.6,2288.34,High,-83.7501767115,35.0571811284,High
21637,736,Graham,36,7935.0,Western,27.5,8085.4,High,-83.833581803,35.350171951,High
21659,121457,Mecklenburg,36,1128426.0,Central,2130.4,3736.1,High,-80.8327311406,35.2467670437,High
21605,2198,Avery,36,17347.0,Western,72.0,1003.4,Moderate,-81.9226013745,36.0766050343,High
21652,6568,Lee,36,64360.0,Eastern,248.1,1631.1,High,-79.1714836119,35.4751864248,High
21604,2350,Ashe,36,26506.0,Northern,62.3,1123.1,High,-81.5005211955,36.434424701,High
21640,50472,Guilford,36,545484.0,Northern,838.0,3371.1,High,-79.7889042685,36.0794717315,High
21670,5971,Pender,36,62250.0,Coastal,69.1,1461.9,High,-77.8884355846,34.5150997489,High
21647,675,Hyde,36,4595.0,Coastal,7.5,0.0,Moderate,-76.1449651093,35.4081187361,High
21671,1072,Perquimans,36,13049.0,Coastal,52.6,684.8,High,-76.4076199893,36.1772228503,High
21634,7286,Franklin,36,70655.0,Eastern,139.4,1314.6,High,-78.2856965824,36.0827733527,High
21699,1774,Yancey,36,18320.0,Western,59.1,557.0,High,-82.3076279784,35.8989479924,High
21646,5305,Hoke,36,53783.0,Eastern,133.5,2028.14,High,-79.237290715,35.0175290075,High
21688,343,Tyrrell,36,3315.0,Coastal,8.3,957.2,High,-76.1704523585,35.8694070017,High
21695,12023,Wayne,36,115895.0,Coastal,211.8,2813.0,High,-78.0039971272,35.3639599672,High
21602,1113,Alleghany,36,11057.0,Northern,46.4,697.2,Substantial,-81.1278593427,36.4912704378,High
21691,95433,Wake,36,1154170.0,Eastern,1353.3,1846.0,High,-78.6503081729,35.7902443741,High
21618,5065,Chatham,36,77095.0,Eastern,111.9,1456.0,High,-79.2552758614,35.7025721296,High
21629,4400,Davie,36,43127.0,Northern,162.0,1665.25,High,-80.5444636482,35.929110866,High
21662,9611,Moore,36,102966.0,Eastern,142.9,1617.3,High,-79.4813744392,35.3106538555,High
21687,2587,Transylvania,36,32825.0,Western,87.2,978.5,High,-82.7983001279,35.2021778635,High
21668,1156,Pamlico,36,12215.0,Coastal,36.5,2321.5,High,-76.6694598427,35.151021226,High
21614,709,Camden,36,10537.0,Coastal,43.1,793.0,Substantial,-76.1609504039,36.3411216216,High
21632,5913,Edgecombe,36,48604.0,Coastal,96.7,2366.3,High,-77.5970588882,35.912880671,High
21633,38426,Forsyth,36,387703.0,Northern,938.1,4129.5,High,-80.256300016,36.1306195485,High
21673,21646,Pitt,36,173536.0,Coastal,261.0,2238.9,High,-77.3744965519,35.5932989746,High
21648,20165,Iredell,36,192986.0,Northern,325.0,1866.4,High,-80.8734378255,35.8070259189,High
21645,2149,Hertford,36,20374.0,Coastal,61.0,2281.6,Substantial,-76.9807147831,36.3586360305,High
21672,3685,Person,36,39048.0,Eastern,99.7,1862.8,High,-78.9718051426,36.3900951244,High
21617,20612,Catawba,36,162841.0,Northern,400.2,2802.5,High,-81.2150705598,35.662042354,High
21692,1846,Warren,36,18621.0,Eastern,43.4,2235.0,Moderate,-78.1067171324,36.3965102811,High
21690,5089,Vance,36,41665.0,Eastern,168.7,3584.5,High,-78.4079288849,36.3649169333,High
21658,5481,McDowell,36,44151.0,Western,101.3,2610.9,High,-82.0493124426,35.6816924709,High
21620,1558,Chowan,36,13646.0,Coastal,79.4,1402.6,High,-76.6021303656,36.1265615389,High
21651,933,Jones,36,9076.0,Coastal,19.5,0.0,High,-77.3551679748,35.0217248029,High
21613,9812,Caldwell,36,81319.0,Northern,170.9,2504.8,High,-81.5464366451,35.9530379334,High
21674,1576,Polk,36,19461.0,Western,81.3,1596.5,High,-82.1696779265,35.2792789622,High
21649,3839,Jackson,36,41919.0,Western,87.8,1864.6,High,-83.1408496187,35.2875866253,High
21626,1680,Currituck,36,29385.0,Coastal,107.3,1344.3,High,-75.936949201,36.3672994836,High
21715,5512,Carteret,37,69039.0,Coastal,133.3,1912.1,High,-76.5357430669,34.8612598084,High
21795,12065,Wayne,37,115895.0,Coastal,211.8,2813.0,High,-78.0039971272,35.3639599672,High
21756,1709,Madison,37,21146.0,Western,47.1,1247.6,High,-82.7057582627,35.8580358086,High
21759,121988,Mecklenburg,37,1128426.0,Central,2130.4,3736.1,High,-80.8327311406,35.2467670437,High
21771,1074,Perquimans,37,13049.0,Coastal,52.6,684.8,High,-76.4076199893,36.1772228503,High
21747,675,Hyde,37,4595.0,Coastal,7.5,0.0,Moderate,-76.1449651093,35.4081187361,Moderate
21781,8573,Sampson,37,58371.0,Coastal,62.4,2241.9,High,-78.3713906105,34.9915361594,High
21789,26398,Union,37,244960.0,Central,376.6,1582.3,High,-80.5307400446,34.9883574887,High
21785,8834,Surry,37,70573.0,Northern,134.0,1507.5,High,-80.6880779273,36.4148205561,High
21704,2356,Ashe,37,26506.0,Northern,62.3,1123.1,High,-81.5005211955,36.434424701,High
21773,21744,Pitt,37,173536.0,Coastal,261.0,2238.9,High,-77.3744965519,35.5932989746,High
21710,19205,Buncombe,37,271638.0,Western,410.4,3012.8,High,-82.5301070587,35.611177887,High
21743,4829,Haywood,37,62831.0,Western,112.2,3591.8,High,-82.9821729698,35.5560557128,High
21760,1507,Mitchell,37,14783.0,Western,67.4,458.42,High,-82.1635815487,36.0132038869,High
21720,1566,Chowan,37,13646.0,Coastal,79.4,1402.6,High,-76.6021303656,36.1265615389,High
21739,2545,Greene,37,19978.0,Coastal,76.7,1640.3,High,-77.6757626742,35.4849957203,High
21750,23819,Johnston,37,224833.0,Coastal,272.7,1547.3,High,-78.3657109025,35.5178069265,High
21796,7373,Wilkes,37,65151.0,Northern,87.5,1887.3,High,-81.1633856618,36.2062757623,High
21772,3706,Person,37,39048.0,Eastern,99.7,1862.8,High,-78.9718051426,36.3900951244,High
21735,28430,Gaston,37,233387.0,Central,640.7,2912.4,High,-81.1802416273,35.2943489527,High
21790,5096,Vance,37,41665.0,Eastern,168.7,3584.5,High,-78.4079288849,36.3649169333,High
21731,27065,Durham,37,331347.0,Eastern,1133.7,3966.0,High,-78.8765926949,36.0360299243,High
21791,96182,Wake,37,1154170.0,Eastern,1353.3,1846.0,High,-78.6503081729,35.7902443741,High
21755,3274,Macon,37,37041.0,Western,71.8,2077.4,High,-83.4221767088,35.1504672096,High
21726,1691,Currituck,37,29385.0,Coastal,107.3,1344.3,High,-75.936949201,36.3672994836,High
21709,10314,Brunswick,37,144821.0,Coastal,160.8,1537.1,High,-78.2274071617,34.0388755841,High
21751,933,Jones,37,9076.0,Coastal,19.5,0.0,Substantial,-77.3551679748,35.0217248029,High
21717,20680,Catawba,37,162841.0,Northern,400.2,2802.5,High,-81.2150705598,35.662042354,High
21761,3492,Montgomery,37,25485.0,Eastern,52.4,2480.1,High,-79.9054790812,35.332466935,High
21764,20610,New Hanover,37,230423.0,Coastal,1174.0,2612.3,High,-77.865597569,34.1815553357,High
21733,38562,Forsyth,37,387703.0,Northern,938.1,4129.5,High,-80.256300016,36.1306195485,High
21783,8337,Stanly,37,62143.0,Central,158.2,2425.2,High,-80.2509863077,35.3119550622,High
21768,1165,Pamlico,37,12215.0,Coastal,36.5,2321.5,High,-76.6694598427,35.151021226,High
21742,13038,Harnett,37,134986.0,Eastern,224.5,2172.6,High,-78.8694125204,35.3686291614,High
21767,8961,Orange,37,148331.0,Eastern,374.0,1991.9,High,-79.120649356,36.0611182361,High
21762,9671,Moore,37,102966.0,Eastern,142.9,1617.3,High,-79.4813744392,35.3106538555,High
21754,10856,Lincoln,37,88742.0,Central,293.4,1745.2,High,-81.2235326264,35.4855950234,High
21748,20242,Iredell,37,192986.0,Northern,325.0,1866.4,High,-80.8734378255,35.8070259189,High
21700,19697,Alamance,37,175029.0,Northern,404.8,3065.6,High,-79.3994248175,36.0437098766,High
21769,3547,Pasquotank,37,40966.0,Coastal,178.8,2078.8,High,-76.2492413613,36.2650187228,High
21798,4369,Yadkin,37,36925.0,Northern,111.1,1820.8,High,-80.6652439331,36.1605336919,High
21797,10222,Wilson,37,79078.0,Coastal,214.3,2386.9,High,-77.9186629547,35.7051457145,High
21770,5991,Pender,37,62250.0,Coastal,69.1,1461.9,High,-77.8884355846,34.5150997489,High
21701,4652,Alexander,37,36172.0,Northern,140.2,1440.7,High,-81.1770268506,35.9210263138,High
21736,772,Gates,37,10324.0,Coastal,30.8,750.9,Substantial,-76.7005266521,36.4449435708,High
21799,1783,Yancey,37,18320.0,Western,59.1,557.0,High,-82.3076279784,35.8989479924,High
21708,3920,Bladen,37,29171.0,Coastal,33.8,2578.5,High,-78.5636493115,34.6145873342,High
21705,2209,Avery,37,17347.0,Western,72.0,1003.4,Substantial,-81.9226013745,36.0766050343,High
21737,738,Graham,37,7935.0,Western,27.5,8085.4,High,-83.833581803,35.350171951,High
21721,965,Clay,37,11238.0,Western,51.6,2288.34,High,-83.7501767115,35.0571811284,High
21716,2273,Caswell,37,22400.0,Eastern,53.5,317.5,High,-79.3335234769,36.3932742158,High
21703,2747,Anson,37,22028.0,Central,41.5,2802.1,High,-80.102712026,34.9737894417,High
21724,9834,Craven,37,102568.0,Coastal,142.5,2112.3,High,-77.082003837,35.117685821,High
21728,17787,Davidson,37,171752.0,Northern,305.4,1757.8,High,-80.2127487756,35.7933524917,High
21793,1160,Washington,37,10708.0,Coastal,31.8,1746.8,High,-76.5693098876,35.8392646425,High
21782,4206,Scotland,37,33662.0,Eastern,107.1,3528.0,High,-79.4804292418,34.8408848102,High
21784,4471,Stokes,37,44422.0,Northern,99.1,2146.85,High,-80.2395157151,36.4019040049,High
21794,5129,Watauga,37,54804.0,Northern,173.1,1191.8,Substantial,-81.6964250718,36.2311062795,High
21719,2831,Cherokee,37,28738.0,Western,63.2,3613.3,High,-84.063444228,35.1338574515,High
21741,5898,Halifax,37,47859.0,Coastal,67.2,2754.7,High,-77.6517329831,36.2574485453,High
21780,7868,Rutherford,37,63870.0,Western,114.0,2009.9,High,-81.9198334642,35.4025956291,High
21778,8454,Rockingham,37,90457.0,Northern,161.0,2130.4,High,-79.7749871967,36.3960127906,High
21745,2151,Hertford,37,20374.0,Coastal,61.0,2281.6,Substantial,-76.9807147831,36.3586360305,High
21779,18136,Rowan,37,148565.0,Northern,287.1,2292.8,High,-80.5247717485,35.6394734632,High
21712,23795,Cabarrus,37,232873.0,Central,625.1,1374.8,High,-80.5518508851,35.3867940405,High
21774,1581,Polk,37,19461.0,Western,81.3,1596.5,High,-82.1696779265,35.2792789622,High
21729,4413,Davie,37,43127.0,Northern,162.0,1665.25,High,-80.5444636482,35.929110866,High
21763,11977,Nash,37,96101.0,Coastal,175.7,1838.5,High,-77.9864448378,35.9672502839,High
21722,12462,Cleveland,37,99332.0,Western,214.4,2001.7,High,-81.5555471412,35.3341018022,High
21707,1832,Bertie,37,17302.0,Coastal,25.7,1594.6,High,-76.9667121404,36.0656302022,High
21752,6617,Lee,37,64360.0,Eastern,248.1,1631.1,High,-79.1714836119,35.4751864248,High
21787,2604,Transylvania,37,32825.0,Western,87.2,978.5,High,-82.7983001279,35.2021778635,High
21776,5296,Richmond,37,43006.0,Eastern,90.7,5508.4,High,-79.7477780226,35.0060483545,High
21757,2477,Martin,37,21503.0,Coastal,48.3,2717.4,High,-77.109232267,35.843213981,High
21775,15963,Randolph,37,143325.0,Northern,184.3,1615.5,High,-79.8060069064,35.7103417044,High
21766,19188,Onslow,37,207928.0,Coastal,268.4,2191.23,High,-77.4157658244,34.709836363,High
21746,5330,Hoke,37,53783.0,Eastern,133.5,2028.14,High,-79.237290715,35.0175290075,High
21734,7308,Franklin,37,70655.0,Eastern,139.4,1314.6,High,-78.2856965824,36.0827733527,High
21788,343,Tyrrell,37,3315.0,Coastal,8.3,957.2,High,-76.1704523585,35.8694070017,High
21753,6481,Lenoir,37,54323.0,Coastal,138.1,3246.04,High,-77.6412486292,35.2387731611,High
21738,6180,Granville,37,60720.0,Eastern,114.6,1466.3,High,-78.6527194252,36.3040698262,High
21740,50609,Guilford,37,545484.0,Northern,838.0,3371.1,High,-79.7889042685,36.0794717315,High
21723,7185,Columbus,37,49795.0,Coastal,54.0,2887.71,High,-78.6550308717,34.2656450828,High
21706,4959,Beaufort,37,44150.0,Coastal,53.6,2157.95,High,-76.8453144055,35.486983815,High
21786,1287,Swain,37,14046.0,Western,26.8,3517.8,High,-83.4927393736,35.4868150519,High
21713,9833,Caldwell,37,81319.0,Northern,170.9,2504.8,High,-81.5464366451,35.9530379334,High
21702,1117,Alleghany,37,11057.0,Northern,46.4,697.2,Substantial,-81.1278593427,36.4912704378,High
21725,33232,Cumberland,37,341793.0,Eastern,512.9,3748.5,High,-78.8275607671,35.048611942,High
21730,6960,Duplin,37,48249.0,Coastal,59.8,2911.6,High,-77.9330277459,34.9365348363,High
21749,3860,Jackson,37,41919.0,Western,87.8,1864.6,High,-83.1408496187,35.2875866253,High
21711,10660,Burke,37,88398.0,Western,173.0,1836.1,High,-81.7047784739,35.7496106399,High
21718,5094,Chatham,37,77095.0,Eastern,111.9,1456.0,High,-79.2552758614,35.7025721296,High
21744,10899,Henderson,37,117429.0,Western,311.8,2039.7,High,-82.4799463782,35.3362263031,High
21777,18511,Robeson,37,115899.0,Coastal,123.0,5137.4,High,-79.1038649277,34.6402420514,High
21732,5925,Edgecombe,37,48604.0,Coastal,96.7,2366.3,High,-77.5970588882,35.912880671,High
21714,709,Camden,37,10537.0,Coastal,43.1,793.0,Moderate,-76.1609504039,36.3411216216,High
21792,1851,Warren,37,18621.0,Eastern,43.4,2235.0,Substantial,-78.1067171324,36.3965102811,High
21765,1942,Northampton,37,16953.0,Eastern,32.6,2092.6,Substantial,-77.3968212099,36.4177312434,High
21727,2474,Dare,37,37817.0,Coastal,96.3,1872.9,High,-75.6852333134,35.664936694,High
21758,5501,McDowell,37,44151.0,Western,101.3,2610.9,High,-82.0493124426,35.6816924709,High
21851,933,Jones,38,9076.0,Coastal,19.5,0.0,Substantial,-77.3551679748,35.0217248029,High
21841,5898,Halifax,38,47859.0,Coastal,67.2,2754.7,High,-77.6517329831,36.2574485453,High
21828,17787,Davidson,38,171752.0,Northern,305.4,1757.8,High,-80.2127487756,35.7933524917,High
21883,8337,Stanly,38,62143.0,Central,158.2,2425.2,High,-80.2509863077,35.3119550622,High
21824,9834,Craven,38,102568.0,Coastal,142.5,2112.3,High,-77.082003837,35.117685821,High
21853,6481,Lenoir,38,54323.0,Coastal,138.1,3246.04,High,-77.6412486292,35.2387731611,High
21834,7308,Franklin,38,70655.0,Eastern,139.4,1314.6,High,-78.2856965824,36.0827733527,High
21816,2273,Caswell,38,22400.0,Eastern,53.5,317.5,High,-79.3335234769,36.3932742158,High
21838,6180,Granville,38,60720.0,Eastern,114.6,1466.3,High,-78.6527194252,36.3040698262,High
21898,4369,Yadkin,38,36925.0,Northern,111.1,1820.8,High,-80.6652439331,36.1605336919,High
21893,1160,Washington,38,10708.0,Coastal,31.8,1746.8,High,-76.5693098876,35.8392646425,High
21864,20610,New Hanover,38,230423.0,Coastal,1174.0,2612.3,High,-77.865597569,34.1815553357,High
21817,20680,Catawba,38,162841.0,Northern,400.2,2802.5,High,-81.2150705598,35.662042354,High
21888,343,Tyrrell,38,3315.0,Coastal,8.3,957.2,High,-76.1704523585,35.8694070017,High
21821,965,Clay,38,11238.0,Western,51.6,2288.34,High,-83.7501767115,35.0571811284,High
21832,5925,Edgecombe,38,48604.0,Coastal,96.7,2366.3,High,-77.5970588882,35.912880671,High
21803,2747,Anson,38,22028.0,Central,41.5,2802.1,High,-80.102712026,34.9737894417,High
21831,27163,Durham,38,331347.0,Eastern,1133.7,3966.0,High,-78.8765926949,36.0360299243,High
21809,10314,Brunswick,38,144821.0,Coastal,160.8,1537.1,High,-78.2274071617,34.0388755841,High
21858,5501,McDowell,38,44151.0,Western,101.3,2610.9,High,-82.0493124426,35.6816924709,High
21813,9833,Caldwell,38,81319.0,Northern,170.9,2504.8,High,-81.5464366451,35.9530379334,High
21861,3492,Montgomery,38,25485.0,Eastern,52.4,2480.1,High,-79.9054790812,35.332466935,High
21855,3274,Macon,38,37041.0,Western,71.8,2077.4,High,-83.4221767088,35.1504672096,High
21812,23795,Cabarrus,38,232873.0,Central,625.1,1374.8,High,-80.5518508851,35.3867940405,High
21854,10856,Lincoln,38,88742.0,Central,293.4,1745.2,High,-81.2235326264,35.4855950234,High
21845,2151,Hertford,38,20374.0,Coastal,61.0,2281.6,Substantial,-76.9807147831,36.3586360305,High
21801,4652,Alexander,38,36172.0,Northern,140.2,1440.7,High,-81.1770268506,35.9210263138,High
21826,1691,Currituck,38,29385.0,Coastal,107.3,1344.3,High,-75.936949201,36.3672994836,High
21892,1851,Warren,38,18621.0,Eastern,43.4,2235.0,Substantial,-78.1067171324,36.3965102811,High
21823,7185,Columbus,38,49795.0,Coastal,54.0,2887.71,High,-78.6550308717,34.2656450828,High
21833,38562,Forsyth,38,387703.0,Northern,938.1,4129.5,High,-80.256300016,36.1306195485,High
21802,1117,Alleghany,38,11057.0,Northern,46.4,697.2,Substantial,-81.1278593427,36.4912704378,High
21875,15963,Randolph,38,143325.0,Northern,184.3,1615.5,High,-79.8060069064,35.7103417044,High
21891,96182,Wake,38,1154170.0,Eastern,1353.3,1846.0,High,-78.6503081729,35.7902443741,High
21877,18511,Robeson,38,115899.0,Coastal,123.0,5137.4,High,-79.1038649277,34.6402420514,High
21894,5129,Watauga,38,54804.0,Northern,173.1,1191.8,Substantial,-81.6964250718,36.2311062795,High
21807,1832,Bertie,38,17302.0,Coastal,25.7,1594.6,High,-76.9667121404,36.0656302022,High
21886,1287,Swain,38,14046.0,Western,26.8,3517.8,High,-83.4927393736,35.4868150519,High
21884,4471,Stokes,38,44422.0,Northern,99.1,2146.85,High,-80.2395157151,36.4019040049,High
21869,3547,Pasquotank,38,40966.0,Coastal,178.8,2078.8,High,-76.2492413613,36.2650187228,High
21882,4206,Scotland,38,33662.0,Eastern,107.1,3528.0,High,-79.4804292418,34.8408848102,High
21806,4959,Beaufort,38,44150.0,Coastal,53.6,2157.95,High,-76.8453144055,35.486983815,High
21868,1165,Pamlico,38,12215.0,Coastal,36.5,2321.5,High,-76.6694598427,35.151021226,High
21874,1581,Polk,38,19461.0,Western,81.3,1596.5,High,-82.1696779265,35.2792789622,High
21850,23819,Johnston,38,224833.0,Coastal,272.7,1547.3,High,-78.3657109025,35.5178069265,High
21837,738,Graham,38,7935.0,Western,27.5,8085.4,High,-83.833581803,35.350171951,High
21867,8961,Orange,38,148331.0,Eastern,374.0,1991.9,High,-79.120649356,36.0611182361,High
21879,18136,Rowan,38,148565.0,Northern,287.1,2292.8,High,-80.5247717485,35.6394734632,High
21843,4829,Haywood,38,62831.0,Western,112.2,3591.8,High,-82.9821729698,35.5560557128,High
21876,5296,Richmond,38,43006.0,Eastern,90.7,5508.4,High,-79.7477780226,35.0060483545,High
21839,2545,Greene,38,19978.0,Coastal,76.7,1640.3,High,-77.6757626742,35.4849957203,High
21880,7868,Rutherford,38,63870.0,Western,114.0,2009.9,High,-81.9198334642,35.4025956291,High
21889,26398,Union,38,244960.0,Central,376.6,1582.3,High,-80.5307400446,34.9883574887,High
21830,6960,Duplin,38,48249.0,Coastal,59.8,2911.6,High,-77.9330277459,34.9365348363,High
21862,9671,Moore,38,102966.0,Eastern,142.9,1617.3,High,-79.4813744392,35.3106538555,High
21800,19697,Alamance,38,175029.0,Northern,404.8,3065.6,High,-79.3994248175,36.0437098766,High
21844,10899,Henderson,38,117429.0,Western,311.8,2039.7,High,-82.4799463782,35.3362263031,High
21895,12065,Wayne,38,115895.0,Coastal,211.8,2813.0,High,-78.0039971272,35.3639599672,High
21820,1566,Chowan,38,13646.0,Coastal,79.4,1402.6,High,-76.6021303656,36.1265615389,High
21856,1709,Madison,38,21146.0,Western,47.1,1247.6,High,-82.7057582627,35.8580358086,High
21849,3860,Jackson,38,41919.0,Western,87.8,1864.6,High,-83.1408496187,35.2875866253,High
21863,11977,Nash,38,96101.0,Coastal,175.7,1838.5,High,-77.9864448378,35.9672502839,High
21818,5094,Chatham,38,77095.0,Eastern,111.9,1456.0,High,-79.2552758614,35.7025721296,High
21872,3706,Person,38,39048.0,Eastern,99.7,1862.8,High,-78.9718051426,36.3900951244,High
21811,10660,Burke,38,88398.0,Western,173.0,1836.1,High,-81.7047784739,35.7496106399,High
21896,7373,Wilkes,38,65151.0,Northern,87.5,1887.3,High,-81.1633856618,36.2062757623,High
21873,21744,Pitt,38,173536.0,Coastal,261.0,2238.9,High,-77.3744965519,35.5932989746,High
21885,8834,Surry,38,70573.0,Northern,134.0,1507.5,High,-80.6880779273,36.4148205561,High
21859,121988,Mecklenburg,38,1128426.0,Central,2130.4,3736.1,High,-80.8327311406,35.2467670437,High
21814,709,Camden,38,10537.0,Coastal,43.1,793.0,Moderate,-76.1609504039,36.3411216216,High
21815,5512,Carteret,38,69039.0,Coastal,133.3,1912.1,High,-76.5357430669,34.8612598084,High
21825,33232,Cumberland,38,341793.0,Eastern,512.9,3748.5,High,-78.8275607671,35.048611942,High
21835,28430,Gaston,38,233387.0,Central,640.7,2912.4,High,-81.1802416273,35.2943489527,High
21822,12462,Cleveland,38,99332.0,Western,214.4,2001.7,High,-81.5555471412,35.3341018022,High
21805,2209,Avery,38,17347.0,Western,72.0,1003.4,Substantial,-81.9226013745,36.0766050343,High
21808,3920,Bladen,38,29171.0,Coastal,33.8,2578.5,High,-78.5636493115,34.6145873342,High
21840,50609,Guilford,38,545484.0,Northern,838.0,3371.1,High,-79.7889042685,36.0794717315,High
21899,1783,Yancey,38,18320.0,Western,59.1,557.0,High,-82.3076279784,35.8989479924,High
21836,772,Gates,38,10324.0,Coastal,30.8,750.9,Substantial,-76.7005266521,36.4449435708,High
21865,1942,Northampton,38,16953.0,Eastern,32.6,2092.6,Substantial,-77.3968212099,36.4177312434,High
21878,8454,Rockingham,38,90457.0,Northern,161.0,2130.4,High,-79.7749871967,36.3960127906,High
21866,19188,Onslow,38,207928.0,Coastal,268.4,2191.23,High,-77.4157658244,34.709836363,High
21897,10222,Wilson,38,79078.0,Coastal,214.3,2386.9,High,-77.9186629547,35.7051457145,High
21827,2474,Dare,38,37817.0,Coastal,96.3,1872.9,High,-75.6852333134,35.664936694,High
21870,5991,Pender,38,62250.0,Coastal,69.1,1461.9,High,-77.8884355846,34.5150997489,High
21810,19205,Buncombe,38,271638.0,Western,410.4,3012.8,High,-82.5301070587,35.611177887,High
21890,5096,Vance,38,41665.0,Eastern,168.7,3584.5,High,-78.4079288849,36.3649169333,High
21871,1074,Perquimans,38,13049.0,Coastal,52.6,684.8,High,-76.4076199893,36.1772228503,High
21860,1507,Mitchell,38,14783.0,Western,67.4,458.42,High,-82.1635815487,36.0132038869,High
21852,6617,Lee,38,64360.0,Eastern,248.1,1631.1,High,-79.1714836119,35.4751864248,High
21829,4413,Davie,38,43127.0,Northern,162.0,1665.25,High,-80.5444636482,35.929110866,High
21847,675,Hyde,38,4595.0,Coastal,7.5,0.0,Moderate,-76.1449651093,35.4081187361,Moderate
21819,2831,Cherokee,38,28738.0,Western,63.2,3613.3,High,-84.063444228,35.1338574515,High
21857,2477,Martin,38,21503.0,Coastal,48.3,2717.4,High,-77.109232267,35.843213981,High
21848,20242,Iredell,38,192986.0,Northern,325.0,1866.4,High,-80.8734378255,35.8070259189,High
21881,8573,Sampson,38,58371.0,Coastal,62.4,2241.9,High,-78.3713906105,34.9915361594,High
21842,13038,Harnett,38,134986.0,Eastern,224.5,2172.6,High,-78.8694125204,35.3686291614,High
21804,2356,Ashe,38,26506.0,Northern,62.3,1123.1,High,-81.5005211955,36.434424701,High
21846,5330,Hoke,38,53783.0,Eastern,133.5,2028.14,High,-79.237290715,35.0175290075,High
21887,2604,Transylvania,38,32825.0,Western,87.2,978.5,High,-82.7983001279,35.2021778635,High
21933,38562,Forsyth,39,387703.0,Northern,938.1,4129.5,High,-80.256300016,36.1306195485,High
21942,13038,Harnett,39,134986.0,Eastern,224.5,2172.6,High,-78.8694125204,35.3686291614,High
21951,933,Jones,39,9076.0,Coastal,19.5,0.0,Substantial,-77.3551679748,35.0217248029,High
21931,27163,Durham,39,331347.0,Eastern,1133.7,3966.0,High,-78.8765926949,36.0360299243,High
21941,5898,Halifax,39,47859.0,Coastal,67.2,2754.7,High,-77.6517329831,36.2574485453,High
21953,6481,Lenoir,39,54323.0,Coastal,138.1,3246.04,High,-77.6412486292,35.2387731611,High
21944,10899,Henderson,39,117429.0,Western,311.8,2039.7,High,-82.4799463782,35.3362263031,High
21930,6960,Duplin,39,48249.0,Coastal,59.8,2911.6,High,-77.9330277459,34.9365348363,High
21939,2545,Greene,39,19978.0,Coastal,76.7,1640.3,High,-77.6757626742,35.4849957203,High
21950,23819,Johnston,39,224833.0,Coastal,272.7,1547.3,High,-78.3657109025,35.5178069265,High
21943,4829,Haywood,39,62831.0,Western,112.2,3591.8,High,-82.9821729698,35.5560557128,High
21937,738,Graham,39,7935.0,Western,27.5,8085.4,High,-83.833581803,35.350171951,High
21949,3860,Jackson,39,41919.0,Western,87.8,1864.6,High,-83.1408496187,35.2875866253,High
21952,6617,Lee,39,64360.0,Eastern,248.1,1631.1,High,-79.1714836119,35.4751864248,High
21947,675,Hyde,39,4595.0,Coastal,7.5,0.0,Moderate,-76.1449651093,35.4081187361,Moderate
21929,4413,Davie,39,43127.0,Northern,162.0,1665.25,High,-80.5444636482,35.929110866,High
21946,5330,Hoke,39,53783.0,Eastern,133.5,2028.14,High,-79.237290715,35.0175290075,High
21927,2474,Dare,39,37817.0,Coastal,96.3,1872.9,High,-75.6852333134,35.664936694,High
21936,772,Gates,39,10324.0,Coastal,30.8,750.9,Substantial,-76.7005266521,36.4449435708,High
21940,50609,Guilford,39,545484.0,Northern,838.0,3371.1,High,-79.7889042685,36.0794717315,High
21934,7308,Franklin,39,70655.0,Eastern,139.4,1314.6,High,-78.2856965824,36.0827733527,High
21928,17787,Davidson,39,171752.0,Northern,305.4,1757.8,High,-80.2127487756,35.7933524917,High
21938,6180,Granville,39,60720.0,Eastern,114.6,1466.3,High,-78.6527194252,36.3040698262,High
21945,2151,Hertford,39,20374.0,Coastal,61.0,2281.6,Substantial,-76.9807147831,36.3586360305,High
21926,1691,Currituck,39,29385.0,Coastal,107.3,1344.3,High,-75.936949201,36.3672994836,High
21925,33232,Cumberland,39,341793.0,Eastern,512.9,3748.5,High,-78.8275607671,35.048611942,High
21932,5925,Edgecombe,39,48604.0,Coastal,96.7,2366.3,High,-77.5970588882,35.912880671,High
21948,20242,Iredell,39,192986.0,Northern,325.0,1866.4,High,-80.8734378255,35.8070259189,High
21954,10856,Lincoln,39,88742.0,Central,293.4,1745.2,High,-81.2235326264,35.4855950234,High
21935,28430,Gaston,39,233387.0,Central,640.7,2912.4,High,-81.1802416273,35.2943489527,High
21983,8337,Stanly,39,62143.0,Central,158.2,2425.2,High,-80.2509863077,35.3119550622,High
21902,1117,Alleghany,39,11057.0,Northern,46.4,697.2,Substantial,-81.1278593427,36.4912704378,High
21996,7373,Wilkes,39,65151.0,Northern,87.5,1887.3,High,-81.1633856618,36.2062757623,High
21995,12065,Wayne,39,115895.0,Coastal,211.8,2813.0,High,-78.0039971272,35.3639599672,High
21916,2273,Caswell,39,22400.0,Eastern,53.5,317.5,High,-79.3335234769,36.3932742158,High
21970,5991,Pender,39,62250.0,Coastal,69.1,1461.9,High,-77.8884355846,34.5150997489,High
21903,2747,Anson,39,22028.0,Central,41.5,2802.1,High,-80.102712026,34.9737894417,High
21994,5129,Watauga,39,54804.0,Northern,173.1,1191.8,Substantial,-81.6964250718,36.2311062795,High
21971,1074,Perquimans,39,13049.0,Coastal,52.6,684.8,High,-76.4076199893,36.1772228503,High
21989,26398,Union,39,244960.0,Central,376.6,1582.3,High,-80.5307400446,34.9883574887,High
21965,1942,Northampton,39,16953.0,Eastern,32.6,2092.6,Substantial,-77.3968212099,36.4177312434,High
21975,15963,Randolph,39,143325.0,Northern,184.3,1615.5,High,-79.8060069064,35.7103417044,High
21906,4959,Beaufort,39,44150.0,Coastal,53.6,2157.95,High,-76.8453144055,35.486983815,High
21923,7185,Columbus,39,49795.0,Coastal,54.0,2887.71,High,-78.6550308717,34.2656450828,High
21984,4471,Stokes,39,44422.0,Northern,99.1,2146.85,High,-80.2395157151,36.4019040049,High
21913,9833,Caldwell,39,81319.0,Northern,170.9,2504.8,High,-81.5464366451,35.9530379334,High
21910,19205,Buncombe,39,271638.0,Western,410.4,3012.8,High,-82.5301070587,35.611177887,High
21904,2356,Ashe,39,26506.0,Northern,62.3,1123.1,High,-81.5005211955,36.434424701,High
21992,1851,Warren,39,18621.0,Eastern,43.4,2235.0,Substantial,-78.1067171324,36.3965102811,High
21957,2477,Martin,39,21503.0,Coastal,48.3,2717.4,High,-77.109232267,35.843213981,High
21997,10222,Wilson,39,79078.0,Coastal,214.3,2386.9,High,-77.9186629547,35.7051457145,High
21976,5296,Richmond,39,43006.0,Eastern,90.7,5508.4,High,-79.7477780226,35.0060483545,High
21993,1160,Washington,39,10708.0,Coastal,31.8,1746.8,High,-76.5693098876,35.8392646425,High
21919,2831,Cherokee,39,28738.0,Western,63.2,3613.3,High,-84.063444228,35.1338574515,High
21981,8573,Sampson,39,58371.0,Coastal,62.4,2241.9,High,-78.3713906105,34.9915361594,High
21962,9671,Moore,39,102966.0,Eastern,142.9,1617.3,High,-79.4813744392,35.3106538555,High
21958,5501,McDowell,39,44151.0,Western,101.3,2610.9,High,-82.0493124426,35.6816924709,High
21967,8961,Orange,39,148331.0,Eastern,374.0,1991.9,High,-79.120649356,36.0611182361,High
21990,5096,Vance,39,41665.0,Eastern,168.7,3584.5,High,-78.4079288849,36.3649169333,High
21960,1507,Mitchell,39,14783.0,Western,67.4,458.42,High,-82.1635815487,36.0132038869,High
21968,1165,Pamlico,39,12215.0,Coastal,36.5,2321.5,High,-76.6694598427,35.151021226,High
21999,1783,Yancey,39,18320.0,Western,59.1,557.0,High,-82.3076279784,35.8989479924,High
21986,1287,Swain,39,14046.0,Western,26.8,3517.8,High,-83.4927393736,35.4868150519,High
21918,5094,Chatham,39,77095.0,Eastern,111.9,1456.0,High,-79.2552758614,35.7025721296,High
21959,121988,Mecklenburg,39,1128426.0,Central,2130.4,3736.1,High,-80.8327311406,35.2467670437,High
21922,12462,Cleveland,39,99332.0,Western,214.4,2001.7,High,-81.5555471412,35.3341018022,High
21921,965,Clay,39,11238.0,Western,51.6,2288.34,High,-83.7501767115,35.0571811284,High
21966,19188,Onslow,39,207928.0,Coastal,268.4,2191.23,High,-77.4157658244,34.709836363,High
21961,3492,Montgomery,39,25485.0,Eastern,52.4,2480.1,High,-79.9054790812,35.332466935,High
21917,20680,Catawba,39,162841.0,Northern,400.2,2802.5,High,-81.2150705598,35.662042354,High
21982,4206,Scotland,39,33662.0,Eastern,107.1,3528.0,High,-79.4804292418,34.8408848102,High
21985,8834,Surry,39,70573.0,Northern,134.0,1507.5,High,-80.6880779273,36.4148205561,High
21908,3920,Bladen,39,29171.0,Coastal,33.8,2578.5,High,-78.5636493115,34.6145873342,High
21991,96182,Wake,39,1154170.0,Eastern,1353.3,1846.0,High,-78.6503081729,35.7902443741,High
21912,23795,Cabarrus,39,232873.0,Central,625.1,1374.8,High,-80.5518508851,35.3867940405,High
21969,3547,Pasquotank,39,40966.0,Coastal,178.8,2078.8,High,-76.2492413613,36.2650187228,High
21907,1832,Bertie,39,17302.0,Coastal,25.7,1594.6,High,-76.9667121404,36.0656302022,High
21979,18136,Rowan,39,148565.0,Northern,287.1,2292.8,High,-80.5247717485,35.6394734632,High
21987,2604,Transylvania,39,32825.0,Western,87.2,978.5,High,-82.7983001279,35.2021778635,High
21905,2209,Avery,39,17347.0,Western,72.0,1003.4,Substantial,-81.9226013745,36.0766050343,High
21915,5512,Carteret,39,69039.0,Coastal,133.3,1912.1,High,-76.5357430669,34.8612598084,High
21978,8454,Rockingham,39,90457.0,Northern,161.0,2130.4,High,-79.7749871967,36.3960127906,High
21911,10660,Burke,39,88398.0,Western,173.0,1836.1,High,-81.7047784739,35.7496106399,High
21998,4369,Yadkin,39,36925.0,Northern,111.1,1820.8,High,-80.6652439331,36.1605336919,High
21980,7868,Rutherford,39,63870.0,Western,114.0,2009.9,High,-81.9198334642,35.4025956291,High
21974,1581,Polk,39,19461.0,Western,81.3,1596.5,High,-82.1696779265,35.2792789622,High
21963,11977,Nash,39,96101.0,Coastal,175.7,1838.5,High,-77.9864448378,35.9672502839,High
21924,9834,Craven,39,102568.0,Coastal,142.5,2112.3,High,-77.082003837,35.117685821,High
21900,19697,Alamance,39,175029.0,Northern,404.8,3065.6,High,-79.3994248175,36.0437098766,High
21972,3706,Person,39,39048.0,Eastern,99.7,1862.8,High,-78.9718051426,36.3900951244,High
21973,21744,Pitt,39,173536.0,Coastal,261.0,2238.9,High,-77.3744965519,35.5932989746,High
21914,709,Camden,39,10537.0,Coastal,43.1,793.0,Moderate,-76.1609504039,36.3411216216,High
21909,10314,Brunswick,39,144821.0,Coastal,160.8,1537.1,High,-78.2274071617,34.0388755841,High
21956,1709,Madison,39,21146.0,Western,47.1,1247.6,High,-82.7057582627,35.8580358086,High
21955,3274,Macon,39,37041.0,Western,71.8,2077.4,High,-83.4221767088,35.1504672096,High
21901,4652,Alexander,39,36172.0,Northern,140.2,1440.7,High,-81.1770268506,35.9210263138,High
21988,343,Tyrrell,39,3315.0,Coastal,8.3,957.2,High,-76.1704523585,35.8694070017,High
21964,20610,New Hanover,39,230423.0,Coastal,1174.0,2612.3,High,-77.865597569,34.1815553357,High
21977,18511,Robeson,39,115899.0,Coastal,123.0,5137.4,High,-79.1038649277,34.6402420514,High
21920,1566,Chowan,39,13646.0,Coastal,79.4,1402.6,High,-76.6021303656,36.1265615389,High
22036,779,Gates,40,10324.0,Coastal,30.8,750.9,High,-76.7005266521,36.4449435708,High
22073,22066,Pitt,40,173536.0,Coastal,261.0,2238.9,High,-77.3744965519,35.5932989746,High
22015,5601,Carteret,40,69039.0,Coastal,133.3,1912.1,High,-76.5357430669,34.8612598084,High
22008,3998,Bladen,40,29171.0,Coastal,33.8,2578.5,High,-78.5636493115,34.6145873342,High
22085,8955,Surry,40,70573.0,Northern,134.0,1507.5,High,-80.6880779273,36.4148205561,High
22091,96728,Wake,40,1154170.0,Eastern,1353.3,1846.0,High,-78.6503081729,35.7902443741,High
22055,3355,Macon,40,37041.0,Western,71.8,2077.4,High,-83.4221767088,35.1504672096,High
22026,1714,Currituck,40,29385.0,Coastal,107.3,1344.3,High,-75.936949201,36.3672994836,High
22012,24295,Cabarrus,40,232873.0,Central,625.1,1374.8,High,-80.5518508851,35.3867940405,High
22034,7416,Franklin,40,70655.0,Eastern,139.4,1314.6,High,-78.2856965824,36.0827733527,High
22007,1845,Bertie,40,17302.0,Coastal,25.7,1594.6,High,-76.9667121404,36.0656302022,High
22083,8437,Stanly,40,62143.0,Central,158.2,2425.2,High,-80.2509863077,35.3119550622,High
22079,18527,Rowan,40,148565.0,Northern,287.1,2292.8,High,-80.5247717485,35.6394734632,High
22020,1587,Chowan,40,13646.0,Coastal,79.4,1402.6,High,-76.6021303656,36.1265615389,High
22087,2666,Transylvania,40,32825.0,Western,87.2,978.5,High,-82.7983001279,35.2021778635,High
22041,5963,Halifax,40,47859.0,Coastal,67.2,2754.7,High,-77.6517329831,36.2574485453,High
22058,5556,McDowell,40,44151.0,Western,101.3,2610.9,High,-82.0493124426,35.6816924709,High
22045,2158,Hertford,40,20374.0,Coastal,61.0,2281.6,High,-76.9807147831,36.3586360305,High
22032,5971,Edgecombe,40,48604.0,Coastal,96.7,2366.3,High,-77.5970588882,35.912880671,High
22069,3567,Pasquotank,40,40966.0,Coastal,178.8,2078.8,High,-76.2492413613,36.2650187228,High
22095,12197,Wayne,40,115895.0,Coastal,211.8,2813.0,High,-78.0039971272,35.3639599672,High
22017,20954,Catawba,40,162841.0,Northern,400.2,2802.5,High,-81.2150705598,35.662042354,High
22099,1792,Yancey,40,18320.0,Western,59.1,557.0,High,-82.3076279784,35.8989479924,High
22067,9078,Orange,40,148331.0,Eastern,374.0,1991.9,High,-79.120649356,36.0611182361,High
22090,5138,Vance,40,41665.0,Eastern,168.7,3584.5,High,-78.4079288849,36.3649169333,High
22040,51205,Guilford,40,545484.0,Northern,838.0,3371.1,High,-79.7889042685,36.0794717315,High
22039,2572,Greene,40,19978.0,Coastal,76.7,1640.3,High,-77.6757626742,35.4849957203,High
22060,1518,Mitchell,40,14783.0,Western,67.4,458.42,High,-82.1635815487,36.0132038869,High
22068,1169,Pamlico,40,12215.0,Coastal,36.5,2321.5,High,-76.6694598427,35.151021226,High
22077,18842,Robeson,40,115899.0,Coastal,123.0,5137.4,High,-79.1038649277,34.6402420514,High
22035,28853,Gaston,40,233387.0,Central,640.7,2912.4,High,-81.1802416273,35.2943489527,High
22086,1298,Swain,40,14046.0,Western,26.8,3517.8,High,-83.4927393736,35.4868150519,High
22037,745,Graham,40,7935.0,Western,27.5,8085.4,High,-83.833581803,35.350171951,High
22050,24156,Johnston,40,224833.0,Coastal,272.7,1547.3,High,-78.3657109025,35.5178069265,High
22018,5187,Chatham,40,77095.0,Eastern,111.9,1456.0,High,-79.2552758614,35.7025721296,High
22002,1127,Alleghany,40,11057.0,Northern,46.4,697.2,High,-81.1278593427,36.4912704378,High
22049,3897,Jackson,40,41919.0,Western,87.8,1864.6,High,-83.1408496187,35.2875866253,High
22059,123743,Mecklenburg,40,1128426.0,Central,2130.4,3736.1,High,-80.8327311406,35.2467670437,High
22054,11047,Lincoln,40,88742.0,Central,293.4,1745.2,High,-81.2235326264,35.4855950234,High
22022,12708,Cleveland,40,99332.0,Western,214.4,2001.7,High,-81.5555471412,35.3341018022,High
22052,6756,Lee,40,64360.0,Eastern,248.1,1631.1,High,-79.1714836119,35.4751864248,High
22021,999,Clay,40,11238.0,Western,51.6,2288.34,High,-83.7501767115,35.0571811284,High
22011,10781,Burke,40,88398.0,Western,173.0,1836.1,High,-81.7047784739,35.7496106399,High
22048,20622,Iredell,40,192986.0,Northern,325.0,1866.4,High,-80.8734378255,35.8070259189,High
22061,3528,Montgomery,40,25485.0,Eastern,52.4,2480.1,High,-79.9054790812,35.332466935,High
22043,4892,Haywood,40,62831.0,Western,112.2,3591.8,High,-82.9821729698,35.5560557128,High
22005,2214,Avery,40,17347.0,Western,72.0,1003.4,High,-81.9226013745,36.0766050343,High
22028,18035,Davidson,40,171752.0,Northern,305.4,1757.8,High,-80.2127487756,35.7933524917,High
22000,19906,Alamance,40,175029.0,Northern,404.8,3065.6,High,-79.3994248175,36.0437098766,High
22082,4258,Scotland,40,33662.0,Eastern,107.1,3528.0,High,-79.4804292418,34.8408848102,High
22063,12122,Nash,40,96101.0,Coastal,175.7,1838.5,High,-77.9864448378,35.9672502839,High
22033,38968,Forsyth,40,387703.0,Northern,938.1,4129.5,High,-80.256300016,36.1306195485,High
22030,7094,Duplin,40,48249.0,Coastal,59.8,2911.6,High,-77.9330277459,34.9365348363,High
22027,2548,Dare,40,37817.0,Coastal,96.3,1872.9,High,-75.6852333134,35.664936694,High
22046,5427,Hoke,40,53783.0,Eastern,133.5,2028.14,High,-79.237290715,35.0175290075,High
22042,13301,Harnett,40,134986.0,Eastern,224.5,2172.6,High,-78.8694125204,35.3686291614,High
22088,352,Tyrrell,40,3315.0,Coastal,8.3,957.2,High,-76.1704523585,35.8694070017,High
22047,678,Hyde,40,4595.0,Coastal,7.5,0.0,Substantial,-76.1449651093,35.4081187361,High
22025,33822,Cumberland,40,341793.0,Eastern,512.9,3748.5,High,-78.8275607671,35.048611942,High
22023,7318,Columbus,40,49795.0,Coastal,54.0,2887.71,High,-78.6550308717,34.2656450828,High
22013,9963,Caldwell,40,81319.0,Northern,170.9,2504.8,High,-81.5464366451,35.9530379334,High
22051,948,Jones,40,9076.0,Coastal,19.5,0.0,High,-77.3551679748,35.0217248029,High
22084,4520,Stokes,40,44422.0,Northern,99.1,2146.85,High,-80.2395157151,36.4019040049,High
22024,9940,Craven,40,102568.0,Coastal,142.5,2112.3,High,-77.082003837,35.117685821,High
22044,11055,Henderson,40,117429.0,Western,311.8,2039.7,High,-82.4799463782,35.3362263031,High
22010,19505,Buncombe,40,271638.0,Western,410.4,3012.8,High,-82.5301070587,35.611177887,High
22065,1951,Northampton,40,16953.0,Eastern,32.6,2092.6,Substantial,-77.3968212099,36.4177312434,High
22098,4401,Yadkin,40,36925.0,Northern,111.1,1820.8,High,-80.6652439331,36.1605336919,High
22004,2389,Ashe,40,26506.0,Northern,62.3,1123.1,High,-81.5005211955,36.434424701,High
22092,1858,Warren,40,18621.0,Eastern,43.4,2235.0,High,-78.1067171324,36.3965102811,High
22057,2522,Martin,40,21503.0,Coastal,48.3,2717.4,High,-77.109232267,35.843213981,High
22072,3759,Person,40,39048.0,Eastern,99.7,1862.8,High,-78.9718051426,36.3900951244,High
22097,10324,Wilson,40,79078.0,Coastal,214.3,2386.9,High,-77.9186629547,35.7051457145,High
22080,7977,Rutherford,40,63870.0,Western,114.0,2009.9,High,-81.9198334642,35.4025956291,High
22076,5367,Richmond,40,43006.0,Eastern,90.7,5508.4,High,-79.7477780226,35.0060483545,High
22093,1169,Washington,40,10708.0,Coastal,31.8,1746.8,High,-76.5693098876,35.8392646425,High
22009,10692,Brunswick,40,144821.0,Coastal,160.8,1537.1,High,-78.2274071617,34.0388755841,High
22001,4728,Alexander,40,36172.0,Northern,140.2,1440.7,High,-81.1770268506,35.9210263138,High
22056,1724,Madison,40,21146.0,Western,47.1,1247.6,High,-82.7057582627,35.8580358086,High
22081,8666,Sampson,40,58371.0,Coastal,62.4,2241.9,High,-78.3713906105,34.9915361594,High
22006,4976,Beaufort,40,44150.0,Coastal,53.6,2157.95,High,-76.8453144055,35.486983815,High
22071,1082,Perquimans,40,13049.0,Coastal,52.6,684.8,High,-76.4076199893,36.1772228503,High
22019,2909,Cherokee,40,28738.0,Western,63.2,3613.3,High,-84.063444228,35.1338574515,High
22089,26756,Union,40,244960.0,Central,376.6,1582.3,High,-80.5307400446,34.9883574887,High
22062,9830,Moore,40,102966.0,Eastern,142.9,1617.3,High,-79.4813744392,35.3106538555,High
22016,2284,Caswell,40,22400.0,Eastern,53.5,317.5,High,-79.3335234769,36.3932742158,High
22038,6258,Granville,40,60720.0,Eastern,114.6,1466.3,High,-78.6527194252,36.3040698262,High
22074,1595,Polk,40,19461.0,Western,81.3,1596.5,High,-82.1696779265,35.2792789622,High
22070,6112,Pender,40,62250.0,Coastal,69.1,1461.9,High,-77.8884355846,34.5150997489,High
22003,2788,Anson,40,22028.0,Central,41.5,2802.1,High,-80.102712026,34.9737894417,High
22064,21043,New Hanover,40,230423.0,Coastal,1174.0,2612.3,High,-77.865597569,34.1815553357,High
22053,6598,Lenoir,40,54323.0,Coastal,138.1,3246.04,High,-77.6412486292,35.2387731611,High
22014,714,Camden,40,10537.0,Coastal,43.1,793.0,Moderate,-76.1609504039,36.3411216216,High
22075,16097,Randolph,40,143325.0,Northern,184.3,1615.5,High,-79.8060069064,35.7103417044,High
22066,19539,Onslow,40,207928.0,Coastal,268.4,2191.23,High,-77.4157658244,34.709836363,High
22078,8557,Rockingham,40,90457.0,Northern,161.0,2130.4,High,-79.7749871967,36.3960127906,High
22094,5159,Watauga,40,54804.0,Northern,173.1,1191.8,High,-81.6964250718,36.2311062795,High
22096,7488,Wilkes,40,65151.0,Northern,87.5,1887.3,High,-81.1633856618,36.2062757623,High
22031,27403,Durham,40,331347.0,Eastern,1133.7,3966.0,High,-78.8765926949,36.0360299243,High
22029,4472,Davie,40,43127.0,Northern,162.0,1665.25,High,-80.5444636482,35.929110866,High
22120,1589,Chowan,41,13646.0,Coastal,79.4,1402.6,High,-76.6021303656,36.1265615389,High
22145,2160,Hertford,41,20374.0,Coastal,61.0,2281.6,Substantial,-76.9807147831,36.3586360305,High
22132,5973,Edgecombe,41,48604.0,Coastal,96.7,2366.3,High,-77.5970588882,35.912880671,High
22106,4972,Beaufort,41,44150.0,Coastal,53.6,2157.95,High,-76.8453144055,35.486983815,High
22166,19610,Onslow,41,207928.0,Coastal,268.4,2191.23,High,-77.4157658244,34.709836363,High
22150,24212,Johnston,41,224833.0,Coastal,272.7,1547.3,High,-78.3657109025,35.5178069265,High
22190,5156,Vance,41,41665.0,Eastern,168.7,3584.5,High,-78.4079288849,36.3649169333,High
22140,51329,Guilford,41,545484.0,Northern,838.0,3371.1,High,-79.7889042685,36.0794717315,High
22139,2571,Greene,41,19978.0,Coastal,76.7,1640.3,High,-77.6757626742,35.4849957203,High
22137,755,Graham,41,7935.0,Western,27.5,8085.4,High,-83.833581803,35.350171951,High
22176,5382,Richmond,41,43006.0,Eastern,90.7,5508.4,High,-79.7477780226,35.0060483545,High
22187,2676,Transylvania,41,32825.0,Western,87.2,978.5,High,-82.7983001279,35.2021778635,High
22135,28930,Gaston,41,233387.0,Central,640.7,2912.4,High,-81.1802416273,35.2943489527,High
22162,9862,Moore,41,102966.0,Eastern,142.9,1617.3,High,-79.4813744392,35.3106538555,High
22164,21105,New Hanover,41,230423.0,Coastal,1174.0,2612.3,High,-77.865597569,34.1815553357,High
22188,357,Tyrrell,41,3315.0,Coastal,8.3,957.2,High,-76.1704523585,35.8694070017,High
22165,1954,Northampton,41,16953.0,Eastern,32.6,2092.6,High,-77.3968212099,36.4177312434,High
22189,26830,Union,41,244960.0,Central,376.6,1582.3,High,-80.5307400446,34.9883574887,High
22107,1847,Bertie,41,17302.0,Coastal,25.7,1594.6,High,-76.9667121404,36.0656302022,High
22110,19567,Buncombe,41,271638.0,Western,410.4,3012.8,High,-82.5301070587,35.611177887,High
22127,2562,Dare,41,37817.0,Coastal,96.3,1872.9,High,-75.6852333134,35.664936694,High
22101,4741,Alexander,41,36172.0,Northern,140.2,1440.7,High,-81.1770268506,35.9210263138,High
22119,2920,Cherokee,41,28738.0,Western,63.2,3613.3,High,-84.063444228,35.1338574515,High
22118,5199,Chatham,41,77095.0,Eastern,111.9,1456.0,High,-79.2552758614,35.7025721296,High
22161,3536,Montgomery,41,25485.0,Eastern,52.4,2480.1,High,-79.9054790812,35.332466935,High
22163,12138,Nash,41,96101.0,Coastal,175.7,1838.5,High,-77.9864448378,35.9672502839,High
22151,951,Jones,41,9076.0,Coastal,19.5,0.0,High,-77.3551679748,35.0217248029,High
22112,24369,Cabarrus,41,232873.0,Central,625.1,1374.8,High,-80.5518508851,35.3867940405,High
22121,1000,Clay,41,11238.0,Western,51.6,2288.34,High,-83.7501767115,35.0571811284,High
22182,4275,Scotland,41,33662.0,Eastern,107.1,3528.0,High,-79.4804292418,34.8408848102,High
22149,3932,Jackson,41,41919.0,Western,87.8,1864.6,High,-83.1408496187,35.2875866253,High
22126,1715,Currituck,41,29385.0,Coastal,107.3,1344.3,High,-75.936949201,36.3672994836,High
22177,18900,Robeson,41,115899.0,Coastal,123.0,5137.4,High,-79.1038649277,34.6402420514,High
22198,4418,Yadkin,41,36925.0,Northern,111.1,1820.8,High,-80.6652439331,36.1605336919,High
22113,9988,Caldwell,41,81319.0,Northern,170.9,2504.8,High,-81.5464366451,35.9530379334,High
22143,4930,Haywood,41,62831.0,Western,112.2,3591.8,High,-82.9821729698,35.5560557128,High
22167,9089,Orange,41,148331.0,Eastern,374.0,1991.9,High,-79.120649356,36.0611182361,High
22197,10343,Wilson,41,79078.0,Coastal,214.3,2386.9,High,-77.9186629547,35.7051457145,High
22144,11090,Henderson,41,117429.0,Western,311.8,2039.7,High,-82.4799463782,35.3362263031,High
22184,4527,Stokes,41,44422.0,Northern,99.1,2146.85,High,-80.2395157151,36.4019040049,High
22123,7335,Columbus,41,49795.0,Coastal,54.0,2887.71,High,-78.6550308717,34.2656450828,High
22157,2529,Martin,41,21503.0,Coastal,48.3,2717.4,High,-77.109232267,35.843213981,High
22125,33923,Cumberland,41,341793.0,Eastern,512.9,3748.5,High,-78.8275607671,35.048611942,High
22147,679,Hyde,41,4595.0,Coastal,7.5,0.0,High,-76.1449651093,35.4081187361,High
22196,7528,Wilkes,41,65151.0,Northern,87.5,1887.3,High,-81.1633856618,36.2062757623,High
22171,1083,Perquimans,41,13049.0,Coastal,52.6,684.8,High,-76.4076199893,36.1772228503,High
22194,5177,Watauga,41,54804.0,Northern,173.1,1191.8,High,-81.6964250718,36.2311062795,High
22178,8561,Rockingham,41,90457.0,Northern,161.0,2130.4,High,-79.7749871967,36.3960127906,High
22116,2288,Caswell,41,22400.0,Eastern,53.5,317.5,High,-79.3335234769,36.3932742158,High
22153,6615,Lenoir,41,54323.0,Coastal,138.1,3246.04,High,-77.6412486292,35.2387731611,High
22175,16145,Randolph,41,143325.0,Northern,184.3,1615.5,High,-79.8060069064,35.7103417044,High
22128,18089,Davidson,41,171752.0,Northern,305.4,1757.8,High,-80.2127487756,35.7933524917,High
22133,39045,Forsyth,41,387703.0,Northern,938.1,4129.5,High,-80.256300016,36.1306195485,High
22130,7128,Duplin,41,48249.0,Coastal,59.8,2911.6,High,-77.9330277459,34.9365348363,High
22104,2394,Ashe,41,26506.0,Northern,62.3,1123.1,High,-81.5005211955,36.434424701,High
22192,1859,Warren,41,18621.0,Eastern,43.4,2235.0,High,-78.1067171324,36.3965102811,High
22193,1170,Washington,41,10708.0,Coastal,31.8,1746.8,High,-76.5693098876,35.8392646425,High
22109,10754,Brunswick,41,144821.0,Coastal,160.8,1537.1,High,-78.2274071617,34.0388755841,High
22131,27569,Durham,41,331347.0,Eastern,1133.7,3966.0,High,-78.8765926949,36.0360299243,High
22114,715,Camden,41,10537.0,Coastal,43.1,793.0,Substantial,-76.1609504039,36.3411216216,High
22154,11089,Lincoln,41,88742.0,Central,293.4,1745.2,High,-81.2235326264,35.4855950234,High
22111,10818,Burke,41,88398.0,Western,173.0,1836.1,High,-81.7047784739,35.7496106399,High
22100,19945,Alamance,41,175029.0,Northern,404.8,3065.6,High,-79.3994248175,36.0437098766,High
22155,3361,Macon,41,37041.0,Western,71.8,2077.4,High,-83.4221767088,35.1504672096,High
22173,22136,Pitt,41,173536.0,Coastal,261.0,2238.9,High,-77.3744965519,35.5932989746,High
22183,8454,Stanly,41,62143.0,Central,158.2,2425.2,High,-80.2509863077,35.3119550622,High
22158,5568,McDowell,41,44151.0,Western,101.3,2610.9,High,-82.0493124426,35.6816924709,High
22146,5440,Hoke,41,53783.0,Eastern,133.5,2028.14,High,-79.237290715,35.0175290075,High
22174,1601,Polk,41,19461.0,Western,81.3,1596.5,High,-82.1696779265,35.2792789622,High
22142,13335,Harnett,41,134986.0,Eastern,224.5,2172.6,High,-78.8694125204,35.3686291614,High
22129,4485,Davie,41,43127.0,Northern,162.0,1665.25,High,-80.5444636482,35.929110866,High
22124,9965,Craven,41,102568.0,Coastal,142.5,2112.3,High,-77.082003837,35.117685821,High
22172,3770,Person,41,39048.0,Eastern,99.7,1862.8,High,-78.9718051426,36.3900951244,High
22156,1731,Madison,41,21146.0,Western,47.1,1247.6,High,-82.7057582627,35.8580358086,High
22115,5612,Carteret,41,69039.0,Coastal,133.3,1912.1,High,-76.5357430669,34.8612598084,High
22180,8007,Rutherford,41,63870.0,Western,114.0,2009.9,High,-81.9198334642,35.4025956291,High
22138,6254,Granville,41,60720.0,Eastern,114.6,1466.3,High,-78.6527194252,36.3040698262,High
22141,5975,Halifax,41,47859.0,Coastal,67.2,2754.7,High,-77.6517329831,36.2574485453,High
22170,6136,Pender,41,62250.0,Coastal,69.1,1461.9,High,-77.8884355846,34.5150997489,High
22148,20688,Iredell,41,192986.0,Northern,325.0,1866.4,High,-80.8734378255,35.8070259189,High
22191,98062,Wake,41,1154170.0,Eastern,1353.3,1846.0,High,-78.6503081729,35.7902443741,High
22185,8978,Surry,41,70573.0,Northern,134.0,1507.5,High,-80.6880779273,36.4148205561,High
22199,1801,Yancey,41,18320.0,Western,59.1,557.0,High,-82.3076279784,35.8989479924,High
22117,21021,Catawba,41,162841.0,Northern,400.2,2802.5,High,-81.2150705598,35.662042354,High
22152,6783,Lee,41,64360.0,Eastern,248.1,1631.1,High,-79.1714836119,35.4751864248,High
22195,12222,Wayne,41,115895.0,Coastal,211.8,2813.0,High,-78.0039971272,35.3639599672,High
22134,7419,Franklin,41,70655.0,Eastern,139.4,1314.6,High,-78.2856965824,36.0827733527,High
22122,12740,Cleveland,41,99332.0,Western,214.4,2001.7,High,-81.5555471412,35.3341018022,High
22102,1132,Alleghany,41,11057.0,Northern,46.4,697.2,High,-81.1278593427,36.4912704378,High
22103,2789,Anson,41,22028.0,Central,41.5,2802.1,High,-80.102712026,34.9737894417,High
22105,2219,Avery,41,17347.0,Western,72.0,1003.4,High,-81.9226013745,36.0766050343,High
22186,1308,Swain,41,14046.0,Western,26.8,3517.8,High,-83.4927393736,35.4868150519,High
22168,1173,Pamlico,41,12215.0,Coastal,36.5,2321.5,High,-76.6694598427,35.151021226,High
22160,1521,Mitchell,41,14783.0,Western,67.4,458.42,High,-82.1635815487,36.0132038869,High
22159,124176,Mecklenburg,41,1128426.0,Central,2130.4,3736.1,High,-80.8327311406,35.2467670437,High
22169,3576,Pasquotank,41,40966.0,Coastal,178.8,2078.8,High,-76.2492413613,36.2650187228,High
22181,8675,Sampson,41,58371.0,Coastal,62.4,2241.9,High,-78.3713906105,34.9915361594,High
22136,782,Gates,41,10324.0,Coastal,30.8,750.9,High,-76.7005266521,36.4449435708,High
22179,18569,Rowan,41,148565.0,Northern,287.1,2292.8,High,-80.5247717485,35.6394734632,High
22108,4014,Bladen,41,29171.0,Coastal,33.8,2578.5,High,-78.5636493115,34.6145873342,High
22276,5395,Richmond,42,43006.0,Eastern,90.7,5508.4,High,-79.7477780226,35.0060483545,High
22229,4504,Davie,42,43127.0,Northern,162.0,1665.25,High,-80.5444636482,35.929110866,High
22285,9020,Surry,42,70573.0,Northern,134.0,1507.5,High,-80.6880779273,36.4148205561,High
22236,782,Gates,42,10324.0,Coastal,30.8,750.9,High,-76.7005266521,36.4449435708,High
22242,13419,Harnett,42,134986.0,Eastern,224.5,2172.6,High,-78.8694125204,35.3686291614,High
22202,1132,Alleghany,42,11057.0,Northern,46.4,697.2,High,-81.1278593427,36.4912704378,High
22237,762,Graham,42,7935.0,Western,27.5,8085.4,High,-83.833581803,35.350171951,High
22246,5454,Hoke,42,53783.0,Eastern,133.5,2028.14,High,-79.237290715,35.0175290075,High
22227,2587,Dare,42,37817.0,Coastal,96.3,1872.9,High,-75.6852333134,35.664936694,High
22283,8492,Stanly,42,62143.0,Central,158.2,2425.2,High,-80.2509863077,35.3119550622,High
22203,2794,Anson,42,22028.0,Central,41.5,2802.1,High,-80.102712026,34.9737894417,High
22232,5980,Edgecombe,42,48604.0,Coastal,96.7,2366.3,High,-77.5970588882,35.912880671,High
22275,16197,Randolph,42,143325.0,Northern,184.3,1615.5,High,-79.8060069064,35.7103417044,High
22241,5990,Halifax,42,47859.0,Coastal,67.2,2754.7,High,-77.6517329831,36.2574485453,High
22287,2703,Transylvania,42,32825.0,Western,87.2,978.5,High,-82.7983001279,35.2021778635,High
22298,4437,Yadkin,42,36925.0,Northern,111.1,1820.8,High,-80.6652439331,36.1605336919,High
22288,361,Tyrrell,42,3315.0,Coastal,8.3,957.2,High,-76.1704523585,35.8694070017,High
22286,1314,Swain,42,14046.0,Western,26.8,3517.8,High,-83.4927393736,35.4868150519,High
22273,22232,Pitt,42,173536.0,Coastal,261.0,2238.9,High,-77.3744965519,35.5932989746,High
22282,4297,Scotland,42,33662.0,Eastern,107.1,3528.0,High,-79.4804292418,34.8408848102,High
22214,717,Camden,42,10537.0,Coastal,43.1,793.0,Substantial,-76.1609504039,36.3411216216,High
22231,27700,Durham,42,331347.0,Eastern,1133.7,3966.0,High,-78.8765926949,36.0360299243,High
22267,9117,Orange,42,148331.0,Eastern,374.0,1991.9,High,-79.120649356,36.0611182361,High
22218,5218,Chatham,42,77095.0,Eastern,111.9,1456.0,High,-79.2552758614,35.7025721296,High
22272,3784,Person,42,39048.0,Eastern,99.7,1862.8,High,-78.9718051426,36.3900951244,High
22270,6150,Pender,42,62250.0,Coastal,69.1,1461.9,High,-77.8884355846,34.5150997489,High
22228,18149,Davidson,42,171752.0,Northern,305.4,1757.8,High,-80.2127487756,35.7933524917,High
22294,5186,Watauga,42,54804.0,Northern,173.1,1191.8,High,-81.6964250718,36.2311062795,High
22213,10016,Caldwell,42,81319.0,Northern,170.9,2504.8,High,-81.5464366451,35.9530379334,High
22271,1088,Perquimans,42,13049.0,Coastal,52.6,684.8,High,-76.4076199893,36.1772228503,High
22274,1608,Polk,42,19461.0,Western,81.3,1596.5,High,-82.1696779265,35.2792789622,High
22269,3597,Pasquotank,42,40966.0,Coastal,178.8,2078.8,High,-76.2492413613,36.2650187228,High
22296,7558,Wilkes,42,65151.0,Northern,87.5,1887.3,High,-81.1633856618,36.2062757623,High
22247,680,Hyde,42,4595.0,Coastal,7.5,0.0,High,-76.1449651093,35.4081187361,High
22268,1177,Pamlico,42,12215.0,Coastal,36.5,2321.5,High,-76.6694598427,35.151021226,High
22207,1850,Bertie,42,17302.0,Coastal,25.7,1594.6,High,-76.9667121404,36.0656302022,High
22219,2980,Cherokee,42,28738.0,Western,63.2,3613.3,High,-84.063444228,35.1338574515,High
22216,2293,Caswell,42,22400.0,Eastern,53.5,317.5,High,-79.3335234769,36.3932742158,High
22284,4542,Stokes,42,44422.0,Northern,99.1,2146.85,High,-80.2395157151,36.4019040049,High
22250,24328,Johnston,42,224833.0,Coastal,272.7,1547.3,High,-78.3657109025,35.5178069265,High
22208,4046,Bladen,42,29171.0,Coastal,33.8,2578.5,High,-78.5636493115,34.6145873342,High
22297,10357,Wilson,42,79078.0,Coastal,214.3,2386.9,High,-77.9186629547,35.7051457145,High
22217,21136,Catawba,42,162841.0,Northern,400.2,2802.5,High,-81.2150705598,35.662042354,High
22266,19720,Onslow,42,207928.0,Coastal,268.4,2191.23,High,-77.4157658244,34.709836363,High
22248,20773,Iredell,42,192986.0,Northern,325.0,1866.4,High,-80.8734378255,35.8070259189,High
22209,10831,Brunswick,42,144821.0,Coastal,160.8,1537.1,High,-78.2274071617,34.0388755841,High
22201,4764,Alexander,42,36172.0,Northern,140.2,1440.7,High,-81.1770268506,35.9210263138,High
22295,12260,Wayne,42,115895.0,Coastal,211.8,2813.0,High,-78.0039971272,35.3639599672,High
22215,5670,Carteret,42,69039.0,Coastal,133.3,1912.1,High,-76.5357430669,34.8612598084,High
22249,3971,Jackson,42,41919.0,Western,87.8,1864.6,High,-83.1408496187,35.2875866253,High
22265,1958,Northampton,42,16953.0,Eastern,32.6,2092.6,High,-77.3968212099,36.4177312434,High
22245,2169,Hertford,42,20374.0,Coastal,61.0,2281.6,High,-76.9807147831,36.3586360305,High
22264,21231,New Hanover,42,230423.0,Coastal,1174.0,2612.3,High,-77.865597569,34.1815553357,High
22290,5164,Vance,42,41665.0,Eastern,168.7,3584.5,High,-78.4079288849,36.3649169333,High
22291,98449,Wake,42,1154170.0,Eastern,1353.3,1846.0,High,-78.6503081729,35.7902443741,High
22206,4963,Beaufort,42,44150.0,Coastal,53.6,2157.95,Substantial,-76.8453144055,35.486983815,High
22279,18642,Rowan,42,148565.0,Northern,287.1,2292.8,High,-80.5247717485,35.6394734632,High
22251,947,Jones,42,9076.0,Coastal,19.5,0.0,High,-77.3551679748,35.0217248029,High
22234,7458,Franklin,42,70655.0,Eastern,139.4,1314.6,High,-78.2856965824,36.0827733527,High
22243,4957,Haywood,42,62831.0,Western,112.2,3591.8,High,-82.9821729698,35.5560557128,High
22210,19660,Buncombe,42,271638.0,Western,410.4,3012.8,High,-82.5301070587,35.611177887,High
22254,11153,Lincoln,42,88742.0,Central,293.4,1745.2,High,-81.2235326264,35.4855950234,High
22289,26966,Union,42,244960.0,Central,376.6,1582.3,High,-80.5307400446,34.9883574887,High
22299,1835,Yancey,42,18320.0,Western,59.1,557.0,High,-82.3076279784,35.8989479924,High
22281,8704,Sampson,42,58371.0,Coastal,62.4,2241.9,High,-78.3713906105,34.9915361594,High
22255,3373,Macon,42,37041.0,Western,71.8,2077.4,High,-83.4221767088,35.1504672096,High
22252,6812,Lee,42,64360.0,Eastern,248.1,1631.1,High,-79.1714836119,35.4751864248,High
22222,12801,Cleveland,42,99332.0,Western,214.4,2001.7,High,-81.5555471412,35.3341018022,High
22292,1866,Warren,42,18621.0,Eastern,43.4,2235.0,High,-78.1067171324,36.3965102811,High
22262,9926,Moore,42,102966.0,Eastern,142.9,1617.3,High,-79.4813744392,35.3106538555,High
22211,10901,Burke,42,88398.0,Western,173.0,1836.1,High,-81.7047784739,35.7496106399,High
22256,1729,Madison,42,21146.0,Western,47.1,1247.6,High,-82.7057582627,35.8580358086,High
22205,2219,Avery,42,17347.0,Western,72.0,1003.4,High,-81.9226013745,36.0766050343,High
22278,8592,Rockingham,42,90457.0,Northern,161.0,2130.4,High,-79.7749871967,36.3960127906,High
22260,1530,Mitchell,42,14783.0,Western,67.4,458.42,High,-82.1635815487,36.0132038869,High
22200,20012,Alamance,42,175029.0,Northern,404.8,3065.6,High,-79.3994248175,36.0437098766,High
22238,6268,Granville,42,60720.0,Eastern,114.6,1466.3,High,-78.6527194252,36.3040698262,High
22235,29063,Gaston,42,233387.0,Central,640.7,2912.4,High,-81.1802416273,35.2943489527,High
22239,2579,Greene,42,19978.0,Coastal,76.7,1640.3,High,-77.6757626742,35.4849957203,High
22224,10012,Craven,42,102568.0,Coastal,142.5,2112.3,High,-77.082003837,35.117685821,High
22212,24453,Cabarrus,42,232873.0,Central,625.1,1374.8,High,-80.5518508851,35.3867940405,High
22221,1001,Clay,42,11238.0,Western,51.6,2288.34,High,-83.7501767115,35.0571811284,High
22261,3540,Montgomery,42,25485.0,Eastern,52.4,2480.1,High,-79.9054790812,35.332466935,High
22226,1733,Currituck,42,29385.0,Coastal,107.3,1344.3,High,-75.936949201,36.3672994836,High
22259,124784,Mecklenburg,42,1128426.0,Central,2130.4,3736.1,High,-80.8327311406,35.2467670437,High
22204,2396,Ashe,42,26506.0,Northern,62.3,1123.1,High,-81.5005211955,36.434424701,High
22280,8051,Rutherford,42,63870.0,Western,114.0,2009.9,High,-81.9198334642,35.4025956291,High
22225,34135,Cumberland,42,341793.0,Eastern,512.9,3748.5,High,-78.8275607671,35.048611942,High
22220,1595,Chowan,42,13646.0,Coastal,79.4,1402.6,High,-76.6021303656,36.1265615389,High
22240,51526,Guilford,42,545484.0,Northern,838.0,3371.1,High,-79.7889042685,36.0794717315,High
22258,5595,McDowell,42,44151.0,Western,101.3,2610.9,High,-82.0493124426,35.6816924709,High
22244,11181,Henderson,42,117429.0,Western,311.8,2039.7,High,-82.4799463782,35.3362263031,High
22293,1175,Washington,42,10708.0,Coastal,31.8,1746.8,High,-76.5693098876,35.8392646425,High
22230,7177,Duplin,42,48249.0,Coastal,59.8,2911.6,High,-77.9330277459,34.9365348363,High
22277,18993,Robeson,42,115899.0,Coastal,123.0,5137.4,High,-79.1038649277,34.6402420514,High
22253,6661,Lenoir,42,54323.0,Coastal,138.1,3246.04,High,-77.6412486292,35.2387731611,High
22223,7422,Columbus,42,49795.0,Coastal,54.0,2887.71,High,-78.6550308717,34.2656450828,High
22257,2562,Martin,42,21503.0,Coastal,48.3,2717.4,High,-77.109232267,35.843213981,High
22233,39160,Forsyth,42,387703.0,Northern,938.1,4129.5,High,-80.256300016,36.1306195485,High
22263,12154,Nash,42,96101.0,Coastal,175.7,1838.5,High,-77.9864448378,35.9672502839,High
22367,9152,Orange,43,148331.0,Eastern,374.0,1991.9,High,-79.120649356,36.0611182361,High
22372,3804,Person,43,39048.0,Eastern,99.7,1862.8,High,-78.9718051426,36.3900951244,High
22397,10396,Wilson,43,79078.0,Coastal,214.3,2386.9,High,-77.9186629547,35.7051457145,High
22370,6181,Pender,43,62250.0,Coastal,69.1,1461.9,High,-77.8884355846,34.5150997489,High
22386,1315,Swain,43,14046.0,Western,26.8,3517.8,High,-83.4927393736,35.4868150519,High
22384,4568,Stokes,43,44422.0,Northern,99.1,2146.85,High,-80.2395157151,36.4019040049,High
22378,8625,Rockingham,43,90457.0,Northern,161.0,2130.4,High,-79.7749871967,36.3960127906,High
22305,2222,Avery,43,17347.0,Western,72.0,1003.4,High,-81.9226013745,36.0766050343,High
22360,1534,Mitchell,43,14783.0,Western,67.4,458.42,High,-82.1635815487,36.0132038869,High
22382,4316,Scotland,43,33662.0,Eastern,107.1,3528.0,High,-79.4804292418,34.8408848102,High
22357,2575,Martin,43,21503.0,Coastal,48.3,2717.4,High,-77.109232267,35.843213981,High
22371,1093,Perquimans,43,13049.0,Coastal,52.6,684.8,High,-76.4076199893,36.1772228503,High
22333,39368,Forsyth,43,387703.0,Northern,938.1,4129.5,High,-80.256300016,36.1306195485,High
22344,11254,Henderson,43,117429.0,Western,311.8,2039.7,High,-82.4799463782,35.3362263031,High
22339,2589,Greene,43,19978.0,Coastal,76.7,1640.3,High,-77.6757626742,35.4849957203,High
22324,10057,Craven,43,102568.0,Coastal,142.5,2112.3,High,-77.082003837,35.117685821,High
22334,7482,Franklin,43,70655.0,Eastern,139.4,1314.6,High,-78.2856965824,36.0827733527,High
22318,5268,Chatham,43,77095.0,Eastern,111.9,1456.0,High,-79.2552758614,35.7025721296,High
22321,1004,Clay,43,11238.0,Western,51.6,2288.34,High,-83.7501767115,35.0571811284,High
22393,1178,Washington,43,10708.0,Coastal,31.8,1746.8,High,-76.5693098876,35.8392646425,High
22349,3991,Jackson,43,41919.0,Western,87.8,1864.6,High,-83.1408496187,35.2875866253,High
22394,5203,Watauga,43,54804.0,Northern,173.1,1191.8,High,-81.6964250718,36.2311062795,High
22374,1618,Polk,43,19461.0,Western,81.3,1596.5,High,-82.1696779265,35.2792789622,High
22361,3555,Montgomery,43,25485.0,Eastern,52.4,2480.1,High,-79.9054790812,35.332466935,High
22395,12326,Wayne,43,115895.0,Coastal,211.8,2813.0,High,-78.0039971272,35.3639599672,High
22390,5183,Vance,43,41665.0,Eastern,168.7,3584.5,High,-78.4079288849,36.3649169333,High
22303,2802,Anson,43,22028.0,Central,41.5,2802.1,High,-80.102712026,34.9737894417,High
22347,684,Hyde,43,4595.0,Coastal,7.5,0.0,High,-76.1449651093,35.4081187361,High
22356,1743,Madison,43,21146.0,Western,47.1,1247.6,High,-82.7057582627,35.8580358086,High
22308,4112,Bladen,43,29171.0,Coastal,33.8,2578.5,High,-78.5636493115,34.6145873342,High
22304,2405,Ashe,43,26506.0,Northern,62.3,1123.1,High,-81.5005211955,36.434424701,High
22358,5618,McDowell,43,44151.0,Western,101.3,2610.9,High,-82.0493124426,35.6816924709,High
22369,3620,Pasquotank,43,40966.0,Coastal,178.8,2078.8,High,-76.2492413613,36.2650187228,High
22391,99063,Wake,43,1154170.0,Eastern,1353.3,1846.0,High,-78.6503081729,35.7902443741,High
22341,6011,Halifax,43,47859.0,Coastal,67.2,2754.7,High,-77.6517329831,36.2574485453,High
22375,16312,Randolph,43,143325.0,Northern,184.3,1615.5,High,-79.8060069064,35.7103417044,High
22399,1864,Yancey,43,18320.0,Western,59.1,557.0,High,-82.3076279784,35.8989479924,High
22392,1869,Warren,43,18621.0,Eastern,43.4,2235.0,High,-78.1067171324,36.3965102811,High
22330,7265,Duplin,43,48249.0,Coastal,59.8,2911.6,High,-77.9330277459,34.9365348363,High
22343,4978,Haywood,43,62831.0,Western,112.2,3591.8,High,-82.9821729698,35.5560557128,High
22380,8099,Rutherford,43,63870.0,Western,114.0,2009.9,High,-81.9198334642,35.4025956291,High
22323,7495,Columbus,43,49795.0,Coastal,54.0,2887.71,High,-78.6550308717,34.2656450828,High
22328,18273,Davidson,43,171752.0,Northern,305.4,1757.8,High,-80.2127487756,35.7933524917,High
22383,8529,Stanly,43,62143.0,Central,158.2,2425.2,High,-80.2509863077,35.3119550622,High
22368,1188,Pamlico,43,12215.0,Coastal,36.5,2321.5,High,-76.6694598427,35.151021226,High
22309,10954,Brunswick,43,144821.0,Coastal,160.8,1537.1,High,-78.2274071617,34.0388755841,High
22329,4542,Davie,43,43127.0,Northern,162.0,1665.25,High,-80.5444636482,35.929110866,High
22317,21218,Catawba,43,162841.0,Northern,400.2,2802.5,High,-81.2150705598,35.662042354,High
22352,6836,Lee,43,64360.0,Eastern,248.1,1631.1,High,-79.1714836119,35.4751864248,High
22348,20900,Iredell,43,192986.0,Northern,325.0,1866.4,High,-80.8734378255,35.8070259189,High
22322,12877,Cleveland,43,99332.0,Western,214.4,2001.7,High,-81.5555471412,35.3341018022,High
22325,34317,Cumberland,43,341793.0,Eastern,512.9,3748.5,High,-78.8275607671,35.048611942,High
22353,6710,Lenoir,43,54323.0,Coastal,138.1,3246.04,High,-77.6412486292,35.2387731611,High
22385,9086,Surry,43,70573.0,Northern,134.0,1507.5,High,-80.6880779273,36.4148205561,High
22359,125408,Mecklenburg,43,1128426.0,Central,2130.4,3736.1,High,-80.8327311406,35.2467670437,High
22336,784,Gates,43,10324.0,Coastal,30.8,750.9,High,-76.7005266521,36.4449435708,High
22315,5728,Carteret,43,69039.0,Coastal,133.3,1912.1,High,-76.5357430669,34.8612598084,High
22302,1134,Alleghany,43,11057.0,Northern,46.4,697.2,High,-81.1278593427,36.4912704378,High
22316,2303,Caswell,43,22400.0,Eastern,53.5,317.5,High,-79.3335234769,36.3932742158,High
22307,1858,Bertie,43,17302.0,Coastal,25.7,1594.6,High,-76.9667121404,36.0656302022,High
22337,768,Graham,43,7935.0,Western,27.5,8085.4,High,-83.833581803,35.350171951,High
22351,952,Jones,43,9076.0,Coastal,19.5,0.0,High,-77.3551679748,35.0217248029,High
22376,5426,Richmond,43,43006.0,Eastern,90.7,5508.4,High,-79.7477780226,35.0060483545,High
22366,19813,Onslow,43,207928.0,Coastal,268.4,2191.23,High,-77.4157658244,34.709836363,High
22313,10052,Caldwell,43,81319.0,Northern,170.9,2504.8,High,-81.5464366451,35.9530379334,High
22355,3387,Macon,43,37041.0,Western,71.8,2077.4,High,-83.4221767088,35.1504672096,High
22314,719,Camden,43,10537.0,Coastal,43.1,793.0,Substantial,-76.1609504039,36.3411216216,High
22300,20079,Alamance,43,175029.0,Northern,404.8,3065.6,High,-79.3994248175,36.0437098766,High
22332,6008,Edgecombe,43,48604.0,Coastal,96.7,2366.3,High,-77.5970588882,35.912880671,High
22363,12181,Nash,43,96101.0,Coastal,175.7,1838.5,High,-77.9864448378,35.9672502839,High
22398,4462,Yadkin,43,36925.0,Northern,111.1,1820.8,High,-80.6652439331,36.1605336919,High
22320,1599,Chowan,43,13646.0,Coastal,79.4,1402.6,High,-76.6021303656,36.1265615389,High
22301,4794,Alexander,43,36172.0,Northern,140.2,1440.7,High,-81.1770268506,35.9210263138,High
22335,29190,Gaston,43,233387.0,Central,640.7,2912.4,High,-81.1802416273,35.2943489527,High
22319,2999,Cherokee,43,28738.0,Western,63.2,3613.3,High,-84.063444228,35.1338574515,High
22346,5471,Hoke,43,53783.0,Eastern,133.5,2028.14,High,-79.237290715,35.0175290075,High
22364,21325,New Hanover,43,230423.0,Coastal,1174.0,2612.3,High,-77.865597569,34.1815553357,High
22377,19113,Robeson,43,115899.0,Coastal,123.0,5137.4,High,-79.1038649277,34.6402420514,High
22389,27122,Union,43,244960.0,Central,376.6,1582.3,High,-80.5307400446,34.9883574887,High
22327,2601,Dare,43,37817.0,Coastal,96.3,1872.9,High,-75.6852333134,35.664936694,High
22311,10953,Burke,43,88398.0,Western,173.0,1836.1,High,-81.7047784739,35.7496106399,High
22338,6279,Granville,43,60720.0,Eastern,114.6,1466.3,High,-78.6527194252,36.3040698262,High
22312,24582,Cabarrus,43,232873.0,Central,625.1,1374.8,High,-80.5518508851,35.3867940405,High
22388,366,Tyrrell,43,3315.0,Coastal,8.3,957.2,High,-76.1704523585,35.8694070017,High
22350,24491,Johnston,43,224833.0,Coastal,272.7,1547.3,High,-78.3657109025,35.5178069265,High
22340,51696,Guilford,43,545484.0,Northern,838.0,3371.1,High,-79.7889042685,36.0794717315,High
22373,22366,Pitt,43,173536.0,Coastal,261.0,2238.9,High,-77.3744965519,35.5932989746,High
22310,19729,Buncombe,43,271638.0,Western,410.4,3012.8,High,-82.5301070587,35.611177887,High
22342,13487,Harnett,43,134986.0,Eastern,224.5,2172.6,High,-78.8694125204,35.3686291614,High
22381,8779,Sampson,43,58371.0,Coastal,62.4,2241.9,High,-78.3713906105,34.9915361594,High
22326,1738,Currituck,43,29385.0,Coastal,107.3,1344.3,High,-75.936949201,36.3672994836,High
22345,2180,Hertford,43,20374.0,Coastal,61.0,2281.6,High,-76.9807147831,36.3586360305,High
22379,18726,Rowan,43,148565.0,Northern,287.1,2292.8,High,-80.5247717485,35.6394734632,High
22331,27700,Durham,43,331347.0,Eastern,1133.7,3966.0,High,-78.8765926949,36.0360299243,High
22365,1965,Northampton,43,16953.0,Eastern,32.6,2092.6,High,-77.3968212099,36.4177312434,High
22387,2714,Transylvania,43,32825.0,Western,87.2,978.5,High,-82.7983001279,35.2021778635,High
22396,7643,Wilkes,43,65151.0,Northern,87.5,1887.3,High,-81.1633856618,36.2062757623,High
22362,10004,Moore,43,102966.0,Eastern,142.9,1617.3,High,-79.4813744392,35.3106538555,High
22354,11201,Lincoln,43,88742.0,Central,293.4,1745.2,High,-81.2235326264,35.4855950234,High
22306,4979,Beaufort,43,44150.0,Coastal,53.6,2157.95,Substantial,-76.8453144055,35.486983815,High
22406,5006,Beaufort,44,44150.0,Coastal,53.6,2157.95,High,-76.8453144055,35.486983815,High
22469,3630,Pasquotank,44,40966.0,Coastal,178.8,2078.8,High,-76.2492413613,36.2650187228,High
22436,787,Gates,44,10324.0,Coastal,30.8,750.9,High,-76.7005266521,36.4449435708,High
22419,3034,Cherokee,44,28738.0,Western,63.2,3613.3,High,-84.063444228,35.1338574515,High
22458,5652,McDowell,44,44151.0,Western,101.3,2610.9,High,-82.0493124426,35.6816924709,High
22477,19250,Robeson,44,115899.0,Coastal,123.0,5137.4,High,-79.1038649277,34.6402420514,High
22414,724,Camden,44,10537.0,Coastal,43.1,793.0,High,-76.1609504039,36.3411216216,High
22437,776,Graham,44,7935.0,Western,27.5,8085.4,High,-83.833581803,35.350171951,High
22475,16389,Randolph,44,143325.0,Northern,184.3,1615.5,High,-79.8060069064,35.7103417044,High
22473,22511,Pitt,44,173536.0,Coastal,261.0,2238.9,High,-77.3744965519,35.5932989746,High
22499,1868,Yancey,44,18320.0,Western,59.1,557.0,High,-82.3076279784,35.8989479924,High
22408,4149,Bladen,44,29171.0,Coastal,33.8,2578.5,High,-78.5636493115,34.6145873342,High
22491,99719,Wake,44,1154170.0,Eastern,1353.3,1846.0,High,-78.6503081729,35.7902443741,High
22497,10427,Wilson,44,79078.0,Coastal,214.3,2386.9,High,-77.9186629547,35.7051457145,High
22454,11257,Lincoln,44,88742.0,Central,293.4,1745.2,High,-81.2235326264,35.4855950234,High
22424,10088,Craven,44,102568.0,Coastal,142.5,2112.3,High,-77.082003837,35.117685821,High
22441,6047,Halifax,44,47859.0,Coastal,67.2,2754.7,High,-77.6517329831,36.2574485453,High
22444,11353,Henderson,44,117429.0,Western,311.8,2039.7,High,-82.4799463782,35.3362263031,High
22440,51980,Guilford,44,545484.0,Northern,838.0,3371.1,High,-79.7889042685,36.0794717315,High
22494,5216,Watauga,44,54804.0,Northern,173.1,1191.8,High,-81.6964250718,36.2311062795,High
22479,18875,Rowan,44,148565.0,Northern,287.1,2292.8,High,-80.5247717485,35.6394734632,High
22481,8838,Sampson,44,58371.0,Coastal,62.4,2241.9,High,-78.3713906105,34.9915361594,High
22474,1631,Polk,44,19461.0,Western,81.3,1596.5,High,-82.1696779265,35.2792789622,High
22404,2426,Ashe,44,26506.0,Northern,62.3,1123.1,High,-81.5005211955,36.434424701,High
22457,2588,Martin,44,21503.0,Coastal,48.3,2717.4,High,-77.109232267,35.843213981,High
22484,4585,Stokes,44,44422.0,Northern,99.1,2146.85,High,-80.2395157151,36.4019040049,High
22470,6232,Pender,44,62250.0,Coastal,69.1,1461.9,High,-77.8884355846,34.5150997489,High
22450,24652,Johnston,44,224833.0,Coastal,272.7,1547.3,High,-78.3657109025,35.5178069265,High
22493,1182,Washington,44,10708.0,Coastal,31.8,1746.8,High,-76.5693098876,35.8392646425,High
22480,8148,Rutherford,44,63870.0,Western,114.0,2009.9,High,-81.9198334642,35.4025956291,High
22488,368,Tyrrell,44,3315.0,Coastal,8.3,957.2,High,-76.1704523585,35.8694070017,High
22409,11056,Brunswick,44,144821.0,Coastal,160.8,1537.1,High,-78.2274071617,34.0388755841,High
22496,7702,Wilkes,44,65151.0,Northern,87.5,1887.3,High,-81.1633856618,36.2062757623,High
22463,12207,Nash,44,96101.0,Coastal,175.7,1838.5,High,-77.9864448378,35.9672502839,High
22416,2311,Caswell,44,22400.0,Eastern,53.5,317.5,High,-79.3335234769,36.3932742158,High
22447,687,Hyde,44,4595.0,Coastal,7.5,0.0,High,-76.1449651093,35.4081187361,High
22425,34538,Cumberland,44,341793.0,Eastern,512.9,3748.5,High,-78.8275607671,35.048611942,High
22453,6762,Lenoir,44,54323.0,Coastal,138.1,3246.04,High,-77.6412486292,35.2387731611,High
22498,4482,Yadkin,44,36925.0,Northern,111.1,1820.8,High,-80.6652439331,36.1605336919,High
22420,1602,Chowan,44,13646.0,Coastal,79.4,1402.6,High,-76.6021303656,36.1265615389,High
22464,21486,New Hanover,44,230423.0,Coastal,1174.0,2612.3,High,-77.865597569,34.1815553357,High
22431,27978,Durham,44,331347.0,Eastern,1133.7,3966.0,High,-78.8765926949,36.0360299243,High
22430,7325,Duplin,44,48249.0,Coastal,59.8,2911.6,High,-77.9330277459,34.9365348363,High
22423,7529,Columbus,44,49795.0,Coastal,54.0,2887.71,High,-78.6550308717,34.2656450828,High
22476,5452,Richmond,44,43006.0,Eastern,90.7,5508.4,High,-79.7477780226,35.0060483545,High
22433,39568,Forsyth,44,387703.0,Northern,938.1,4129.5,High,-80.256300016,36.1306195485,High
22428,18397,Davidson,44,171752.0,Northern,305.4,1757.8,High,-80.2127487756,35.7933524917,High
22471,1097,Perquimans,44,13049.0,Coastal,52.6,684.8,High,-76.4076199893,36.1772228503,High
22451,951,Jones,44,9076.0,Coastal,19.5,0.0,High,-77.3551679748,35.0217248029,High
22435,29368,Gaston,44,233387.0,Central,640.7,2912.4,High,-81.1802416273,35.2943489527,High
22443,5025,Haywood,44,62831.0,Western,112.2,3591.8,High,-82.9821729698,35.5560557128,High
22486,1326,Swain,44,14046.0,Western,26.8,3517.8,High,-83.4927393736,35.4868150519,High
22400,20202,Alamance,44,175029.0,Northern,404.8,3065.6,High,-79.3994248175,36.0437098766,High
22482,4337,Scotland,44,33662.0,Eastern,107.1,3528.0,High,-79.4804292418,34.8408848102,High
22401,4812,Alexander,44,36172.0,Northern,140.2,1440.7,High,-81.1770268506,35.9210263138,High
22472,3827,Person,44,39048.0,Eastern,99.7,1862.8,High,-78.9718051426,36.3900951244,High
22467,9192,Orange,44,148331.0,Eastern,374.0,1991.9,High,-79.120649356,36.0611182361,High
22412,24737,Cabarrus,44,232873.0,Central,625.1,1374.8,High,-80.5518508851,35.3867940405,High
22460,1544,Mitchell,44,14783.0,Western,67.4,458.42,High,-82.1635815487,36.0132038869,High
22466,19935,Onslow,44,207928.0,Coastal,268.4,2191.23,High,-77.4157658244,34.709836363,High
22403,2815,Anson,44,22028.0,Central,41.5,2802.1,High,-80.102712026,34.9737894417,High
22438,6294,Granville,44,60720.0,Eastern,114.6,1466.3,High,-78.6527194252,36.3040698262,High
22439,2609,Greene,44,19978.0,Coastal,76.7,1640.3,High,-77.6757626742,35.4849957203,High
22487,2743,Transylvania,44,32825.0,Western,87.2,978.5,High,-82.7983001279,35.2021778635,High
22434,7511,Franklin,44,70655.0,Eastern,139.4,1314.6,High,-78.2856965824,36.0827733527,High
22445,2193,Hertford,44,20374.0,Coastal,61.0,2281.6,High,-76.9807147831,36.3586360305,High
22421,1011,Clay,44,11238.0,Western,51.6,2288.34,High,-83.7501767115,35.0571811284,High
22411,11014,Burke,44,88398.0,Western,173.0,1836.1,High,-81.7047784739,35.7496106399,High
22449,4024,Jackson,44,41919.0,Western,87.8,1864.6,High,-83.1408496187,35.2875866253,High
22483,8579,Stanly,44,62143.0,Central,158.2,2425.2,High,-80.2509863077,35.3119550622,High
22426,1744,Currituck,44,29385.0,Coastal,107.3,1344.3,High,-75.936949201,36.3672994836,High
22442,13607,Harnett,44,134986.0,Eastern,224.5,2172.6,High,-78.8694125204,35.3686291614,High
22495,12372,Wayne,44,115895.0,Coastal,211.8,2813.0,High,-78.0039971272,35.3639599672,High
22407,1868,Bertie,44,17302.0,Coastal,25.7,1594.6,High,-76.9667121404,36.0656302022,High
22418,5296,Chatham,44,77095.0,Eastern,111.9,1456.0,High,-79.2552758614,35.7025721296,High
22461,3575,Montgomery,44,25485.0,Eastern,52.4,2480.1,High,-79.9054790812,35.332466935,High
22405,2226,Avery,44,17347.0,Western,72.0,1003.4,Substantial,-81.9226013745,36.0766050343,High
22492,1874,Warren,44,18621.0,Eastern,43.4,2235.0,High,-78.1067171324,36.3965102811,High
22446,5514,Hoke,44,53783.0,Eastern,133.5,2028.14,High,-79.237290715,35.0175290075,High
22429,4574,Davie,44,43127.0,Northern,162.0,1665.25,High,-80.5444636482,35.929110866,High
22448,21030,Iredell,44,192986.0,Northern,325.0,1866.4,High,-80.8734378255,35.8070259189,High
22432,6019,Edgecombe,44,48604.0,Coastal,96.7,2366.3,High,-77.5970588882,35.912880671,High
22455,3403,Macon,44,37041.0,Western,71.8,2077.4,High,-83.4221767088,35.1504672096,High
22427,2609,Dare,44,37817.0,Coastal,96.3,1872.9,High,-75.6852333134,35.664936694,High
22485,9119,Surry,44,70573.0,Northern,134.0,1507.5,High,-80.6880779273,36.4148205561,High
22417,21361,Catawba,44,162841.0,Northern,400.2,2802.5,High,-81.2150705598,35.662042354,High
22462,10088,Moore,44,102966.0,Eastern,142.9,1617.3,High,-79.4813744392,35.3106538555,High
22415,5804,Carteret,44,69039.0,Coastal,133.3,1912.1,High,-76.5357430669,34.8612598084,High
22459,126019,Mecklenburg,44,1128426.0,Central,2130.4,3736.1,High,-80.8327311406,35.2467670437,High
22413,10107,Caldwell,44,81319.0,Northern,170.9,2504.8,High,-81.5464366451,35.9530379334,High
22490,5204,Vance,44,41665.0,Eastern,168.7,3584.5,High,-78.4079288849,36.3649169333,High
22452,6894,Lee,44,64360.0,Eastern,248.1,1631.1,High,-79.1714836119,35.4751864248,High
22410,19878,Buncombe,44,271638.0,Western,410.4,3012.8,High,-82.5301070587,35.611177887,High
22489,27288,Union,44,244960.0,Central,376.6,1582.3,High,-80.5307400446,34.9883574887,High
22402,1138,Alleghany,44,11057.0,Northern,46.4,697.2,High,-81.1278593427,36.4912704378,High
22468,1191,Pamlico,44,12215.0,Coastal,36.5,2321.5,High,-76.6694598427,35.151021226,High
22456,1757,Madison,44,21146.0,Western,47.1,1247.6,High,-82.7057582627,35.8580358086,High
22478,8678,Rockingham,44,90457.0,Northern,161.0,2130.4,High,-79.7749871967,36.3960127906,High
22422,12943,Cleveland,44,99332.0,Western,214.4,2001.7,High,-81.5555471412,35.3341018022,High
22465,1978,Northampton,44,16953.0,Eastern,32.6,2092.6,High,-77.3968212099,36.4177312434,High
22573,22511,Pitt,45,173536.0,Coastal,261.0,2238.9,High,-77.3744965519,35.5932989746,High
22542,13607,Harnett,45,134986.0,Eastern,224.5,2172.6,High,-78.8694125204,35.3686291614,High
22511,11014,Burke,45,88398.0,Western,173.0,1836.1,High,-81.7047784739,35.7496106399,High
22583,8579,Stanly,45,62143.0,Central,158.2,2425.2,High,-80.2509863077,35.3119550622,High
22524,10088,Craven,45,102568.0,Coastal,142.5,2112.3,High,-77.082003837,35.117685821,High
22584,4585,Stokes,45,44422.0,Northern,99.1,2146.85,High,-80.2395157151,36.4019040049,High
22592,1874,Warren,45,18621.0,Eastern,43.4,2235.0,High,-78.1067171324,36.3965102811,High
22525,34538,Cumberland,45,341793.0,Eastern,512.9,3748.5,High,-78.8275607671,35.048611942,High
22547,687,Hyde,45,4595.0,Coastal,7.5,0.0,High,-76.1449651093,35.4081187361,High
22572,3827,Person,45,39048.0,Eastern,99.7,1862.8,High,-78.9718051426,36.3900951244,High
22594,5216,Watauga,45,54804.0,Northern,173.1,1191.8,High,-81.6964250718,36.2311062795,High
22555,3403,Macon,45,37041.0,Western,71.8,2077.4,High,-83.4221767088,35.1504672096,High
22596,7702,Wilkes,45,65151.0,Northern,87.5,1887.3,High,-81.1633856618,36.2062757623,High
22538,6294,Granville,45,60720.0,Eastern,114.6,1466.3,High,-78.6527194252,36.3040698262,High
22523,7529,Columbus,45,49795.0,Coastal,54.0,2887.71,High,-78.6550308717,34.2656450828,High
22546,5514,Hoke,45,53783.0,Eastern,133.5,2028.14,High,-79.237290715,35.0175290075,High
22514,724,Camden,45,10537.0,Coastal,43.1,793.0,High,-76.1609504039,36.3411216216,High
22556,1757,Madison,45,21146.0,Western,47.1,1247.6,High,-82.7057582627,35.8580358086,High
22554,11257,Lincoln,45,88742.0,Central,293.4,1745.2,High,-81.2235326264,35.4855950234,High
22500,20202,Alamance,45,175029.0,Northern,404.8,3065.6,High,-79.3994248175,36.0437098766,High
22531,27978,Durham,45,331347.0,Eastern,1133.7,3966.0,High,-78.8765926949,36.0360299243,High
22515,5804,Carteret,45,69039.0,Coastal,133.3,1912.1,High,-76.5357430669,34.8612598084,High
22529,4574,Davie,45,43127.0,Northern,162.0,1665.25,High,-80.5444636482,35.929110866,High
22598,4482,Yadkin,45,36925.0,Northern,111.1,1820.8,High,-80.6652439331,36.1605336919,High
22504,2426,Ashe,45,26506.0,Northern,62.3,1123.1,High,-81.5005211955,36.434424701,High
22501,4812,Alexander,45,36172.0,Northern,140.2,1440.7,High,-81.1770268506,35.9210263138,High
22512,24737,Cabarrus,45,232873.0,Central,625.1,1374.8,High,-80.5518508851,35.3867940405,High
22566,19935,Onslow,45,207928.0,Coastal,268.4,2191.23,High,-77.4157658244,34.709836363,High
22587,2743,Transylvania,45,32825.0,Western,87.2,978.5,High,-82.7983001279,35.2021778635,High
22545,2193,Hertford,45,20374.0,Coastal,61.0,2281.6,High,-76.9807147831,36.3586360305,High
22526,1744,Currituck,45,29385.0,Coastal,107.3,1344.3,High,-75.936949201,36.3672994836,High
22595,12372,Wayne,45,115895.0,Coastal,211.8,2813.0,High,-78.0039971272,35.3639599672,High
22518,5296,Chatham,45,77095.0,Eastern,111.9,1456.0,High,-79.2552758614,35.7025721296,High
22534,7511,Franklin,45,70655.0,Eastern,139.4,1314.6,High,-78.2856965824,36.0827733527,High
22561,3575,Montgomery,45,25485.0,Eastern,52.4,2480.1,High,-79.9054790812,35.332466935,High
22507,1868,Bertie,45,17302.0,Coastal,25.7,1594.6,High,-76.9667121404,36.0656302022,High
22549,4024,Jackson,45,41919.0,Western,87.8,1864.6,High,-83.1408496187,35.2875866253,High
22521,1011,Clay,45,11238.0,Western,51.6,2288.34,High,-83.7501767115,35.0571811284,High
22539,2609,Greene,45,19978.0,Coastal,76.7,1640.3,High,-77.6757626742,35.4849957203,High
22579,18875,Rowan,45,148565.0,Northern,287.1,2292.8,High,-80.5247717485,35.6394734632,High
22571,1097,Perquimans,45,13049.0,Coastal,52.6,684.8,High,-76.4076199893,36.1772228503,High
22567,9192,Orange,45,148331.0,Eastern,374.0,1991.9,High,-79.120649356,36.0611182361,High
22513,10107,Caldwell,45,81319.0,Northern,170.9,2504.8,High,-81.5464366451,35.9530379334,High
22527,2609,Dare,45,37817.0,Coastal,96.3,1872.9,High,-75.6852333134,35.664936694,High
22589,27288,Union,45,244960.0,Central,376.6,1582.3,High,-80.5307400446,34.9883574887,High
22535,29368,Gaston,45,233387.0,Central,640.7,2912.4,High,-81.1802416273,35.2943489527,High
22540,51980,Guilford,45,545484.0,Northern,838.0,3371.1,High,-79.7889042685,36.0794717315,High
22581,8838,Sampson,45,58371.0,Coastal,62.4,2241.9,High,-78.3713906105,34.9915361594,High
22550,24652,Johnston,45,224833.0,Coastal,272.7,1547.3,High,-78.3657109025,35.5178069265,High
22563,12207,Nash,45,96101.0,Coastal,175.7,1838.5,High,-77.9864448378,35.9672502839,High
22520,1602,Chowan,45,13646.0,Coastal,79.4,1402.6,High,-76.6021303656,36.1265615389,High
22564,21486,New Hanover,45,230423.0,Coastal,1174.0,2612.3,High,-77.865597569,34.1815553357,High
22576,5452,Richmond,45,43006.0,Eastern,90.7,5508.4,High,-79.7477780226,35.0060483545,High
22588,368,Tyrrell,45,3315.0,Coastal,8.3,957.2,High,-76.1704523585,35.8694070017,High
22502,1138,Alleghany,45,11057.0,Northern,46.4,697.2,High,-81.1278593427,36.4912704378,High
22577,19250,Robeson,45,115899.0,Coastal,123.0,5137.4,High,-79.1038649277,34.6402420514,High
22537,776,Graham,45,7935.0,Western,27.5,8085.4,High,-83.833581803,35.350171951,High
22562,10088,Moore,45,102966.0,Eastern,142.9,1617.3,High,-79.4813744392,35.3106538555,High
22519,3034,Cherokee,45,28738.0,Western,63.2,3613.3,High,-84.063444228,35.1338574515,High
22551,951,Jones,45,9076.0,Coastal,19.5,0.0,High,-77.3551679748,35.0217248029,High
22503,2815,Anson,45,22028.0,Central,41.5,2802.1,High,-80.102712026,34.9737894417,High
22565,1978,Northampton,45,16953.0,Eastern,32.6,2092.6,High,-77.3968212099,36.4177312434,High
22532,6019,Edgecombe,45,48604.0,Coastal,96.7,2366.3,High,-77.5970588882,35.912880671,High
22510,19878,Buncombe,45,271638.0,Western,410.4,3012.8,High,-82.5301070587,35.611177887,High
22506,5006,Beaufort,45,44150.0,Coastal,53.6,2157.95,High,-76.8453144055,35.486983815,High
22586,1326,Swain,45,14046.0,Western,26.8,3517.8,High,-83.4927393736,35.4868150519,High
22560,1544,Mitchell,45,14783.0,Western,67.4,458.42,High,-82.1635815487,36.0132038869,High
22578,8678,Rockingham,45,90457.0,Northern,161.0,2130.4,High,-79.7749871967,36.3960127906,High
22558,5652,McDowell,45,44151.0,Western,101.3,2610.9,High,-82.0493124426,35.6816924709,High
22505,2226,Avery,45,17347.0,Western,72.0,1003.4,Substantial,-81.9226013745,36.0766050343,High
22516,2311,Caswell,45,22400.0,Eastern,53.5,317.5,High,-79.3335234769,36.3932742158,High
22530,7325,Duplin,45,48249.0,Coastal,59.8,2911.6,High,-77.9330277459,34.9365348363,High
22528,18397,Davidson,45,171752.0,Northern,305.4,1757.8,High,-80.2127487756,35.7933524917,High
22557,2588,Martin,45,21503.0,Coastal,48.3,2717.4,High,-77.109232267,35.843213981,High
22541,6047,Halifax,45,47859.0,Coastal,67.2,2754.7,High,-77.6517329831,36.2574485453,High
22508,4149,Bladen,45,29171.0,Coastal,33.8,2578.5,High,-78.5636493115,34.6145873342,High
22553,6762,Lenoir,45,54323.0,Coastal,138.1,3246.04,High,-77.6412486292,35.2387731611,High
22533,39568,Forsyth,45,387703.0,Northern,938.1,4129.5,High,-80.256300016,36.1306195485,High
22580,8148,Rutherford,45,63870.0,Western,114.0,2009.9,High,-81.9198334642,35.4025956291,High
22593,1182,Washington,45,10708.0,Coastal,31.8,1746.8,High,-76.5693098876,35.8392646425,High
22570,6232,Pender,45,62250.0,Coastal,69.1,1461.9,High,-77.8884355846,34.5150997489,High
22509,11056,Brunswick,45,144821.0,Coastal,160.8,1537.1,High,-78.2274071617,34.0388755841,High
22574,1631,Polk,45,19461.0,Western,81.3,1596.5,High,-82.1696779265,35.2792789622,High
22544,11353,Henderson,45,117429.0,Western,311.8,2039.7,High,-82.4799463782,35.3362263031,High
22543,5025,Haywood,45,62831.0,Western,112.2,3591.8,High,-82.9821729698,35.5560557128,High
22591,99719,Wake,45,1154170.0,Eastern,1353.3,1846.0,High,-78.6503081729,35.7902443741,High
22536,787,Gates,45,10324.0,Coastal,30.8,750.9,High,-76.7005266521,36.4449435708,High
22569,3630,Pasquotank,45,40966.0,Coastal,178.8,2078.8,High,-76.2492413613,36.2650187228,High
22582,4337,Scotland,45,33662.0,Eastern,107.1,3528.0,High,-79.4804292418,34.8408848102,High
22517,21361,Catawba,45,162841.0,Northern,400.2,2802.5,High,-81.2150705598,35.662042354,High
22559,126019,Mecklenburg,45,1128426.0,Central,2130.4,3736.1,High,-80.8327311406,35.2467670437,High
22585,9119,Surry,45,70573.0,Northern,134.0,1507.5,High,-80.6880779273,36.4148205561,High
22575,16389,Randolph,45,143325.0,Northern,184.3,1615.5,High,-79.8060069064,35.7103417044,High
22548,21030,Iredell,45,192986.0,Northern,325.0,1866.4,High,-80.8734378255,35.8070259189,High
22552,6894,Lee,45,64360.0,Eastern,248.1,1631.1,High,-79.1714836119,35.4751864248,High
22568,1191,Pamlico,45,12215.0,Coastal,36.5,2321.5,High,-76.6694598427,35.151021226,High
22590,5204,Vance,45,41665.0,Eastern,168.7,3584.5,High,-78.4079288849,36.3649169333,High
22522,12943,Cleveland,45,99332.0,Western,214.4,2001.7,High,-81.5555471412,35.3341018022,High
22599,1868,Yancey,45,18320.0,Western,59.1,557.0,High,-82.3076279784,35.8989479924,High
22597,10427,Wilson,45,79078.0,Coastal,214.3,2386.9,High,-77.9186629547,35.7051457145,High
22610,19878,Buncombe,46,271638.0,Western,410.4,3012.8,High,-82.5301070587,35.611177887,High
22611,11014,Burke,46,88398.0,Western,173.0,1836.1,High,-81.7047784739,35.7496106399,High
22644,11353,Henderson,46,117429.0,Western,311.8,2039.7,High,-82.4799463782,35.3362263031,High
22681,8838,Sampson,46,58371.0,Coastal,62.4,2241.9,High,-78.3713906105,34.9915361594,High
22674,1631,Polk,46,19461.0,Western,81.3,1596.5,High,-82.1696779265,35.2792789622,High
22676,5452,Richmond,46,43006.0,Eastern,90.7,5508.4,High,-79.7477780226,35.0060483545,High
22602,1138,Alleghany,46,11057.0,Northern,46.4,697.2,High,-81.1278593427,36.4912704378,High
22614,724,Camden,46,10537.0,Coastal,43.1,793.0,High,-76.1609504039,36.3411216216,High
22609,11056,Brunswick,46,144821.0,Coastal,160.8,1537.1,High,-78.2274071617,34.0388755841,High
22682,4337,Scotland,46,33662.0,Eastern,107.1,3528.0,High,-79.4804292418,34.8408848102,High
22612,24737,Cabarrus,46,232873.0,Central,625.1,1374.8,High,-80.5518508851,35.3867940405,High
22695,12372,Wayne,46,115895.0,Coastal,211.8,2813.0,High,-78.0039971272,35.3639599672,High
22677,19250,Robeson,46,115899.0,Coastal,123.0,5137.4,High,-79.1038649277,34.6402420514,High
22680,8148,Rutherford,46,63870.0,Western,114.0,2009.9,High,-81.9198334642,35.4025956291,High
22634,7511,Franklin,46,70655.0,Eastern,139.4,1314.6,High,-78.2856965824,36.0827733527,High
22613,10107,Caldwell,46,81319.0,Northern,170.9,2504.8,High,-81.5464366451,35.9530379334,High
22645,2193,Hertford,46,20374.0,Coastal,61.0,2281.6,High,-76.9807147831,36.3586360305,High
22678,8678,Rockingham,46,90457.0,Northern,161.0,2130.4,High,-79.7749871967,36.3960127906,High
22630,7325,Duplin,46,48249.0,Coastal,59.8,2911.6,High,-77.9330277459,34.9365348363,High
22629,4574,Davie,46,43127.0,Northern,162.0,1665.25,High,-80.5444636482,35.929110866,High
22675,16389,Randolph,46,143325.0,Northern,184.3,1615.5,High,-79.8060069064,35.7103417044,High
22643,5025,Haywood,46,62831.0,Western,112.2,3591.8,High,-82.9821729698,35.5560557128,High
22679,18875,Rowan,46,148565.0,Northern,287.1,2292.8,High,-80.5247717485,35.6394734632,High
22698,4482,Yadkin,46,36925.0,Northern,111.1,1820.8,High,-80.6652439331,36.1605336919,High
22659,126019,Mecklenburg,46,1128426.0,Central,2130.4,3736.1,High,-80.8327311406,35.2467670437,High
22601,4812,Alexander,46,36172.0,Northern,140.2,1440.7,High,-81.1770268506,35.9210263138,High
22652,6894,Lee,46,64360.0,Eastern,248.1,1631.1,High,-79.1714836119,35.4751864248,High
22618,5296,Chatham,46,77095.0,Eastern,111.9,1456.0,High,-79.2552758614,35.7025721296,High
22607,1868,Bertie,46,17302.0,Coastal,25.7,1594.6,High,-76.9667121404,36.0656302022,High
22690,5204,Vance,46,41665.0,Eastern,168.7,3584.5,High,-78.4079288849,36.3649169333,High
22622,12943,Cleveland,46,99332.0,Western,214.4,2001.7,High,-81.5555471412,35.3341018022,High
22649,4024,Jackson,46,41919.0,Western,87.8,1864.6,High,-83.1408496187,35.2875866253,High
22667,9192,Orange,46,148331.0,Eastern,374.0,1991.9,High,-79.120649356,36.0611182361,High
22666,19935,Onslow,46,207928.0,Coastal,268.4,2191.23,High,-77.4157658244,34.709836363,High
22699,1868,Yancey,46,18320.0,Western,59.1,557.0,High,-82.3076279784,35.8989479924,High
22686,1326,Swain,46,14046.0,Western,26.8,3517.8,High,-83.4927393736,35.4868150519,High
22658,5652,McDowell,46,44151.0,Western,101.3,2610.9,High,-82.0493124426,35.6816924709,High
22651,951,Jones,46,9076.0,Coastal,19.5,0.0,High,-77.3551679748,35.0217248029,High
22697,10427,Wilson,46,79078.0,Coastal,214.3,2386.9,High,-77.9186629547,35.7051457145,High
22685,9119,Surry,46,70573.0,Northern,134.0,1507.5,High,-80.6880779273,36.4148205561,High
22693,1182,Washington,46,10708.0,Coastal,31.8,1746.8,High,-76.5693098876,35.8392646425,High
22657,2588,Martin,46,21503.0,Coastal,48.3,2717.4,High,-77.109232267,35.843213981,High
22648,21030,Iredell,46,192986.0,Northern,325.0,1866.4,High,-80.8734378255,35.8070259189,High
22668,1191,Pamlico,46,12215.0,Coastal,36.5,2321.5,High,-76.6694598427,35.151021226,High
22691,99719,Wake,46,1154170.0,Eastern,1353.3,1846.0,High,-78.6503081729,35.7902443741,High
22653,6762,Lenoir,46,54323.0,Coastal,138.1,3246.04,High,-77.6412486292,35.2387731611,High
22687,2743,Transylvania,46,32825.0,Western,87.2,978.5,High,-82.7983001279,35.2021778635,High
22627,2609,Dare,46,37817.0,Coastal,96.3,1872.9,High,-75.6852333134,35.664936694,High
22606,5006,Beaufort,46,44150.0,Coastal,53.6,2157.95,High,-76.8453144055,35.486983815,High
22603,2815,Anson,46,22028.0,Central,41.5,2802.1,High,-80.102712026,34.9737894417,High
22688,368,Tyrrell,46,3315.0,Coastal,8.3,957.2,High,-76.1704523585,35.8694070017,High
22635,29368,Gaston,46,233387.0,Central,640.7,2912.4,High,-81.1802416273,35.2943489527,High
22620,1602,Chowan,46,13646.0,Coastal,79.4,1402.6,High,-76.6021303656,36.1265615389,High
22663,12207,Nash,46,96101.0,Coastal,175.7,1838.5,High,-77.9864448378,35.9672502839,High
22689,27288,Union,46,244960.0,Central,376.6,1582.3,High,-80.5307400446,34.9883574887,High
22696,7702,Wilkes,46,65151.0,Northern,87.5,1887.3,High,-81.1633856618,36.2062757623,High
22640,51980,Guilford,46,545484.0,Northern,838.0,3371.1,High,-79.7889042685,36.0794717315,High
22605,2226,Avery,46,17347.0,Western,72.0,1003.4,Substantial,-81.9226013745,36.0766050343,High
22650,24652,Johnston,46,224833.0,Coastal,272.7,1547.3,High,-78.3657109025,35.5178069265,High
22664,21486,New Hanover,46,230423.0,Coastal,1174.0,2612.3,High,-77.865597569,34.1815553357,High
22639,2609,Greene,46,19978.0,Coastal,76.7,1640.3,High,-77.6757626742,35.4849957203,High
22661,3575,Montgomery,46,25485.0,Eastern,52.4,2480.1,High,-79.9054790812,35.332466935,High
22637,776,Graham,46,7935.0,Western,27.5,8085.4,High,-83.833581803,35.350171951,High
22621,1011,Clay,46,11238.0,Western,51.6,2288.34,High,-83.7501767115,35.0571811284,High
22619,3034,Cherokee,46,28738.0,Western,63.2,3613.3,High,-84.063444228,35.1338574515,High
22665,1978,Northampton,46,16953.0,Eastern,32.6,2092.6,High,-77.3968212099,36.4177312434,High
22660,1544,Mitchell,46,14783.0,Western,67.4,458.42,High,-82.1635815487,36.0132038869,High
22632,6019,Edgecombe,46,48604.0,Coastal,96.7,2366.3,High,-77.5970588882,35.912880671,High
22626,1744,Currituck,46,29385.0,Coastal,107.3,1344.3,High,-75.936949201,36.3672994836,High
22669,3630,Pasquotank,46,40966.0,Coastal,178.8,2078.8,High,-76.2492413613,36.2650187228,High
22617,21361,Catawba,46,162841.0,Northern,400.2,2802.5,High,-81.2150705598,35.662042354,High
22694,5216,Watauga,46,54804.0,Northern,173.1,1191.8,High,-81.6964250718,36.2311062795,High
22623,7529,Columbus,46,49795.0,Coastal,54.0,2887.71,High,-78.6550308717,34.2656450828,High
22671,1097,Perquimans,46,13049.0,Coastal,52.6,684.8,High,-76.4076199893,36.1772228503,High
22684,4585,Stokes,46,44422.0,Northern,99.1,2146.85,High,-80.2395157151,36.4019040049,High
22647,687,Hyde,46,4595.0,Coastal,7.5,0.0,High,-76.1449651093,35.4081187361,High
22656,1757,Madison,46,21146.0,Western,47.1,1247.6,High,-82.7057582627,35.8580358086,High
22600,20202,Alamance,46,175029.0,Northern,404.8,3065.6,High,-79.3994248175,36.0437098766,High
22683,8579,Stanly,46,62143.0,Central,158.2,2425.2,High,-80.2509863077,35.3119550622,High
22638,6294,Granville,46,60720.0,Eastern,114.6,1466.3,High,-78.6527194252,36.3040698262,High
22625,34538,Cumberland,46,341793.0,Eastern,512.9,3748.5,High,-78.8275607671,35.048611942,High
22615,5804,Carteret,46,69039.0,Coastal,133.3,1912.1,High,-76.5357430669,34.8612598084,High
22624,10088,Craven,46,102568.0,Coastal,142.5,2112.3,High,-77.082003837,35.117685821,High
22642,13607,Harnett,46,134986.0,Eastern,224.5,2172.6,High,-78.8694125204,35.3686291614,High
22655,3403,Macon,46,37041.0,Western,71.8,2077.4,High,-83.4221767088,35.1504672096,High
22692,1874,Warren,46,18621.0,Eastern,43.4,2235.0,High,-78.1067171324,36.3965102811,High
22646,5514,Hoke,46,53783.0,Eastern,133.5,2028.14,High,-79.237290715,35.0175290075,High
22673,22511,Pitt,46,173536.0,Coastal,261.0,2238.9,High,-77.3744965519,35.5932989746,High
22654,11257,Lincoln,46,88742.0,Central,293.4,1745.2,High,-81.2235326264,35.4855950234,High
22631,27978,Durham,46,331347.0,Eastern,1133.7,3966.0,High,-78.8765926949,36.0360299243,High
22672,3827,Person,46,39048.0,Eastern,99.7,1862.8,High,-78.9718051426,36.3900951244,High
22608,4149,Bladen,46,29171.0,Coastal,33.8,2578.5,High,-78.5636493115,34.6145873342,High
22662,10088,Moore,46,102966.0,Eastern,142.9,1617.3,High,-79.4813744392,35.3106538555,High
22633,39568,Forsyth,46,387703.0,Northern,938.1,4129.5,High,-80.256300016,36.1306195485,High
22604,2426,Ashe,46,26506.0,Northern,62.3,1123.1,High,-81.5005211955,36.434424701,High
22670,6232,Pender,46,62250.0,Coastal,69.1,1461.9,High,-77.8884355846,34.5150997489,High
22636,787,Gates,46,10324.0,Coastal,30.8,750.9,High,-76.7005266521,36.4449435708,High
22616,2311,Caswell,46,22400.0,Eastern,53.5,317.5,High,-79.3335234769,36.3932742158,High
22628,18397,Davidson,46,171752.0,Northern,305.4,1757.8,High,-80.2127487756,35.7933524917,High
22641,6047,Halifax,46,47859.0,Coastal,67.2,2754.7,High,-77.6517329831,36.2574485453,High
22702,1143,Alleghany,47,11057.0,Northern,46.4,697.2,High,-81.1278593427,36.4912704378,High
22726,1771,Currituck,47,29385.0,Coastal,107.3,1344.3,High,-75.936949201,36.3672994836,High
22712,25099,Cabarrus,47,232873.0,Central,625.1,1374.8,High,-80.5518508851,35.3867940405,High
22724,10192,Craven,47,102568.0,Coastal,142.5,2112.3,High,-77.082003837,35.117685821,High
22795,12491,Wayne,47,115895.0,Coastal,211.8,2813.0,High,-78.0039971272,35.3639599672,High
22789,27622,Union,47,244960.0,Central,376.6,1582.3,High,-80.5307400446,34.9883574887,High
22755,3461,Macon,47,37041.0,Western,71.8,2077.4,High,-83.4221767088,35.1504672096,High
22725,34912,Cumberland,47,341793.0,Eastern,512.9,3748.5,High,-78.8275607671,35.048611942,High
22757,2617,Martin,47,21503.0,Coastal,48.3,2717.4,High,-77.109232267,35.843213981,High
22739,2670,Greene,47,19978.0,Coastal,76.7,1640.3,High,-77.6757626742,35.4849957203,High
22792,1885,Warren,47,18621.0,Eastern,43.4,2235.0,High,-78.1067171324,36.3965102811,High
22735,29772,Gaston,47,233387.0,Central,640.7,2912.4,High,-81.1802416273,35.2943489527,High
22703,2847,Anson,47,22028.0,Central,41.5,2802.1,High,-80.102712026,34.9737894417,High
22754,11422,Lincoln,47,88742.0,Central,293.4,1745.2,High,-81.2235326264,35.4855950234,High
22734,7602,Franklin,47,70655.0,Eastern,139.4,1314.6,High,-78.2856965824,36.0827733527,High
22751,969,Jones,47,9076.0,Coastal,19.5,0.0,High,-77.3551679748,35.0217248029,High
22730,7424,Duplin,47,48249.0,Coastal,59.8,2911.6,High,-77.9330277459,34.9365348363,High
22710,20186,Buncombe,47,271638.0,Western,410.4,3012.8,High,-82.5301070587,35.611177887,High
22780,8270,Rutherford,47,63870.0,Western,114.0,2009.9,High,-81.9198334642,35.4025956291,High
22761,3609,Montgomery,47,25485.0,Eastern,52.4,2480.1,High,-79.9054790812,35.332466935,High
22722,13149,Cleveland,47,99332.0,Western,214.4,2001.7,High,-81.5555471412,35.3341018022,High
22790,5242,Vance,47,41665.0,Eastern,168.7,3584.5,High,-78.4079288849,36.3649169333,High
22752,7023,Lee,47,64360.0,Eastern,248.1,1631.1,High,-79.1714836119,35.4751864248,High
22778,8761,Rockingham,47,90457.0,Northern,161.0,2130.4,High,-79.7749871967,36.3960127906,High
22723,7697,Columbus,47,49795.0,Coastal,54.0,2887.71,High,-78.6550308717,34.2656450828,High
22700,20380,Alamance,47,175029.0,Northern,404.8,3065.6,High,-79.3994248175,36.0437098766,High
22799,1945,Yancey,47,18320.0,Western,59.1,557.0,High,-82.3076279784,35.8989479924,High
22756,1803,Madison,47,21146.0,Western,47.1,1247.6,High,-82.7057582627,35.8580358086,High
22704,2456,Ashe,47,26506.0,Northern,62.3,1123.1,High,-81.5005211955,36.434424701,High
22759,127608,Mecklenburg,47,1128426.0,Central,2130.4,3736.1,High,-80.8327311406,35.2467670437,High
22793,1197,Washington,47,10708.0,Coastal,31.8,1746.8,High,-76.5693098876,35.8392646425,High
22744,11555,Henderson,47,117429.0,Western,311.8,2039.7,High,-82.4799463782,35.3362263031,High
22758,5784,McDowell,47,44151.0,Western,101.3,2610.9,High,-82.0493124426,35.6816924709,High
22705,2238,Avery,47,17347.0,Western,72.0,1003.4,High,-81.9226013745,36.0766050343,High
22738,6354,Granville,47,60720.0,Eastern,114.6,1466.3,High,-78.6527194252,36.3040698262,High
22779,19150,Rowan,47,148565.0,Northern,287.1,2292.8,High,-80.5247717485,35.6394734632,High
22711,11146,Burke,47,88398.0,Western,173.0,1836.1,High,-81.7047784739,35.7496106399,High
22760,1559,Mitchell,47,14783.0,Western,67.4,458.42,High,-82.1635815487,36.0132038869,High
22721,1026,Clay,47,11238.0,Western,51.6,2288.34,High,-83.7501767115,35.0571811284,High
22733,40116,Forsyth,47,387703.0,Northern,938.1,4129.5,High,-80.256300016,36.1306195485,High
22791,100235,Wake,47,1154170.0,Eastern,1353.3,1846.0,High,-78.6503081729,35.7902443741,High
22753,6859,Lenoir,47,54323.0,Coastal,138.1,3246.04,High,-77.6412486292,35.2387731611,High
22743,5098,Haywood,47,62831.0,Western,112.2,3591.8,High,-82.9821729698,35.5560557128,High
22796,7813,Wilkes,47,65151.0,Northern,87.5,1887.3,High,-81.1633856618,36.2062757623,High
22706,5053,Beaufort,47,44150.0,Coastal,53.6,2157.95,High,-76.8453144055,35.486983815,High
22767,9276,Orange,47,148331.0,Eastern,374.0,1991.9,High,-79.120649356,36.0611182361,High
22713,10209,Caldwell,47,81319.0,Northern,170.9,2504.8,High,-81.5464366451,35.9530379334,High
22786,1344,Swain,47,14046.0,Western,26.8,3517.8,High,-83.4927393736,35.4868150519,High
22717,21645,Catawba,47,162841.0,Northern,400.2,2802.5,High,-81.2150705598,35.662042354,High
22762,10239,Moore,47,102966.0,Eastern,142.9,1617.3,High,-79.4813744392,35.3106538555,High
22797,10502,Wilson,47,79078.0,Coastal,214.3,2386.9,High,-77.9186629547,35.7051457145,High
22782,4381,Scotland,47,33662.0,Eastern,107.1,3528.0,High,-79.4804292418,34.8408848102,High
22748,21343,Iredell,47,192986.0,Northern,325.0,1866.4,High,-80.8734378255,35.8070259189,High
22775,16507,Randolph,47,143325.0,Northern,184.3,1615.5,High,-79.8060069064,35.7103417044,High
22768,1208,Pamlico,47,12215.0,Coastal,36.5,2321.5,High,-76.6694598427,35.151021226,High
22769,3653,Pasquotank,47,40966.0,Coastal,178.8,2078.8,High,-76.2492413613,36.2650187228,High
22716,2336,Caswell,47,22400.0,Eastern,53.5,317.5,High,-79.3335234769,36.3932742158,High
22728,18652,Davidson,47,171752.0,Northern,305.4,1757.8,High,-80.2127487756,35.7933524917,High
22741,6105,Halifax,47,47859.0,Coastal,67.2,2754.7,High,-77.6517329831,36.2574485453,High
22736,797,Gates,47,10324.0,Coastal,30.8,750.9,High,-76.7005266521,36.4449435708,High
22709,11336,Brunswick,47,144821.0,Coastal,160.8,1537.1,High,-78.2274071617,34.0388755841,High
22770,6388,Pender,47,62250.0,Coastal,69.1,1461.9,High,-77.8884355846,34.5150997489,High
22731,28161,Durham,47,331347.0,Eastern,1133.7,3966.0,High,-78.8765926949,36.0360299243,High
22773,22800,Pitt,47,173536.0,Coastal,261.0,2238.9,High,-77.3744965519,35.5932989746,High
22746,5583,Hoke,47,53783.0,Eastern,133.5,2028.14,High,-79.237290715,35.0175290075,High
22742,13830,Harnett,47,134986.0,Eastern,224.5,2172.6,High,-78.8694125204,35.3686291614,High
22772,3878,Person,47,39048.0,Eastern,99.7,1862.8,High,-78.9718051426,36.3900951244,High
22715,5917,Carteret,47,69039.0,Coastal,133.3,1912.1,High,-76.5357430669,34.8612598084,High
22749,4074,Jackson,47,41919.0,Western,87.8,1864.6,High,-83.1408496187,35.2875866253,High
22783,8716,Stanly,47,62143.0,Central,158.2,2425.2,High,-80.2509863077,35.3119550622,High
22794,5240,Watauga,47,54804.0,Northern,173.1,1191.8,High,-81.6964250718,36.2311062795,High
22771,1111,Perquimans,47,13049.0,Coastal,52.6,684.8,High,-76.4076199893,36.1772228503,High
22747,690,Hyde,47,4595.0,Coastal,7.5,0.0,High,-76.1449651093,35.4081187361,High
22784,4646,Stokes,47,44422.0,Northern,99.1,2146.85,High,-80.2395157151,36.4019040049,High
22708,4241,Bladen,47,29171.0,Coastal,33.8,2578.5,High,-78.5636493115,34.6145873342,High
22774,1645,Polk,47,19461.0,Western,81.3,1596.5,High,-82.1696779265,35.2792789622,High
22729,4662,Davie,47,43127.0,Northern,162.0,1665.25,High,-80.5444636482,35.929110866,High
22707,1892,Bertie,47,17302.0,Coastal,25.7,1594.6,High,-76.9667121404,36.0656302022,High
22785,9217,Surry,47,70573.0,Northern,134.0,1507.5,High,-80.6880779273,36.4148205561,High
22718,5352,Chatham,47,77095.0,Eastern,111.9,1456.0,High,-79.2552758614,35.7025721296,High
22777,19542,Robeson,47,115899.0,Coastal,123.0,5137.4,High,-79.1038649277,34.6402420514,High
22788,385,Tyrrell,47,3315.0,Coastal,8.3,957.2,High,-76.1704523585,35.8694070017,High
22720,1633,Chowan,47,13646.0,Coastal,79.4,1402.6,High,-76.6021303656,36.1265615389,High
22763,12303,Nash,47,96101.0,Coastal,175.7,1838.5,High,-77.9864448378,35.9672502839,High
22798,4541,Yadkin,47,36925.0,Northern,111.1,1820.8,High,-80.6652439331,36.1605336919,High
22740,52540,Guilford,47,545484.0,Northern,838.0,3371.1,High,-79.7889042685,36.0794717315,High
22750,25004,Johnston,47,224833.0,Coastal,272.7,1547.3,High,-78.3657109025,35.5178069265,High
22781,8976,Sampson,47,58371.0,Coastal,62.4,2241.9,High,-78.3713906105,34.9915361594,High
22745,2215,Hertford,47,20374.0,Coastal,61.0,2281.6,High,-76.9807147831,36.3586360305,High
22776,5539,Richmond,47,43006.0,Eastern,90.7,5508.4,High,-79.7477780226,35.0060483545,High
22764,21853,New Hanover,47,230423.0,Coastal,1174.0,2612.3,High,-77.865597569,34.1815553357,High
22737,788,Graham,47,7935.0,Western,27.5,8085.4,High,-83.833581803,35.350171951,High
22714,732,Camden,47,10537.0,Coastal,43.1,793.0,High,-76.1609504039,36.3411216216,High
22727,2683,Dare,47,37817.0,Coastal,96.3,1872.9,High,-75.6852333134,35.664936694,High
22732,6089,Edgecombe,47,48604.0,Coastal,96.7,2366.3,High,-77.5970588882,35.912880671,High
22701,4869,Alexander,47,36172.0,Northern,140.2,1440.7,High,-81.1770268506,35.9210263138,High
22766,20269,Onslow,47,207928.0,Coastal,268.4,2191.23,High,-77.4157658244,34.709836363,High
22719,3106,Cherokee,47,28738.0,Western,63.2,3613.3,High,-84.063444228,35.1338574515,High
22765,1994,Northampton,47,16953.0,Eastern,32.6,2092.6,High,-77.3968212099,36.4177312434,High
22787,2781,Transylvania,47,32825.0,Western,87.2,978.5,High,-82.7983001279,35.2021778635,High
22805,2242,Avery,48,17347.0,Western,72.0,1003.4,High,-81.9226013745,36.0766050343,High
22895,12551,Wayne,48,115895.0,Coastal,211.8,2813.0,High,-78.0039971272,35.3639599672,High
22886,1360,Swain,48,14046.0,Western,26.8,3517.8,High,-83.4927393736,35.4868150519,High
22883,8738,Stanly,48,62143.0,Central,158.2,2425.2,High,-80.2509863077,35.3119550622,High
22879,19221,Rowan,48,148565.0,Northern,287.1,2292.8,High,-80.5247717485,35.6394734632,High
22810,20252,Buncombe,48,271638.0,Western,410.4,3012.8,High,-82.5301070587,35.611177887,High
22890,5254,Vance,48,41665.0,Eastern,168.7,3584.5,High,-78.4079288849,36.3649169333,High
22894,5253,Watauga,48,54804.0,Northern,173.1,1191.8,High,-81.6964250718,36.2311062795,High
22888,386,Tyrrell,48,3315.0,Coastal,8.3,957.2,High,-76.1704523585,35.8694070017,High
22806,5064,Beaufort,48,44150.0,Coastal,53.6,2157.95,High,-76.8453144055,35.486983815,High
22892,1885,Warren,48,18621.0,Eastern,43.4,2235.0,High,-78.1067171324,36.3965102811,High
22831,28259,Durham,48,331347.0,Eastern,1133.7,3966.0,High,-78.8765926949,36.0360299243,High
22807,1896,Bertie,48,17302.0,Coastal,25.7,1594.6,High,-76.9667121404,36.0656302022,High
22842,13861,Harnett,48,134986.0,Eastern,224.5,2172.6,High,-78.8694125204,35.3686291614,High
22838,6362,Granville,48,60720.0,Eastern,114.6,1466.3,High,-78.6527194252,36.3040698262,High
22884,4656,Stokes,48,44422.0,Northern,99.1,2146.85,High,-80.2395157151,36.4019040049,High
22808,4258,Bladen,48,29171.0,Coastal,33.8,2578.5,High,-78.5636493115,34.6145873342,High
22882,4393,Scotland,48,33662.0,Eastern,107.1,3528.0,High,-79.4804292418,34.8408848102,High
22832,6102,Edgecombe,48,48604.0,Coastal,96.7,2366.3,High,-77.5970588882,35.912880671,High
22887,2811,Transylvania,48,32825.0,Western,87.2,978.5,High,-82.7983001279,35.2021778635,High
22893,1199,Washington,48,10708.0,Coastal,31.8,1746.8,High,-76.5693098876,35.8392646425,High
22880,8301,Rutherford,48,63870.0,Western,114.0,2009.9,High,-81.9198334642,35.4025956291,High
22837,796,Graham,48,7935.0,Western,27.5,8085.4,High,-83.833581803,35.350171951,High
22843,5135,Haywood,48,62831.0,Western,112.2,3591.8,High,-82.9821729698,35.5560557128,High
22885,9232,Surry,48,70573.0,Northern,134.0,1507.5,High,-80.6880779273,36.4148205561,High
22891,101546,Wake,48,1154170.0,Eastern,1353.3,1846.0,High,-78.6503081729,35.7902443741,High
22841,6113,Halifax,48,47859.0,Coastal,67.2,2754.7,High,-77.6517329831,36.2574485453,High
22833,40227,Forsyth,48,387703.0,Northern,938.1,4129.5,High,-80.256300016,36.1306195485,High
22804,2474,Ashe,48,26506.0,Northern,62.3,1123.1,High,-81.5005211955,36.434424701,High
22881,8978,Sampson,48,58371.0,Coastal,62.4,2241.9,High,-78.3713906105,34.9915361594,High
22839,2677,Greene,48,19978.0,Coastal,76.7,1640.3,High,-77.6757626742,35.4849957203,High
22803,2852,Anson,48,22028.0,Central,41.5,2802.1,High,-80.102712026,34.9737894417,High
22889,27708,Union,48,244960.0,Central,376.6,1582.3,High,-80.5307400446,34.9883574887,High
22840,52665,Guilford,48,545484.0,Northern,838.0,3371.1,High,-79.7889042685,36.0794717315,High
22809,11400,Brunswick,48,144821.0,Coastal,160.8,1537.1,High,-78.2274071617,34.0388755841,High
22854,11465,Lincoln,48,88742.0,Central,293.4,1745.2,High,-81.2235326264,35.4855950234,High
22825,35003,Cumberland,48,341793.0,Eastern,512.9,3748.5,High,-78.8275607671,35.048611942,High
22828,18735,Davidson,48,171752.0,Northern,305.4,1757.8,High,-80.2127487756,35.7933524917,High
22816,2344,Caswell,48,22400.0,Eastern,53.5,317.5,High,-79.3335234769,36.3932742158,High
22821,1036,Clay,48,11238.0,Western,51.6,2288.34,High,-83.7501767115,35.0571811284,High
22845,2221,Hertford,48,20374.0,Coastal,61.0,2281.6,High,-76.9807147831,36.3586360305,High
22869,3662,Pasquotank,48,40966.0,Coastal,178.8,2078.8,High,-76.2492413613,36.2650187228,High
22861,3612,Montgomery,48,25485.0,Eastern,52.4,2480.1,High,-79.9054790812,35.332466935,High
22876,5560,Richmond,48,43006.0,Eastern,90.7,5508.4,High,-79.7477780226,35.0060483545,High
22868,1209,Pamlico,48,12215.0,Coastal,36.5,2321.5,High,-76.6694598427,35.151021226,High
22848,21401,Iredell,48,192986.0,Northern,325.0,1866.4,High,-80.8734378255,35.8070259189,High
22823,7719,Columbus,48,49795.0,Coastal,54.0,2887.71,High,-78.6550308717,34.2656450828,High
22826,1777,Currituck,48,29385.0,Coastal,107.3,1344.3,High,-75.936949201,36.3672994836,High
22877,19616,Robeson,48,115899.0,Coastal,123.0,5137.4,High,-79.1038649277,34.6402420514,High
22897,10534,Wilson,48,79078.0,Coastal,214.3,2386.9,High,-77.9186629547,35.7051457145,High
22817,21727,Catawba,48,162841.0,Northern,400.2,2802.5,High,-81.2150705598,35.662042354,High
22834,7615,Franklin,48,70655.0,Eastern,139.4,1314.6,High,-78.2856965824,36.0827733527,High
22867,9286,Orange,48,148331.0,Eastern,374.0,1991.9,High,-79.120649356,36.0611182361,High
22835,29873,Gaston,48,233387.0,Central,640.7,2912.4,High,-81.1802416273,35.2943489527,High
22813,10236,Caldwell,48,81319.0,Northern,170.9,2504.8,High,-81.5464366451,35.9530379334,High
22870,6416,Pender,48,62250.0,Coastal,69.1,1461.9,High,-77.8884355846,34.5150997489,High
22836,800,Gates,48,10324.0,Coastal,30.8,750.9,High,-76.7005266521,36.4449435708,High
22860,1561,Mitchell,48,14783.0,Western,67.4,458.42,High,-82.1635815487,36.0132038869,High
22846,5595,Hoke,48,53783.0,Eastern,133.5,2028.14,High,-79.237290715,35.0175290075,High
22873,22877,Pitt,48,173536.0,Coastal,261.0,2238.9,High,-77.3744965519,35.5932989746,High
22858,5817,McDowell,48,44151.0,Western,101.3,2610.9,High,-82.0493124426,35.6816924709,High
22899,1946,Yancey,48,18320.0,Western,59.1,557.0,High,-82.3076279784,35.8989479924,High
22822,13193,Cleveland,48,99332.0,Western,214.4,2001.7,High,-81.5555471412,35.3341018022,High
22872,3892,Person,48,39048.0,Eastern,99.7,1862.8,High,-78.9718051426,36.3900951244,High
22814,734,Camden,48,10537.0,Coastal,43.1,793.0,High,-76.1609504039,36.3411216216,High
22815,5939,Carteret,48,69039.0,Coastal,133.3,1912.1,High,-76.5357430669,34.8612598084,High
22800,20422,Alamance,48,175029.0,Northern,404.8,3065.6,High,-79.3994248175,36.0437098766,High
22829,4690,Davie,48,43127.0,Northern,162.0,1665.25,High,-80.5444636482,35.929110866,High
22874,1646,Polk,48,19461.0,Western,81.3,1596.5,High,-82.1696779265,35.2792789622,High
22852,7064,Lee,48,64360.0,Eastern,248.1,1631.1,High,-79.1714836119,35.4751864248,High
22859,128032,Mecklenburg,48,1128426.0,Central,2130.4,3736.1,High,-80.8327311406,35.2467670437,High
22871,1113,Perquimans,48,13049.0,Coastal,52.6,684.8,High,-76.4076199893,36.1772228503,High
22847,691,Hyde,48,4595.0,Coastal,7.5,0.0,High,-76.1449651093,35.4081187361,High
22857,2632,Martin,48,21503.0,Coastal,48.3,2717.4,High,-77.109232267,35.843213981,High
22853,6873,Lenoir,48,54323.0,Coastal,138.1,3246.04,High,-77.6412486292,35.2387731611,High
22875,16551,Randolph,48,143325.0,Northern,184.3,1615.5,High,-79.8060069064,35.7103417044,High
22850,25081,Johnston,48,224833.0,Coastal,272.7,1547.3,High,-78.3657109025,35.5178069265,High
22811,11177,Burke,48,88398.0,Western,173.0,1836.1,High,-81.7047784739,35.7496106399,High
22896,7842,Wilkes,48,65151.0,Northern,87.5,1887.3,High,-81.1633856618,36.2062757623,High
22812,25167,Cabarrus,48,232873.0,Central,625.1,1374.8,High,-80.5518508851,35.3867940405,High
22824,10226,Craven,48,102568.0,Coastal,142.5,2112.3,High,-77.082003837,35.117685821,High
22819,3122,Cherokee,48,28738.0,Western,63.2,3613.3,High,-84.063444228,35.1338574515,High
22856,1817,Madison,48,21146.0,Western,47.1,1247.6,High,-82.7057582627,35.8580358086,High
22802,1145,Alleghany,48,11057.0,Northern,46.4,697.2,High,-81.1278593427,36.4912704378,High
22827,2706,Dare,48,37817.0,Coastal,96.3,1872.9,High,-75.6852333134,35.664936694,High
22844,11630,Henderson,48,117429.0,Western,311.8,2039.7,High,-82.4799463782,35.3362263031,High
22866,20329,Onslow,48,207928.0,Coastal,268.4,2191.23,High,-77.4157658244,34.709836363,High
22830,7466,Duplin,48,48249.0,Coastal,59.8,2911.6,High,-77.9330277459,34.9365348363,High
22898,4556,Yadkin,48,36925.0,Northern,111.1,1820.8,High,-80.6652439331,36.1605336919,High
22865,1999,Northampton,48,16953.0,Eastern,32.6,2092.6,High,-77.3968212099,36.4177312434,High
22801,4872,Alexander,48,36172.0,Northern,140.2,1440.7,High,-81.1770268506,35.9210263138,High
22820,1636,Chowan,48,13646.0,Coastal,79.4,1402.6,High,-76.6021303656,36.1265615389,High
22855,3479,Macon,48,37041.0,Western,71.8,2077.4,High,-83.4221767088,35.1504672096,High
22878,8775,Rockingham,48,90457.0,Northern,161.0,2130.4,High,-79.7749871967,36.3960127906,High
22818,5381,Chatham,48,77095.0,Eastern,111.9,1456.0,High,-79.2552758614,35.7025721296,High
22864,21921,New Hanover,48,230423.0,Coastal,1174.0,2612.3,High,-77.865597569,34.1815553357,High
22862,10283,Moore,48,102966.0,Eastern,142.9,1617.3,High,-79.4813744392,35.3106538555,High
22863,12329,Nash,48,96101.0,Coastal,175.7,1838.5,High,-77.9864448378,35.9672502839,High
22849,4111,Jackson,48,41919.0,Western,87.8,1864.6,High,-83.1408496187,35.2875866253,High
22851,967,Jones,48,9076.0,Coastal,19.5,0.0,High,-77.3551679748,35.0217248029,High
22964,22038,New Hanover,49,230423.0,Coastal,1174.0,2612.3,High,-77.865597569,34.1815553357,High
22994,5260,Watauga,49,54804.0,Northern,173.1,1191.8,High,-81.6964250718,36.2311062795,High
22932,6115,Edgecombe,49,48604.0,Coastal,96.7,2366.3,High,-77.5970588882,35.912880671,High
22940,52849,Guilford,49,545484.0,Northern,838.0,3371.1,High,-79.7889042685,36.0794717315,High
22947,688,Hyde,49,4595.0,Coastal,7.5,0.0,High,-76.1449651093,35.4081187361,High
22993,1202,Washington,49,10708.0,Coastal,31.8,1746.8,High,-76.5693098876,35.8392646425,High
22919,3144,Cherokee,49,28738.0,Western,63.2,3613.3,High,-84.063444228,35.1338574515,High
22942,13929,Harnett,49,134986.0,Eastern,224.5,2172.6,High,-78.8694125204,35.3686291614,High
22971,1116,Perquimans,49,13049.0,Coastal,52.6,684.8,High,-76.4076199893,36.1772228503,High
22959,128514,Mecklenburg,49,1128426.0,Central,2130.4,3736.1,High,-80.8327311406,35.2467670437,High
22987,2831,Transylvania,49,32825.0,Western,87.2,978.5,High,-82.7983001279,35.2021778635,High
22988,393,Tyrrell,49,3315.0,Coastal,8.3,957.2,High,-76.1704523585,35.8694070017,High
22972,3906,Person,49,39048.0,Eastern,99.7,1862.8,High,-78.9718051426,36.3900951244,High
22946,5609,Hoke,49,53783.0,Eastern,133.5,2028.14,High,-79.237290715,35.0175290075,High
22952,7084,Lee,49,64360.0,Eastern,248.1,1631.1,High,-79.1714836119,35.4751864248,High
22990,5259,Vance,49,41665.0,Eastern,168.7,3584.5,High,-78.4079288849,36.3649169333,High
22937,804,Graham,49,7935.0,Western,27.5,8085.4,High,-83.833581803,35.350171951,High
22983,8777,Stanly,49,62143.0,Central,158.2,2425.2,High,-80.2509863077,35.3119550622,High
22915,6010,Carteret,49,69039.0,Coastal,133.3,1912.1,High,-76.5357430669,34.8612598084,High
22920,1646,Chowan,49,13646.0,Coastal,79.4,1402.6,High,-76.6021303656,36.1265615389,High
22922,13250,Cleveland,49,99332.0,Western,214.4,2001.7,High,-81.5555471412,35.3341018022,High
22963,12342,Nash,49,96101.0,Coastal,175.7,1838.5,High,-77.9864448378,35.9672502839,High
22984,4679,Stokes,49,44422.0,Northern,99.1,2146.85,High,-80.2395157151,36.4019040049,High
22970,6439,Pender,49,62250.0,Coastal,69.1,1461.9,High,-77.8884355846,34.5150997489,High
22960,1565,Mitchell,49,14783.0,Western,67.4,458.42,High,-82.1635815487,36.0132038869,High
22996,7892,Wilkes,49,65151.0,Northern,87.5,1887.3,High,-81.1633856618,36.2062757623,High
22901,4910,Alexander,49,36172.0,Northern,140.2,1440.7,High,-81.1770268506,35.9210263138,High
22962,10337,Moore,49,102966.0,Eastern,142.9,1617.3,High,-79.4813744392,35.3106538555,High
22939,2681,Greene,49,19978.0,Coastal,76.7,1640.3,High,-77.6757626742,35.4849957203,High
22949,4136,Jackson,49,41919.0,Western,87.8,1864.6,High,-83.1408496187,35.2875866253,High
22985,9282,Surry,49,70573.0,Northern,134.0,1507.5,High,-80.6880779273,36.4148205561,High
22948,21512,Iredell,49,192986.0,Northern,325.0,1866.4,High,-80.8734378255,35.8070259189,High
22917,21810,Catawba,49,162841.0,Northern,400.2,2802.5,High,-81.2150705598,35.662042354,High
22997,10572,Wilson,49,79078.0,Coastal,214.3,2386.9,High,-77.9186629547,35.7051457145,High
22926,1783,Currituck,49,29385.0,Coastal,107.3,1344.3,High,-75.936949201,36.3672994836,High
22967,9314,Orange,49,148331.0,Eastern,374.0,1991.9,High,-79.120649356,36.0611182361,High
22907,1904,Bertie,49,17302.0,Coastal,25.7,1594.6,High,-76.9667121404,36.0656302022,High
22986,1367,Swain,49,14046.0,Western,26.8,3517.8,High,-83.4927393736,35.4868150519,High
22935,30016,Gaston,49,233387.0,Central,640.7,2912.4,High,-81.1802416273,35.2943489527,High
22903,2857,Anson,49,22028.0,Central,41.5,2802.1,High,-80.102712026,34.9737894417,High
22905,2248,Avery,49,17347.0,Western,72.0,1003.4,High,-81.9226013745,36.0766050343,High
22968,1214,Pamlico,49,12215.0,Coastal,36.5,2321.5,High,-76.6694598427,35.151021226,High
22961,3621,Montgomery,49,25485.0,Eastern,52.4,2480.1,High,-79.9054790812,35.332466935,High
22936,802,Gates,49,10324.0,Coastal,30.8,750.9,High,-76.7005266521,36.4449435708,High
22965,2009,Northampton,49,16953.0,Eastern,32.6,2092.6,High,-77.3968212099,36.4177312434,High
22908,4284,Bladen,49,29171.0,Coastal,33.8,2578.5,High,-78.5636493115,34.6145873342,High
22951,969,Jones,49,9076.0,Coastal,19.5,0.0,High,-77.3551679748,35.0217248029,High
22989,27826,Union,49,244960.0,Central,376.6,1582.3,High,-80.5307400446,34.9883574887,High
22941,6149,Halifax,49,47859.0,Coastal,67.2,2754.7,High,-77.6517329831,36.2574485453,High
22918,5404,Chatham,49,77095.0,Eastern,111.9,1456.0,High,-79.2552758614,35.7025721296,High
22928,18789,Davidson,49,171752.0,Northern,305.4,1757.8,High,-80.2127487756,35.7933524917,High
22906,5079,Beaufort,49,44150.0,Coastal,53.6,2157.95,High,-76.8453144055,35.486983815,High
22916,2356,Caswell,49,22400.0,Eastern,53.5,317.5,High,-79.3335234769,36.3932742158,High
22921,1045,Clay,49,11238.0,Western,51.6,2288.34,High,-83.7501767115,35.0571811284,High
22998,4580,Yadkin,49,36925.0,Northern,111.1,1820.8,High,-80.6652439331,36.1605336919,High
22969,3692,Pasquotank,49,40966.0,Coastal,178.8,2078.8,High,-76.2492413613,36.2650187228,High
22966,20456,Onslow,49,207928.0,Coastal,268.4,2191.23,High,-77.4157658244,34.709836363,High
22927,2721,Dare,49,37817.0,Coastal,96.3,1872.9,High,-75.6852333134,35.664936694,High
22911,11256,Burke,49,88398.0,Western,173.0,1836.1,High,-81.7047784739,35.7496106399,High
22950,25237,Johnston,49,224833.0,Coastal,272.7,1547.3,High,-78.3657109025,35.5178069265,High
22977,19724,Robeson,49,115899.0,Coastal,123.0,5137.4,High,-79.1038649277,34.6402420514,High
22909,11498,Brunswick,49,144821.0,Coastal,160.8,1537.1,High,-78.2274071617,34.0388755841,High
22957,2640,Martin,49,21503.0,Coastal,48.3,2717.4,High,-77.109232267,35.843213981,High
22943,5144,Haywood,49,62831.0,Western,112.2,3591.8,High,-82.9821729698,35.5560557128,High
22938,6395,Granville,49,60720.0,Eastern,114.6,1466.3,High,-78.6527194252,36.3040698262,High
22975,16586,Randolph,49,143325.0,Northern,184.3,1615.5,High,-79.8060069064,35.7103417044,High
22930,7510,Duplin,49,48249.0,Coastal,59.8,2911.6,High,-77.9330277459,34.9365348363,High
22953,6910,Lenoir,49,54323.0,Coastal,138.1,3246.04,High,-77.6412486292,35.2387731611,High
22934,7659,Franklin,49,70655.0,Eastern,139.4,1314.6,High,-78.2856965824,36.0827733527,High
22978,8817,Rockingham,49,90457.0,Northern,161.0,2130.4,High,-79.7749871967,36.3960127906,High
22982,4405,Scotland,49,33662.0,Eastern,107.1,3528.0,High,-79.4804292418,34.8408848102,High
22956,1819,Madison,49,21146.0,Western,47.1,1247.6,High,-82.7057582627,35.8580358086,High
22924,10307,Craven,49,102568.0,Coastal,142.5,2112.3,High,-77.082003837,35.117685821,High
22980,8332,Rutherford,49,63870.0,Western,114.0,2009.9,High,-81.9198334642,35.4025956291,High
22995,12595,Wayne,49,115895.0,Coastal,211.8,2813.0,High,-78.0039971272,35.3639599672,High
22912,25274,Cabarrus,49,232873.0,Central,625.1,1374.8,High,-80.5518508851,35.3867940405,High
22900,20505,Alamance,49,175029.0,Northern,404.8,3065.6,High,-79.3994248175,36.0437098766,High
22913,10262,Caldwell,49,81319.0,Northern,170.9,2504.8,High,-81.5464366451,35.9530379334,High
22910,20346,Buncombe,49,271638.0,Western,410.4,3012.8,High,-82.5301070587,35.611177887,High
22945,2232,Hertford,49,20374.0,Coastal,61.0,2281.6,High,-76.9807147831,36.3586360305,High
22904,2477,Ashe,49,26506.0,Northern,62.3,1123.1,High,-81.5005211955,36.434424701,High
22981,9009,Sampson,49,58371.0,Coastal,62.4,2241.9,High,-78.3713906105,34.9915361594,High
22976,5595,Richmond,49,43006.0,Eastern,90.7,5508.4,High,-79.7477780226,35.0060483545,High
22954,11509,Lincoln,49,88742.0,Central,293.4,1745.2,High,-81.2235326264,35.4855950234,High
22925,35224,Cumberland,49,341793.0,Eastern,512.9,3748.5,High,-78.8275607671,35.048611942,High
22933,40400,Forsyth,49,387703.0,Northern,938.1,4129.5,High,-80.256300016,36.1306195485,High
22974,1652,Polk,49,19461.0,Western,81.3,1596.5,High,-82.1696779265,35.2792789622,High
22923,7782,Columbus,49,49795.0,Coastal,54.0,2887.71,High,-78.6550308717,34.2656450828,High
22991,102242,Wake,49,1154170.0,Eastern,1353.3,1846.0,High,-78.6503081729,35.7902443741,High
22992,1892,Warren,49,18621.0,Eastern,43.4,2235.0,High,-78.1067171324,36.3965102811,High
22914,737,Camden,49,10537.0,Coastal,43.1,793.0,High,-76.1609504039,36.3411216216,High
22958,5858,McDowell,49,44151.0,Western,101.3,2610.9,High,-82.0493124426,35.6816924709,High
22955,3493,Macon,49,37041.0,Western,71.8,2077.4,High,-83.4221767088,35.1504672096,High
22902,1150,Alleghany,49,11057.0,Northern,46.4,697.2,High,-81.1278593427,36.4912704378,High
22929,4720,Davie,49,43127.0,Northern,162.0,1665.25,High,-80.5444636482,35.929110866,High
22979,19353,Rowan,49,148565.0,Northern,287.1,2292.8,High,-80.5247717485,35.6394734632,High
22973,22978,Pitt,49,173536.0,Coastal,261.0,2238.9,High,-77.3744965519,35.5932989746,High
22944,11689,Henderson,49,117429.0,Western,311.8,2039.7,High,-82.4799463782,35.3362263031,High
22931,28507,Durham,49,331347.0,Eastern,1133.7,3966.0,High,-78.8765926949,36.0360299243,High
22999,1949,Yancey,49,18320.0,Western,59.1,557.0,High,-82.3076279784,35.8989479924,High
23010,20512,Buncombe,50,271638.0,Western,410.4,3012.8,High,-82.5301070587,35.611177887,High
23086,1369,Swain,50,14046.0,Western,26.8,3517.8,High,-83.4927393736,35.4868150519,High
23035,30173,Gaston,50,233387.0,Central,640.7,2912.4,High,-81.1802416273,35.2943489527,High
23037,811,Graham,50,7935.0,Western,27.5,8085.4,High,-83.833581803,35.350171951,High
23000,20641,Alamance,50,175029.0,Northern,404.8,3065.6,High,-79.3994248175,36.0437098766,High
23067,9363,Orange,50,148331.0,Eastern,374.0,1991.9,High,-79.120649356,36.0611182361,High
23051,975,Jones,50,9076.0,Coastal,19.5,0.0,High,-77.3551679748,35.0217248029,High
23061,3634,Montgomery,50,25485.0,Eastern,52.4,2480.1,High,-79.9054790812,35.332466935,High
23024,10362,Craven,50,102568.0,Coastal,142.5,2112.3,High,-77.082003837,35.117685821,High
23079,19485,Rowan,50,148565.0,Northern,287.1,2292.8,High,-80.5247717485,35.6394734632,High
23044,11776,Henderson,50,117429.0,Western,311.8,2039.7,High,-82.4799463782,35.3362263031,High
23063,12398,Nash,50,96101.0,Coastal,175.7,1838.5,High,-77.9864448378,35.9672502839,High
23097,10608,Wilson,50,79078.0,Coastal,214.3,2386.9,High,-77.9186629547,35.7051457145,High
23023,7911,Columbus,50,49795.0,Coastal,54.0,2887.71,High,-78.6550308717,34.2656450828,High
23003,2872,Anson,50,22028.0,Central,41.5,2802.1,High,-80.102712026,34.9737894417,High
23040,53136,Guilford,50,545484.0,Northern,838.0,3371.1,High,-79.7889042685,36.0794717315,High
23017,21918,Catawba,50,162841.0,Northern,400.2,2802.5,High,-81.2150705598,35.662042354,High
23050,25386,Johnston,50,224833.0,Coastal,272.7,1547.3,High,-78.3657109025,35.5178069265,High
23039,2703,Greene,50,19978.0,Coastal,76.7,1640.3,High,-77.6757626742,35.4849957203,High
23085,9329,Surry,50,70573.0,Northern,134.0,1507.5,High,-80.6880779273,36.4148205561,High
23026,1798,Currituck,50,29385.0,Coastal,107.3,1344.3,High,-75.936949201,36.3672994836,High
23012,25434,Cabarrus,50,232873.0,Central,625.1,1374.8,High,-80.5518508851,35.3867940405,High
23054,11564,Lincoln,50,88742.0,Central,293.4,1745.2,High,-81.2235326264,35.4855950234,High
23007,1913,Bertie,50,17302.0,Coastal,25.7,1594.6,High,-76.9667121404,36.0656302022,High
23088,398,Tyrrell,50,3315.0,Coastal,8.3,957.2,High,-76.1704523585,35.8694070017,High
23055,3530,Macon,50,37041.0,Western,71.8,2077.4,High,-83.4221767088,35.1504672096,High
23065,2014,Northampton,50,16953.0,Eastern,32.6,2092.6,High,-77.3968212099,36.4177312434,High
23019,3165,Cherokee,50,28738.0,Western,63.2,3613.3,High,-84.063444228,35.1338574515,High
23006,5104,Beaufort,50,44150.0,Coastal,53.6,2157.95,High,-76.8453144055,35.486983815,High
23043,5183,Haywood,50,62831.0,Western,112.2,3591.8,High,-82.9821729698,35.5560557128,High
23027,2733,Dare,50,37817.0,Coastal,96.3,1872.9,High,-75.6852333134,35.664936694,High
23002,1154,Alleghany,50,11057.0,Northern,46.4,697.2,High,-81.1278593427,36.4912704378,High
23030,7587,Duplin,50,48249.0,Coastal,59.8,2911.6,High,-77.9330277459,34.9365348363,High
23087,2855,Transylvania,50,32825.0,Western,87.2,978.5,High,-82.7983001279,35.2021778635,High
23020,1654,Chowan,50,13646.0,Coastal,79.4,1402.6,High,-76.6021303656,36.1265615389,High
23066,20651,Onslow,50,207928.0,Coastal,268.4,2191.23,High,-77.4157658244,34.709836363,High
23018,5440,Chatham,50,77095.0,Eastern,111.9,1456.0,High,-79.2552758614,35.7025721296,High
23078,8881,Rockingham,50,90457.0,Northern,161.0,2130.4,High,-79.7749871967,36.3960127906,High
23011,11311,Burke,50,88398.0,Western,173.0,1836.1,High,-81.7047784739,35.7496106399,High
23001,4946,Alexander,50,36172.0,Northern,140.2,1440.7,High,-81.1770268506,35.9210263138,High
23062,10452,Moore,50,102966.0,Eastern,142.9,1617.3,High,-79.4813744392,35.3106538555,High
23064,22193,New Hanover,50,230423.0,Coastal,1174.0,2612.3,High,-77.865597569,34.1815553357,High
23080,8369,Rutherford,50,63870.0,Western,114.0,2009.9,High,-81.9198334642,35.4025956291,High
23049,4164,Jackson,50,41919.0,Western,87.8,1864.6,High,-83.1408496187,35.2875866253,High
23056,1826,Madison,50,21146.0,Western,47.1,1247.6,High,-82.7057582627,35.8580358086,High
23095,12676,Wayne,50,115895.0,Coastal,211.8,2813.0,High,-78.0039971272,35.3639599672,High
23032,6145,Edgecombe,50,48604.0,Coastal,96.7,2366.3,High,-77.5970588882,35.912880671,High
23092,1897,Warren,50,18621.0,Eastern,43.4,2235.0,High,-78.1067171324,36.3965102811,High
23038,6424,Granville,50,60720.0,Eastern,114.6,1466.3,High,-78.6527194252,36.3040698262,High
23083,8810,Stanly,50,62143.0,Central,158.2,2425.2,High,-80.2509863077,35.3119550622,High
23052,7138,Lee,50,64360.0,Eastern,248.1,1631.1,High,-79.1714836119,35.4751864248,High
23089,27982,Union,50,244960.0,Central,376.6,1582.3,High,-80.5307400446,34.9883574887,High
23099,1961,Yancey,50,18320.0,Western,59.1,557.0,High,-82.3076279784,35.8989479924,High
23090,5271,Vance,50,41665.0,Eastern,168.7,3584.5,High,-78.4079288849,36.3649169333,High
23070,6489,Pender,50,62250.0,Coastal,69.1,1461.9,High,-77.8884355846,34.5150997489,High
23073,23102,Pitt,50,173536.0,Coastal,261.0,2238.9,High,-77.3744965519,35.5932989746,High
23072,3926,Person,50,39048.0,Eastern,99.7,1862.8,High,-78.9718051426,36.3900951244,High
23071,1123,Perquimans,50,13049.0,Coastal,52.6,684.8,High,-76.4076199893,36.1772228503,High
23008,4328,Bladen,50,29171.0,Coastal,33.8,2578.5,High,-78.5636493115,34.6145873342,High
23060,1574,Mitchell,50,14783.0,Western,67.4,458.42,High,-82.1635815487,36.0132038869,High
23082,4430,Scotland,50,33662.0,Eastern,107.1,3528.0,High,-79.4804292418,34.8408848102,High
23057,2662,Martin,50,21503.0,Coastal,48.3,2717.4,High,-77.109232267,35.843213981,High
23036,811,Gates,50,10324.0,Coastal,30.8,750.9,High,-76.7005266521,36.4449435708,High
23053,6965,Lenoir,50,54323.0,Coastal,138.1,3246.04,High,-77.6412486292,35.2387731611,High
23077,19918,Robeson,50,115899.0,Coastal,123.0,5137.4,High,-79.1038649277,34.6402420514,High
23091,103058,Wake,50,1154170.0,Eastern,1353.3,1846.0,High,-78.6503081729,35.7902443741,High
23015,6067,Carteret,50,69039.0,Coastal,133.3,1912.1,High,-76.5357430669,34.8612598084,High
23005,2253,Avery,50,17347.0,Western,72.0,1003.4,High,-81.9226013745,36.0766050343,High
23084,4704,Stokes,50,44422.0,Northern,99.1,2146.85,High,-80.2395157151,36.4019040049,High
23075,16650,Randolph,50,143325.0,Northern,184.3,1615.5,High,-79.8060069064,35.7103417044,High
23029,4746,Davie,50,43127.0,Northern,162.0,1665.25,High,-80.5444636482,35.929110866,High
23059,129148,Mecklenburg,50,1128426.0,Central,2130.4,3736.1,High,-80.8327311406,35.2467670437,High
23047,689,Hyde,50,4595.0,Coastal,7.5,0.0,High,-76.1449651093,35.4081187361,High
23014,741,Camden,50,10537.0,Coastal,43.1,793.0,High,-76.1609504039,36.3411216216,High
23041,6183,Halifax,50,47859.0,Coastal,67.2,2754.7,High,-77.6517329831,36.2574485453,High
23033,40615,Forsyth,50,387703.0,Northern,938.1,4129.5,High,-80.256300016,36.1306195485,High
23074,1667,Polk,50,19461.0,Western,81.3,1596.5,High,-82.1696779265,35.2792789622,High
23034,7704,Franklin,50,70655.0,Eastern,139.4,1314.6,High,-78.2856965824,36.0827733527,High
23048,21645,Iredell,50,192986.0,Northern,325.0,1866.4,High,-80.8734378255,35.8070259189,High
23096,7945,Wilkes,50,65151.0,Northern,87.5,1887.3,High,-81.1633856618,36.2062757623,High
23025,35450,Cumberland,50,341793.0,Eastern,512.9,3748.5,High,-78.8275607671,35.048611942,High
23076,5623,Richmond,50,43006.0,Eastern,90.7,5508.4,High,-79.7477780226,35.0060483545,High
23068,1224,Pamlico,50,12215.0,Coastal,36.5,2321.5,High,-76.6694598427,35.151021226,High
23081,9067,Sampson,50,58371.0,Coastal,62.4,2241.9,High,-78.3713906105,34.9915361594,High
23094,5275,Watauga,50,54804.0,Northern,173.1,1191.8,High,-81.6964250718,36.2311062795,High
23058,5906,McDowell,50,44151.0,Western,101.3,2610.9,High,-82.0493124426,35.6816924709,High
23069,3696,Pasquotank,50,40966.0,Coastal,178.8,2078.8,High,-76.2492413613,36.2650187228,High
23045,2237,Hertford,50,20374.0,Coastal,61.0,2281.6,High,-76.9807147831,36.3586360305,High
23013,10314,Caldwell,50,81319.0,Northern,170.9,2504.8,High,-81.5464366451,35.9530379334,High
23009,11612,Brunswick,50,144821.0,Coastal,160.8,1537.1,High,-78.2274071617,34.0388755841,High
23022,13347,Cleveland,50,99332.0,Western,214.4,2001.7,High,-81.5555471412,35.3341018022,High
23031,28507,Durham,50,331347.0,Eastern,1133.7,3966.0,High,-78.8765926949,36.0360299243,High
23016,2364,Caswell,50,22400.0,Eastern,53.5,317.5,High,-79.3335234769,36.3932742158,High
23004,2489,Ashe,50,26506.0,Northern,62.3,1123.1,High,-81.5005211955,36.434424701,High
23042,14002,Harnett,50,134986.0,Eastern,224.5,2172.6,High,-78.8694125204,35.3686291614,High
23046,5636,Hoke,50,53783.0,Eastern,133.5,2028.14,High,-79.237290715,35.0175290075,High
23093,1209,Washington,50,10708.0,Coastal,31.8,1746.8,High,-76.5693098876,35.8392646425,High
23028,18904,Davidson,50,171752.0,Northern,305.4,1757.8,High,-80.2127487756,35.7933524917,High
23098,4596,Yadkin,50,36925.0,Northern,111.1,1820.8,High,-80.6652439331,36.1605336919,High
23021,1051,Clay,50,11238.0,Western,51.6,2288.34,High,-83.7501767115,35.0571811284,High
23191,103805,Wake,51,1154170.0,Eastern,1353.3,1846.0,High,-78.6503081729,35.7902443741,High
23152,7172,Lee,51,64360.0,Eastern,248.1,1631.1,High,-79.1714836119,35.4751864248,High
23188,405,Tyrrell,51,3315.0,Coastal,8.3,957.2,High,-76.1704523585,35.8694070017,High
23122,13408,Cleveland,51,99332.0,Western,214.4,2001.7,High,-81.5555471412,35.3341018022,High
23120,1662,Chowan,51,13646.0,Coastal,79.4,1402.6,High,-76.6021303656,36.1265615389,High
23154,11617,Lincoln,51,88742.0,Central,293.4,1745.2,High,-81.2235326264,35.4855950234,High
23193,1215,Washington,51,10708.0,Coastal,31.8,1746.8,High,-76.5693098876,35.8392646425,High
23150,25575,Johnston,51,224833.0,Coastal,272.7,1547.3,High,-78.3657109025,35.5178069265,High
23124,10452,Craven,51,102568.0,Coastal,142.5,2112.3,High,-77.082003837,35.117685821,High
23190,5288,Vance,51,41665.0,Eastern,168.7,3584.5,High,-78.4079288849,36.3649169333,High
23162,10528,Moore,51,102966.0,Eastern,142.9,1617.3,High,-79.4813744392,35.3106538555,High
23155,3545,Macon,51,37041.0,Western,71.8,2077.4,High,-83.4221767088,35.1504672096,High
23139,2713,Greene,51,19978.0,Coastal,76.7,1640.3,High,-77.6757626742,35.4849957203,High
23123,7971,Columbus,51,49795.0,Coastal,54.0,2887.71,High,-78.6550308717,34.2656450828,High
23125,35643,Cumberland,51,341793.0,Eastern,512.9,3748.5,High,-78.8275607671,35.048611942,High
23126,1805,Currituck,51,29385.0,Coastal,107.3,1344.3,High,-75.936949201,36.3672994836,High
23121,1060,Clay,51,11238.0,Western,51.6,2288.34,High,-83.7501767115,35.0571811284,High
23100,20735,Alamance,51,175029.0,Northern,404.8,3065.6,High,-79.3994248175,36.0437098766,High
23104,2510,Ashe,51,26506.0,Northern,62.3,1123.1,High,-81.5005211955,36.434424701,High
23161,3649,Montgomery,51,25485.0,Eastern,52.4,2480.1,High,-79.9054790812,35.332466935,High
23133,40807,Forsyth,51,387703.0,Northern,938.1,4129.5,High,-80.256300016,36.1306195485,High
23151,970,Jones,51,9076.0,Coastal,19.5,0.0,High,-77.3551679748,35.0217248029,High
23157,2683,Martin,51,21503.0,Coastal,48.3,2717.4,High,-77.109232267,35.843213981,High
23189,28112,Union,51,244960.0,Central,376.6,1582.3,High,-80.5307400446,34.9883574887,High
23156,1843,Madison,51,21146.0,Western,47.1,1247.6,High,-82.7057582627,35.8580358086,High
23103,2889,Anson,51,22028.0,Central,41.5,2802.1,High,-80.102712026,34.9737894417,High
23198,4616,Yadkin,51,36925.0,Northern,111.1,1820.8,High,-80.6652439331,36.1605336919,High
23153,7009,Lenoir,51,54323.0,Coastal,138.1,3246.04,High,-77.6412486292,35.2387731611,High
23160,1581,Mitchell,51,14783.0,Western,67.4,458.42,High,-82.1635815487,36.0132038869,High
23138,6465,Granville,51,60720.0,Eastern,114.6,1466.3,High,-78.6527194252,36.3040698262,High
23135,30337,Gaston,51,233387.0,Central,640.7,2912.4,High,-81.1802416273,35.2943489527,High
23105,2257,Avery,51,17347.0,Western,72.0,1003.4,High,-81.9226013745,36.0766050343,High
23159,129834,Mecklenburg,51,1128426.0,Central,2130.4,3736.1,High,-80.8327311406,35.2467670437,High
23106,5126,Beaufort,51,44150.0,Coastal,53.6,2157.95,High,-76.8453144055,35.486983815,High
23199,1988,Yancey,51,18320.0,Western,59.1,557.0,High,-82.3076279784,35.8989479924,High
23158,5968,McDowell,51,44151.0,Western,101.3,2610.9,High,-82.0493124426,35.6816924709,High
23166,20773,Onslow,51,207928.0,Coastal,268.4,2191.23,High,-77.4157658244,34.709836363,High
23140,53377,Guilford,51,545484.0,Northern,838.0,3371.1,High,-79.7889042685,36.0794717315,High
23113,10355,Caldwell,51,81319.0,Northern,170.9,2504.8,High,-81.5464366451,35.9530379334,High
23170,6543,Pender,51,62250.0,Coastal,69.1,1461.9,High,-77.8884355846,34.5150997489,High
23141,6218,Halifax,51,47859.0,Coastal,67.2,2754.7,High,-77.6517329831,36.2574485453,High
23128,18982,Davidson,51,171752.0,Northern,305.4,1757.8,High,-80.2127487756,35.7933524917,High
23145,2250,Hertford,51,20374.0,Coastal,61.0,2281.6,High,-76.9807147831,36.3586360305,High
23116,2381,Caswell,51,22400.0,Eastern,53.5,317.5,High,-79.3335234769,36.3932742158,High
23169,3716,Pasquotank,51,40966.0,Coastal,178.8,2078.8,High,-76.2492413613,36.2650187228,High
23108,4365,Bladen,51,29171.0,Coastal,33.8,2578.5,High,-78.5636493115,34.6145873342,High
23181,9109,Sampson,51,58371.0,Coastal,62.4,2241.9,High,-78.3713906105,34.9915361594,High
23194,5294,Watauga,51,54804.0,Northern,173.1,1191.8,High,-81.6964250718,36.2311062795,High
23176,5646,Richmond,51,43006.0,Eastern,90.7,5508.4,High,-79.7477780226,35.0060483545,High
23185,9371,Surry,51,70573.0,Northern,134.0,1507.5,High,-80.6880779273,36.4148205561,High
23117,22039,Catawba,51,162841.0,Northern,400.2,2802.5,High,-81.2150705598,35.662042354,High
23134,7752,Franklin,51,70655.0,Eastern,139.4,1314.6,High,-78.2856965824,36.0827733527,High
23197,10648,Wilson,51,79078.0,Coastal,214.3,2386.9,High,-77.9186629547,35.7051457145,High
23177,20040,Robeson,51,115899.0,Coastal,123.0,5137.4,High,-79.1038649277,34.6402420514,High
23168,1230,Pamlico,51,12215.0,Coastal,36.5,2321.5,High,-76.6694598427,35.151021226,High
23136,813,Gates,51,10324.0,Coastal,30.8,750.9,High,-76.7005266521,36.4449435708,High
23175,16711,Randolph,51,143325.0,Northern,184.3,1615.5,High,-79.8060069064,35.7103417044,High
23182,4466,Scotland,51,33662.0,Eastern,107.1,3528.0,High,-79.4804292418,34.8408848102,High
23142,14077,Harnett,51,134986.0,Eastern,224.5,2172.6,High,-78.8694125204,35.3686291614,High
23146,5659,Hoke,51,53783.0,Eastern,133.5,2028.14,High,-79.237290715,35.0175290075,High
23131,28705,Durham,51,331347.0,Eastern,1133.7,3966.0,High,-78.8765926949,36.0360299243,High
23173,23198,Pitt,51,173536.0,Coastal,261.0,2238.9,High,-77.3744965519,35.5932989746,High
23196,8006,Wilkes,51,65151.0,Northern,87.5,1887.3,High,-81.1633856618,36.2062757623,High
23114,745,Camden,51,10537.0,Coastal,43.1,793.0,High,-76.1609504039,36.3411216216,High
23172,3946,Person,51,39048.0,Eastern,99.7,1862.8,High,-78.9718051426,36.3900951244,High
23192,1901,Warren,51,18621.0,Eastern,43.4,2235.0,High,-78.1067171324,36.3965102811,High
23183,8868,Stanly,51,62143.0,Central,158.2,2425.2,High,-80.2509863077,35.3119550622,High
23163,12438,Nash,51,96101.0,Coastal,175.7,1838.5,High,-77.9864448378,35.9672502839,High
23115,6125,Carteret,51,69039.0,Coastal,133.3,1912.1,High,-76.5357430669,34.8612598084,High
23129,4776,Davie,51,43127.0,Northern,162.0,1665.25,High,-80.5444636482,35.929110866,High
23171,1128,Perquimans,51,13049.0,Coastal,52.6,684.8,High,-76.4076199893,36.1772228503,High
23147,689,Hyde,51,4595.0,Coastal,7.5,0.0,Moderate,-76.1449651093,35.4081187361,High
23174,1684,Polk,51,19461.0,Western,81.3,1596.5,High,-82.1696779265,35.2792789622,High
23109,11730,Brunswick,51,144821.0,Coastal,160.8,1537.1,High,-78.2274071617,34.0388755841,High
23184,4721,Stokes,51,44422.0,Northern,99.1,2146.85,High,-80.2395157151,36.4019040049,High
23144,11859,Henderson,51,117429.0,Western,311.8,2039.7,High,-82.4799463782,35.3362263031,High
23167,9407,Orange,51,148331.0,Eastern,374.0,1991.9,High,-79.120649356,36.0611182361,High
23148,21762,Iredell,51,192986.0,Northern,325.0,1866.4,High,-80.8734378255,35.8070259189,High
23127,2767,Dare,51,37817.0,Coastal,96.3,1872.9,High,-75.6852333134,35.664936694,High
23165,2027,Northampton,51,16953.0,Eastern,32.6,2092.6,High,-77.3968212099,36.4177312434,High
23186,1388,Swain,51,14046.0,Western,26.8,3517.8,High,-83.4927393736,35.4868150519,High
23143,5235,Haywood,51,62831.0,Western,112.2,3591.8,High,-82.9821729698,35.5560557128,High
23130,7637,Duplin,51,48249.0,Coastal,59.8,2911.6,High,-77.9330277459,34.9365348363,High
23132,6161,Edgecombe,51,48604.0,Coastal,96.7,2366.3,High,-77.5970588882,35.912880671,High
23119,3193,Cherokee,51,28738.0,Western,63.2,3613.3,High,-84.063444228,35.1338574515,High
23187,2868,Transylvania,51,32825.0,Western,87.2,978.5,High,-82.7983001279,35.2021778635,High
23178,8923,Rockingham,51,90457.0,Northern,161.0,2130.4,High,-79.7749871967,36.3960127906,High
23111,11391,Burke,51,88398.0,Western,173.0,1836.1,High,-81.7047784739,35.7496106399,High
23195,12755,Wayne,51,115895.0,Coastal,211.8,2813.0,High,-78.0039971272,35.3639599672,High
23101,4956,Alexander,51,36172.0,Northern,140.2,1440.7,High,-81.1770268506,35.9210263138,High
23118,5465,Chatham,51,77095.0,Eastern,111.9,1456.0,High,-79.2552758614,35.7025721296,High
23107,1929,Bertie,51,17302.0,Coastal,25.7,1594.6,High,-76.9667121404,36.0656302022,High
23180,8413,Rutherford,51,63870.0,Western,114.0,2009.9,High,-81.9198334642,35.4025956291,High
23164,22364,New Hanover,51,230423.0,Coastal,1174.0,2612.3,High,-77.865597569,34.1815553357,High
23179,19641,Rowan,51,148565.0,Northern,287.1,2292.8,High,-80.5247717485,35.6394734632,High
23102,1156,Alleghany,51,11057.0,Northern,46.4,697.2,High,-81.1278593427,36.4912704378,High
23137,825,Graham,51,7935.0,Western,27.5,8085.4,High,-83.833581803,35.350171951,High
23149,4198,Jackson,51,41919.0,Western,87.8,1864.6,High,-83.1408496187,35.2875866253,High
23112,25599,Cabarrus,51,232873.0,Central,625.1,1374.8,High,-80.5518508851,35.3867940405,High
23110,20651,Buncombe,51,271638.0,Western,410.4,3012.8,High,-82.5301070587,35.611177887,High
23214,745,Camden,52,10537.0,Coastal,43.1,793.0,High,-76.1609504039,36.3411216216,High
23231,28812,Durham,52,331347.0,Eastern,1133.7,3966.0,High,-78.8765926949,36.0360299243,High
23295,12755,Wayne,52,115895.0,Coastal,211.8,2813.0,High,-78.0039971272,35.3639599672,High
23257,2683,Martin,52,21503.0,Coastal,48.3,2717.4,High,-77.109232267,35.843213981,High
23229,4776,Davie,52,43127.0,Northern,162.0,1665.25,High,-80.5444636482,35.929110866,High
23291,103805,Wake,52,1154170.0,Eastern,1353.3,1846.0,High,-78.6503081729,35.7902443741,High
23279,19641,Rowan,52,148565.0,Northern,287.1,2292.8,High,-80.5247717485,35.6394734632,High
23211,11391,Burke,52,88398.0,Western,173.0,1836.1,High,-81.7047784739,35.7496106399,High
23224,10452,Craven,52,102568.0,Coastal,142.5,2112.3,High,-77.082003837,35.117685821,High
23273,23198,Pitt,52,173536.0,Coastal,261.0,2238.9,High,-77.3744965519,35.5932989746,High
23254,11617,Lincoln,52,88742.0,Central,293.4,1745.2,High,-81.2235326264,35.4855950234,High
23202,1156,Alleghany,52,11057.0,Northern,46.4,697.2,High,-81.1278593427,36.4912704378,High
23230,7637,Duplin,52,48249.0,Coastal,59.8,2911.6,High,-77.9330277459,34.9365348363,High
23209,11730,Brunswick,52,144821.0,Coastal,160.8,1537.1,High,-78.2274071617,34.0388755841,High
23223,7971,Columbus,52,49795.0,Coastal,54.0,2887.71,High,-78.6550308717,34.2656450828,High
23274,1684,Polk,52,19461.0,Western,81.3,1596.5,High,-82.1696779265,35.2792789622,High
23244,11859,Henderson,52,117429.0,Western,311.8,2039.7,High,-82.4799463782,35.3362263031,High
23212,25599,Cabarrus,52,232873.0,Central,625.1,1374.8,High,-80.5518508851,35.3867940405,High
23210,20651,Buncombe,52,271638.0,Western,410.4,3012.8,High,-82.5301070587,35.611177887,High
23234,7752,Franklin,52,70655.0,Eastern,139.4,1314.6,High,-78.2856965824,36.0827733527,High
23276,5646,Richmond,52,43006.0,Eastern,90.7,5508.4,High,-79.7477780226,35.0060483545,High
23256,1843,Madison,52,21146.0,Western,47.1,1247.6,High,-82.7057582627,35.8580358086,High
23280,8413,Rutherford,52,63870.0,Western,114.0,2009.9,High,-81.9198334642,35.4025956291,High
23277,20040,Robeson,52,115899.0,Coastal,123.0,5137.4,High,-79.1038649277,34.6402420514,High
23225,35643,Cumberland,52,341793.0,Eastern,512.9,3748.5,High,-78.8275607671,35.048611942,High
23281,9109,Sampson,52,58371.0,Coastal,62.4,2241.9,High,-78.3713906105,34.9915361594,High
23243,5235,Haywood,52,62831.0,Western,112.2,3591.8,High,-82.9821729698,35.5560557128,High
23238,6465,Granville,52,60720.0,Eastern,114.6,1466.3,High,-78.6527194252,36.3040698262,High
23204,2510,Ashe,52,26506.0,Northern,62.3,1123.1,High,-81.5005211955,36.434424701,High
23200,20735,Alamance,52,175029.0,Northern,404.8,3065.6,High,-79.3994248175,36.0437098766,High
23278,8923,Rockingham,52,90457.0,Northern,161.0,2130.4,High,-79.7749871967,36.3960127906,High
23299,1988,Yancey,52,18320.0,Western,59.1,557.0,High,-82.3076279784,35.8989479924,High
23233,40807,Forsyth,52,387703.0,Northern,938.1,4129.5,High,-80.256300016,36.1306195485,High
23213,10355,Caldwell,52,81319.0,Northern,170.9,2504.8,High,-81.5464366451,35.9530379334,High
23275,16711,Randolph,52,143325.0,Northern,184.3,1615.5,High,-79.8060069064,35.7103417044,High
23253,7009,Lenoir,52,54323.0,Coastal,138.1,3246.04,High,-77.6412486292,35.2387731611,High
23255,3545,Macon,52,37041.0,Western,71.8,2077.4,High,-83.4221767088,35.1504672096,High
23282,4466,Scotland,52,33662.0,Eastern,107.1,3528.0,High,-79.4804292418,34.8408848102,High
23245,2250,Hertford,52,20374.0,Coastal,61.0,2281.6,High,-76.9807147831,36.3586360305,High
23294,5294,Watauga,52,54804.0,Northern,173.1,1191.8,High,-81.6964250718,36.2311062795,High
23283,8868,Stanly,52,62143.0,Central,158.2,2425.2,High,-80.2509863077,35.3119550622,High
23222,13408,Cleveland,52,99332.0,Western,214.4,2001.7,High,-81.5555471412,35.3341018022,High
23258,5968,McDowell,52,44151.0,Western,101.3,2610.9,High,-82.0493124426,35.6816924709,High
23285,9371,Surry,52,70573.0,Northern,134.0,1507.5,High,-80.6880779273,36.4148205561,High
23239,2713,Greene,52,19978.0,Coastal,76.7,1640.3,High,-77.6757626742,35.4849957203,High
23217,22039,Catawba,52,162841.0,Northern,400.2,2802.5,High,-81.2150705598,35.662042354,High
23297,10648,Wilson,52,79078.0,Coastal,214.3,2386.9,High,-77.9186629547,35.7051457145,High
23267,9407,Orange,52,148331.0,Eastern,374.0,1991.9,High,-79.120649356,36.0611182361,High
23226,1805,Currituck,52,29385.0,Coastal,107.3,1344.3,High,-75.936949201,36.3672994836,High
23261,3649,Montgomery,52,25485.0,Eastern,52.4,2480.1,High,-79.9054790812,35.332466935,High
23286,1388,Swain,52,14046.0,Western,26.8,3517.8,High,-83.4927393736,35.4868150519,High
23251,970,Jones,52,9076.0,Coastal,19.5,0.0,High,-77.3551679748,35.0217248029,High
23201,4956,Alexander,52,36172.0,Northern,140.2,1440.7,High,-81.1770268506,35.9210263138,High
23266,20773,Onslow,52,207928.0,Coastal,268.4,2191.23,High,-77.4157658244,34.709836363,High
23207,1929,Bertie,52,17302.0,Coastal,25.7,1594.6,High,-76.9667121404,36.0656302022,High
23249,4198,Jackson,52,41919.0,Western,87.8,1864.6,High,-83.1408496187,35.2875866253,High
23268,1230,Pamlico,52,12215.0,Coastal,36.5,2321.5,High,-76.6694598427,35.151021226,High
23262,10528,Moore,52,102966.0,Eastern,142.9,1617.3,High,-79.4813744392,35.3106538555,High
23235,30337,Gaston,52,233387.0,Central,640.7,2912.4,High,-81.1802416273,35.2943489527,High
23227,2767,Dare,52,37817.0,Coastal,96.3,1872.9,High,-75.6852333134,35.664936694,High
23265,2027,Northampton,52,16953.0,Eastern,32.6,2092.6,High,-77.3968212099,36.4177312434,High
23206,5126,Beaufort,52,44150.0,Coastal,53.6,2157.95,High,-76.8453144055,35.486983815,High
23237,825,Graham,52,7935.0,Western,27.5,8085.4,High,-83.833581803,35.350171951,High
23288,405,Tyrrell,52,3315.0,Coastal,8.3,957.2,High,-76.1704523585,35.8694070017,High
23232,6161,Edgecombe,52,48604.0,Coastal,96.7,2366.3,High,-77.5970588882,35.912880671,High
23220,1662,Chowan,52,13646.0,Coastal,79.4,1402.6,High,-76.6021303656,36.1265615389,High
23287,2868,Transylvania,52,32825.0,Western,87.2,978.5,High,-82.7983001279,35.2021778635,High
23219,3193,Cherokee,52,28738.0,Western,63.2,3613.3,High,-84.063444228,35.1338574515,High
23264,22364,New Hanover,52,230423.0,Coastal,1174.0,2612.3,High,-77.865597569,34.1815553357,High
23263,12438,Nash,52,96101.0,Coastal,175.7,1838.5,High,-77.9864448378,35.9672502839,High
23240,53377,Guilford,52,545484.0,Northern,838.0,3371.1,High,-79.7889042685,36.0794717315,High
23250,25575,Johnston,52,224833.0,Coastal,272.7,1547.3,High,-78.3657109025,35.5178069265,High
23218,5465,Chatham,52,77095.0,Eastern,111.9,1456.0,High,-79.2552758614,35.7025721296,High
23269,3716,Pasquotank,52,40966.0,Coastal,178.8,2078.8,High,-76.2492413613,36.2650187228,High
23248,21762,Iredell,52,192986.0,Northern,325.0,1866.4,High,-80.8734378255,35.8070259189,High
23221,1060,Clay,52,11238.0,Western,51.6,2288.34,High,-83.7501767115,35.0571811284,High
23242,14077,Harnett,52,134986.0,Eastern,224.5,2172.6,High,-78.8694125204,35.3686291614,High
23246,5659,Hoke,52,53783.0,Eastern,133.5,2028.14,High,-79.237290715,35.0175290075,High
23290,5288,Vance,52,41665.0,Eastern,168.7,3584.5,High,-78.4079288849,36.3649169333,High
23296,8006,Wilkes,52,65151.0,Northern,87.5,1887.3,High,-81.1633856618,36.2062757623,High
23272,3946,Person,52,39048.0,Eastern,99.7,1862.8,High,-78.9718051426,36.3900951244,High
23252,7172,Lee,52,64360.0,Eastern,248.1,1631.1,High,-79.1714836119,35.4751864248,High
23215,6125,Carteret,52,69039.0,Coastal,133.3,1912.1,High,-76.5357430669,34.8612598084,High
23271,1128,Perquimans,52,13049.0,Coastal,52.6,684.8,High,-76.4076199893,36.1772228503,High
23247,689,Hyde,52,4595.0,Coastal,7.5,0.0,Moderate,-76.1449651093,35.4081187361,High
23259,129834,Mecklenburg,52,1128426.0,Central,2130.4,3736.1,High,-80.8327311406,35.2467670437,High
23298,4616,Yadkin,52,36925.0,Northern,111.1,1820.8,High,-80.6652439331,36.1605336919,High
23216,2381,Caswell,52,22400.0,Eastern,53.5,317.5,High,-79.3335234769,36.3932742158,High
23284,4721,Stokes,52,44422.0,Northern,99.1,2146.85,High,-80.2395157151,36.4019040049,High
23236,813,Gates,52,10324.0,Coastal,30.8,750.9,High,-76.7005266521,36.4449435708,High
23205,2257,Avery,52,17347.0,Western,72.0,1003.4,High,-81.9226013745,36.0766050343,High
23292,1901,Warren,52,18621.0,Eastern,43.4,2235.0,High,-78.1067171324,36.3965102811,High
23208,4365,Bladen,52,29171.0,Coastal,33.8,2578.5,High,-78.5636493115,34.6145873342,High
23241,6218,Halifax,52,47859.0,Coastal,67.2,2754.7,High,-77.6517329831,36.2574485453,High
23228,18982,Davidson,52,171752.0,Northern,305.4,1757.8,High,-80.2127487756,35.7933524917,High
23289,28112,Union,52,244960.0,Central,376.6,1582.3,High,-80.5307400446,34.9883574887,High
23260,1581,Mitchell,52,14783.0,Western,67.4,458.42,High,-82.1635815487,36.0132038869,High
23270,6543,Pender,52,62250.0,Coastal,69.1,1461.9,High,-77.8884355846,34.5150997489,High
23293,1215,Washington,52,10708.0,Coastal,31.8,1746.8,High,-76.5693098876,35.8392646425,High
23203,2889,Anson,52,22028.0,Central,41.5,2802.1,High,-80.102712026,34.9737894417,High
23393,1215,Washington,53,10708.0,Coastal,31.8,1746.8,High,-76.5693098876,35.8392646425,High
23300,20735,Alamance,53,175029.0,Northern,404.8,3065.6,High,-79.3994248175,36.0437098766,High
23396,8006,Wilkes,53,65151.0,Northern,87.5,1887.3,High,-81.1633856618,36.2062757623,High
23302,1156,Alleghany,53,11057.0,Northern,46.4,697.2,High,-81.1278593427,36.4912704378,High
23399,1988,Yancey,53,18320.0,Western,59.1,557.0,High,-82.3076279784,35.8989479924,High
23334,7752,Franklin,53,70655.0,Eastern,139.4,1314.6,High,-78.2856965824,36.0827733527,High
23395,12755,Wayne,53,115895.0,Coastal,211.8,2813.0,High,-78.0039971272,35.3639599672,High
23337,825,Graham,53,7935.0,Western,27.5,8085.4,High,-83.833581803,35.350171951,High
23398,4616,Yadkin,53,36925.0,Northern,111.1,1820.8,High,-80.6652439331,36.1605336919,High
23397,10648,Wilson,53,79078.0,Coastal,214.3,2386.9,High,-77.9186629547,35.7051457145,High
23335,30337,Gaston,53,233387.0,Central,640.7,2912.4,High,-81.1802416273,35.2943489527,High
23336,813,Gates,53,10324.0,Coastal,30.8,750.9,High,-76.7005266521,36.4449435708,High
23301,4956,Alexander,53,36172.0,Northern,140.2,1440.7,High,-81.1770268506,35.9210263138,High
23303,2889,Anson,53,22028.0,Central,41.5,2802.1,High,-80.102712026,34.9737894417,High
23394,5294,Watauga,53,54804.0,Northern,173.1,1191.8,High,-81.6964250718,36.2311062795,High
23344,11859,Henderson,53,117429.0,Western,311.8,2039.7,High,-82.4799463782,35.3362263031,High
23309,11730,Brunswick,53,144821.0,Coastal,160.8,1537.1,High,-78.2274071617,34.0388755841,High
23350,25575,Johnston,53,224833.0,Coastal,272.7,1547.3,High,-78.3657109025,35.5178069265,High
23315,6125,Carteret,53,69039.0,Coastal,133.3,1912.1,High,-76.5357430669,34.8612598084,High
23331,28812,Durham,53,331347.0,Eastern,1133.7,3966.0,High,-78.8765926949,36.0360299243,High
23345,2250,Hertford,53,20374.0,Coastal,61.0,2281.6,High,-76.9807147831,36.3586360305,High
23320,1662,Chowan,53,13646.0,Coastal,79.4,1402.6,High,-76.6021303656,36.1265615389,High
23342,14077,Harnett,53,134986.0,Eastern,224.5,2172.6,High,-78.8694125204,35.3686291614,High
23383,8868,Stanly,53,62143.0,Central,158.2,2425.2,High,-80.2509863077,35.3119550622,High
23316,2381,Caswell,53,22400.0,Eastern,53.5,317.5,High,-79.3335234769,36.3932742158,High
23363,12438,Nash,53,96101.0,Coastal,175.7,1838.5,High,-77.9864448378,35.9672502839,High
23384,4721,Stokes,53,44422.0,Northern,99.1,2146.85,High,-80.2395157151,36.4019040049,High
23351,970,Jones,53,9076.0,Coastal,19.5,0.0,High,-77.3551679748,35.0217248029,High
23313,10355,Caldwell,53,81319.0,Northern,170.9,2504.8,High,-81.5464366451,35.9530379334,High
23308,4365,Bladen,53,29171.0,Coastal,33.8,2578.5,High,-78.5636493115,34.6145873342,High
23328,18982,Davidson,53,171752.0,Northern,305.4,1757.8,High,-80.2127487756,35.7933524917,High
23361,3649,Montgomery,53,25485.0,Eastern,52.4,2480.1,High,-79.9054790812,35.332466935,High
23341,6218,Halifax,53,47859.0,Coastal,67.2,2754.7,High,-77.6517329831,36.2574485453,High
23385,9371,Surry,53,70573.0,Northern,134.0,1507.5,High,-80.6880779273,36.4148205561,High
23378,8923,Rockingham,53,90457.0,Northern,161.0,2130.4,High,-79.7749871967,36.3960127906,High
23362,10528,Moore,53,102966.0,Eastern,142.9,1617.3,High,-79.4813744392,35.3106538555,High
23376,5646,Richmond,53,43006.0,Eastern,90.7,5508.4,High,-79.7477780226,35.0060483545,High
23364,22364,New Hanover,53,230423.0,Coastal,1174.0,2612.3,High,-77.865597569,34.1815553357,High
23369,3716,Pasquotank,53,40966.0,Coastal,178.8,2078.8,High,-76.2492413613,36.2650187228,High
23330,7637,Duplin,53,48249.0,Coastal,59.8,2911.6,High,-77.9330277459,34.9365348363,High
23317,22039,Catawba,53,162841.0,Northern,400.2,2802.5,High,-81.2150705598,35.662042354,High
23311,11391,Burke,53,88398.0,Western,173.0,1836.1,High,-81.7047784739,35.7496106399,High
23379,19641,Rowan,53,148565.0,Northern,287.1,2292.8,High,-80.5247717485,35.6394734632,High
23366,20773,Onslow,53,207928.0,Coastal,268.4,2191.23,High,-77.4157658244,34.709836363,High
23349,4198,Jackson,53,41919.0,Western,87.8,1864.6,High,-83.1408496187,35.2875866253,High
23377,20040,Robeson,53,115899.0,Coastal,123.0,5137.4,High,-79.1038649277,34.6402420514,High
23312,25599,Cabarrus,53,232873.0,Central,625.1,1374.8,High,-80.5518508851,35.3867940405,High
23318,5465,Chatham,53,77095.0,Eastern,111.9,1456.0,High,-79.2552758614,35.7025721296,High
23348,21762,Iredell,53,192986.0,Northern,325.0,1866.4,High,-80.8734378255,35.8070259189,High
23343,5235,Haywood,53,62831.0,Western,112.2,3591.8,High,-82.9821729698,35.5560557128,High
23380,8413,Rutherford,53,63870.0,Western,114.0,2009.9,High,-81.9198334642,35.4025956291,High
23327,2767,Dare,53,37817.0,Coastal,96.3,1872.9,High,-75.6852333134,35.664936694,High
23368,1230,Pamlico,53,12215.0,Coastal,36.5,2321.5,High,-76.6694598427,35.151021226,High
23365,2027,Northampton,53,16953.0,Eastern,32.6,2092.6,High,-77.3968212099,36.4177312434,High
23310,20651,Buncombe,53,271638.0,Western,410.4,3012.8,High,-82.5301070587,35.611177887,High
23381,9109,Sampson,53,58371.0,Coastal,62.4,2241.9,High,-78.3713906105,34.9915361594,High
23319,3193,Cherokee,53,28738.0,Western,63.2,3613.3,High,-84.063444228,35.1338574515,High
23382,4466,Scotland,53,33662.0,Eastern,107.1,3528.0,High,-79.4804292418,34.8408848102,High
23326,1805,Currituck,53,29385.0,Coastal,107.3,1344.3,High,-75.936949201,36.3672994836,High
23386,1388,Swain,53,14046.0,Western,26.8,3517.8,High,-83.4927393736,35.4868150519,High
23367,9407,Orange,53,148331.0,Eastern,374.0,1991.9,High,-79.120649356,36.0611182361,High
23370,6543,Pender,53,62250.0,Coastal,69.1,1461.9,High,-77.8884355846,34.5150997489,High
23321,1060,Clay,53,11238.0,Western,51.6,2288.34,High,-83.7501767115,35.0571811284,High
23371,1128,Perquimans,53,13049.0,Coastal,52.6,684.8,High,-76.4076199893,36.1772228503,High
23392,1901,Warren,53,18621.0,Eastern,43.4,2235.0,High,-78.1067171324,36.3965102811,High
23325,35643,Cumberland,53,341793.0,Eastern,512.9,3748.5,High,-78.8275607671,35.048611942,High
23323,7971,Columbus,53,49795.0,Coastal,54.0,2887.71,High,-78.6550308717,34.2656450828,High
23305,2257,Avery,53,17347.0,Western,72.0,1003.4,High,-81.9226013745,36.0766050343,High
23390,5288,Vance,53,41665.0,Eastern,168.7,3584.5,High,-78.4079288849,36.3649169333,High
23373,23198,Pitt,53,173536.0,Coastal,261.0,2238.9,High,-77.3744965519,35.5932989746,High
23389,28112,Union,53,244960.0,Central,376.6,1582.3,High,-80.5307400446,34.9883574887,High
23391,103805,Wake,53,1154170.0,Eastern,1353.3,1846.0,High,-78.6503081729,35.7902443741,High
23333,40807,Forsyth,53,387703.0,Northern,938.1,4129.5,High,-80.256300016,36.1306195485,High
23355,3545,Macon,53,37041.0,Western,71.8,2077.4,High,-83.4221767088,35.1504672096,High
23324,10452,Craven,53,102568.0,Coastal,142.5,2112.3,High,-77.082003837,35.117685821,High
23304,2510,Ashe,53,26506.0,Northern,62.3,1123.1,High,-81.5005211955,36.434424701,High
23372,3946,Person,53,39048.0,Eastern,99.7,1862.8,High,-78.9718051426,36.3900951244,High
23346,5659,Hoke,53,53783.0,Eastern,133.5,2028.14,High,-79.237290715,35.0175290075,High
23338,6465,Granville,53,60720.0,Eastern,114.6,1466.3,High,-78.6527194252,36.3040698262,High
23354,11617,Lincoln,53,88742.0,Central,293.4,1745.2,High,-81.2235326264,35.4855950234,High
23356,1843,Madison,53,21146.0,Western,47.1,1247.6,High,-82.7057582627,35.8580358086,High
23339,2713,Greene,53,19978.0,Coastal,76.7,1640.3,High,-77.6757626742,35.4849957203,High
23353,7009,Lenoir,53,54323.0,Coastal,138.1,3246.04,High,-77.6412486292,35.2387731611,High
23314,745,Camden,53,10537.0,Coastal,43.1,793.0,High,-76.1609504039,36.3411216216,High
23375,16711,Randolph,53,143325.0,Northern,184.3,1615.5,High,-79.8060069064,35.7103417044,High
23307,1929,Bertie,53,17302.0,Coastal,25.7,1594.6,High,-76.9667121404,36.0656302022,High
23332,6161,Edgecombe,53,48604.0,Coastal,96.7,2366.3,High,-77.5970588882,35.912880671,High
23360,1581,Mitchell,53,14783.0,Western,67.4,458.42,High,-82.1635815487,36.0132038869,High
23387,2868,Transylvania,53,32825.0,Western,87.2,978.5,High,-82.7983001279,35.2021778635,High
23359,129834,Mecklenburg,53,1128426.0,Central,2130.4,3736.1,High,-80.8327311406,35.2467670437,High
23352,7172,Lee,53,64360.0,Eastern,248.1,1631.1,High,-79.1714836119,35.4751864248,High
23357,2683,Martin,53,21503.0,Coastal,48.3,2717.4,High,-77.109232267,35.843213981,High
23374,1684,Polk,53,19461.0,Western,81.3,1596.5,High,-82.1696779265,35.2792789622,High
23340,53377,Guilford,53,545484.0,Northern,838.0,3371.1,High,-79.7889042685,36.0794717315,High
23358,5968,McDowell,53,44151.0,Western,101.3,2610.9,High,-82.0493124426,35.6816924709,High
23322,13408,Cleveland,53,99332.0,Western,214.4,2001.7,High,-81.5555471412,35.3341018022,High
23347,689,Hyde,53,4595.0,Coastal,7.5,0.0,Moderate,-76.1449651093,35.4081187361,High
23329,4776,Davie,53,43127.0,Northern,162.0,1665.25,High,-80.5444636482,35.929110866,High
23388,405,Tyrrell,53,3315.0,Coastal,8.3,957.2,High,-76.1704523585,35.8694070017,High
23306,5126,Beaufort,53,44150.0,Coastal,53.6,2157.95,High,-76.8453144055,35.486983815,High
23416,2408,Caswell,54,22400.0,Eastern,53.5,317.5,High,-79.3335234769,36.3932742158,High
23417,22317,Catawba,54,162841.0,Northern,400.2,2802.5,High,-81.2150705598,35.662042354,High
23436,823,Gates,54,10324.0,Coastal,30.8,750.9,High,-76.7005266521,36.4449435708,High
23470,6692,Pender,54,62250.0,Coastal,69.1,1461.9,High,-77.8884355846,34.5150997489,High
23447,695,Hyde,54,4595.0,Coastal,7.5,0.0,High,-76.1449651093,35.4081187361,High
23469,3776,Pasquotank,54,40966.0,Coastal,178.8,2078.8,High,-76.2492413613,36.2650187228,High
23415,6206,Carteret,54,69039.0,Coastal,133.3,1912.1,High,-76.5357430669,34.8612598084,High
23448,22097,Iredell,54,192986.0,Northern,325.0,1866.4,High,-80.8734378255,35.8070259189,High
23471,1146,Perquimans,54,13049.0,Coastal,52.6,684.8,High,-76.4076199893,36.1772228503,High
23468,1242,Pamlico,54,12215.0,Coastal,36.5,2321.5,High,-76.6694598427,35.151021226,High
23428,19280,Davidson,54,171752.0,Northern,305.4,1757.8,High,-80.2127487756,35.7933524917,High
23492,1915,Warren,54,18621.0,Eastern,43.4,2235.0,High,-78.1067171324,36.3965102811,High
23401,5040,Alexander,54,36172.0,Northern,140.2,1440.7,High,-81.1770268506,35.9210263138,High
23459,131438,Mecklenburg,54,1128426.0,Central,2130.4,3736.1,High,-80.8327311406,35.2467670437,High
23498,4685,Yadkin,54,36925.0,Northern,111.1,1820.8,High,-80.6652439331,36.1605336919,High
23452,7299,Lee,54,64360.0,Eastern,248.1,1631.1,High,-79.1714836119,35.4751864248,High
23422,13621,Cleveland,54,99332.0,Western,214.4,2001.7,High,-81.5555471412,35.3341018022,High
23458,6126,McDowell,54,44151.0,Western,101.3,2610.9,High,-82.0493124426,35.6816924709,High
23457,2723,Martin,54,21503.0,Coastal,48.3,2717.4,High,-77.109232267,35.843213981,High
23460,1603,Mitchell,54,14783.0,Western,67.4,458.42,High,-82.1635815487,36.0132038869,High
23453,7113,Lenoir,54,54323.0,Coastal,138.1,3246.04,High,-77.6412486292,35.2387731611,High
23425,36131,Cumberland,54,341793.0,Eastern,512.9,3748.5,High,-78.8275607671,35.048611942,High
23423,8124,Columbus,54,49795.0,Coastal,54.0,2887.71,High,-78.6550308717,34.2656450828,High
23456,1898,Madison,54,21146.0,Western,47.1,1247.6,High,-82.7057582627,35.8580358086,High
23455,3615,Macon,54,37041.0,Western,71.8,2077.4,High,-83.4221767088,35.1504672096,High
23424,10580,Craven,54,102568.0,Coastal,142.5,2112.3,High,-77.082003837,35.117685821,High
23454,11786,Lincoln,54,88742.0,Central,293.4,1745.2,High,-81.2235326264,35.4855950234,High
23400,20954,Alamance,54,175029.0,Northern,404.8,3065.6,High,-79.3994248175,36.0437098766,High
23497,10734,Wilson,54,79078.0,Coastal,214.3,2386.9,High,-77.9186629547,35.7051457145,High
23421,1080,Clay,54,11238.0,Western,51.6,2288.34,High,-83.7501767115,35.0571811284,High
23461,3687,Montgomery,54,25485.0,Eastern,52.4,2480.1,High,-79.9054790812,35.332466935,High
23466,21070,Onslow,54,207928.0,Coastal,268.4,2191.23,High,-77.4157658244,34.709836363,High
23449,4243,Jackson,54,41919.0,Western,87.8,1864.6,High,-83.1408496187,35.2875866253,High
23499,2067,Yancey,54,18320.0,Western,59.1,557.0,High,-82.3076279784,35.8989479924,High
23418,5554,Chatham,54,77095.0,Eastern,111.9,1456.0,High,-79.2552758614,35.7025721296,High
23427,2841,Dare,54,37817.0,Coastal,96.3,1872.9,High,-75.6852333134,35.664936694,High
23465,2053,Northampton,54,16953.0,Eastern,32.6,2092.6,High,-77.3968212099,36.4177312434,High
23426,1843,Currituck,54,29385.0,Coastal,107.3,1344.3,High,-75.936949201,36.3672994836,High
23419,3301,Cherokee,54,28738.0,Western,63.2,3613.3,High,-84.063444228,35.1338574515,High
23463,12591,Nash,54,96101.0,Coastal,175.7,1838.5,High,-77.9864448378,35.9672502839,High
23450,26043,Johnston,54,224833.0,Coastal,272.7,1547.3,High,-78.3657109025,35.5178069265,High
23420,1690,Chowan,54,13646.0,Coastal,79.4,1402.6,High,-76.6021303656,36.1265615389,High
23435,30756,Gaston,54,233387.0,Central,640.7,2912.4,High,-81.1802416273,35.2943489527,High
23462,10711,Moore,54,102966.0,Eastern,142.9,1617.3,High,-79.4813744392,35.3106538555,High
23451,992,Jones,54,9076.0,Coastal,19.5,0.0,High,-77.3551679748,35.0217248029,High
23464,22782,New Hanover,54,230423.0,Coastal,1174.0,2612.3,High,-77.865597569,34.1815553357,High
23496,8130,Wilkes,54,65151.0,Northern,87.5,1887.3,High,-81.1633856618,36.2062757623,High
23473,23482,Pitt,54,173536.0,Coastal,261.0,2238.9,High,-77.3744965519,35.5932989746,High
23431,29050,Durham,54,331347.0,Eastern,1133.7,3966.0,High,-78.8765926949,36.0360299243,High
23485,9499,Surry,54,70573.0,Northern,134.0,1507.5,High,-80.6880779273,36.4148205561,High
23441,6300,Halifax,54,47859.0,Coastal,67.2,2754.7,High,-77.6517329831,36.2574485453,High
23408,4490,Bladen,54,29171.0,Coastal,33.8,2578.5,High,-78.5636493115,34.6145873342,High
23484,4781,Stokes,54,44422.0,Northern,99.1,2146.85,High,-80.2395157151,36.4019040049,High
23483,9004,Stanly,54,62143.0,Central,158.2,2425.2,High,-80.2509863077,35.3119550622,High
23442,14320,Harnett,54,134986.0,Eastern,224.5,2172.6,High,-78.8694125204,35.3686291614,High
23486,1409,Swain,54,14046.0,Western,26.8,3517.8,High,-83.4927393736,35.4868150519,High
23494,5365,Watauga,54,54804.0,Northern,173.1,1191.8,High,-81.6964250718,36.2311062795,High
23482,4531,Scotland,54,33662.0,Eastern,107.1,3528.0,High,-79.4804292418,34.8408848102,High
23481,9212,Sampson,54,58371.0,Coastal,62.4,2241.9,High,-78.3713906105,34.9915361594,High
23410,21000,Buncombe,54,271638.0,Western,410.4,3012.8,High,-82.5301070587,35.611177887,High
23480,8521,Rutherford,54,63870.0,Western,114.0,2009.9,High,-81.9198334642,35.4025956291,High
23443,5324,Haywood,54,62831.0,Western,112.2,3591.8,High,-82.9821729698,35.5560557128,High
23495,12881,Wayne,54,115895.0,Coastal,211.8,2813.0,High,-78.0039971272,35.3639599672,High
23409,12016,Brunswick,54,144821.0,Coastal,160.8,1537.1,High,-78.2274071617,34.0388755841,High
23402,1159,Alleghany,54,11057.0,Northern,46.4,697.2,High,-81.1278593427,36.4912704378,High
23407,1963,Bertie,54,17302.0,Coastal,25.7,1594.6,High,-76.9667121404,36.0656302022,High
23487,2926,Transylvania,54,32825.0,Western,87.2,978.5,High,-82.7983001279,35.2021778635,High
23438,6561,Granville,54,60720.0,Eastern,114.6,1466.3,High,-78.6527194252,36.3040698262,High
23404,2555,Ashe,54,26506.0,Northern,62.3,1123.1,High,-81.5005211955,36.434424701,High
23433,41343,Forsyth,54,387703.0,Northern,938.1,4129.5,High,-80.256300016,36.1306195485,High
23491,104505,Wake,54,1154170.0,Eastern,1353.3,1846.0,High,-78.6503081729,35.7902443741,High
23490,5339,Vance,54,41665.0,Eastern,168.7,3584.5,High,-78.4079288849,36.3649169333,High
23405,2269,Avery,54,17347.0,Western,72.0,1003.4,High,-81.9226013745,36.0766050343,High
23432,6237,Edgecombe,54,48604.0,Coastal,96.7,2366.3,High,-77.5970588882,35.912880671,High
23493,1232,Washington,54,10708.0,Coastal,31.8,1746.8,High,-76.5693098876,35.8392646425,High
23489,28457,Union,54,244960.0,Central,376.6,1582.3,High,-80.5307400446,34.9883574887,High
23439,2755,Greene,54,19978.0,Coastal,76.7,1640.3,High,-77.6757626742,35.4849957203,High
23488,411,Tyrrell,54,3315.0,Coastal,8.3,957.2,High,-76.1704523585,35.8694070017,High
23437,839,Graham,54,7935.0,Western,27.5,8085.4,High,-83.833581803,35.350171951,High
23406,5197,Beaufort,54,44150.0,Coastal,53.6,2157.95,High,-76.8453144055,35.486983815,High
23440,54006,Guilford,54,545484.0,Northern,838.0,3371.1,High,-79.7889042685,36.0794717315,High
23403,2946,Anson,54,22028.0,Central,41.5,2802.1,High,-80.102712026,34.9737894417,High
23479,20090,Rowan,54,148565.0,Northern,287.1,2292.8,High,-80.5247717485,35.6394734632,High
23467,9516,Orange,54,148331.0,Eastern,374.0,1991.9,High,-79.120649356,36.0611182361,High
23430,7799,Duplin,54,48249.0,Coastal,59.8,2911.6,High,-77.9330277459,34.9365348363,High
23411,11590,Burke,54,88398.0,Western,173.0,1836.1,High,-81.7047784739,35.7496106399,High
23434,7849,Franklin,54,70655.0,Eastern,139.4,1314.6,High,-78.2856965824,36.0827733527,High
23476,5714,Richmond,54,43006.0,Eastern,90.7,5508.4,High,-79.7477780226,35.0060483545,High
23475,16902,Randolph,54,143325.0,Northern,184.3,1615.5,High,-79.8060069064,35.7103417044,High
23412,26084,Cabarrus,54,232873.0,Central,625.1,1374.8,High,-80.5518508851,35.3867940405,High
23474,1711,Polk,54,19461.0,Western,81.3,1596.5,High,-82.1696779265,35.2792789622,High
23445,2272,Hertford,54,20374.0,Coastal,61.0,2281.6,High,-76.9807147831,36.3586360305,High
23444,11982,Henderson,54,117429.0,Western,311.8,2039.7,High,-82.4799463782,35.3362263031,High
23429,4844,Davie,54,43127.0,Northern,162.0,1665.25,High,-80.5444636482,35.929110866,High
23414,762,Camden,54,10537.0,Coastal,43.1,793.0,High,-76.1609504039,36.3411216216,High
23477,20452,Robeson,54,115899.0,Coastal,123.0,5137.4,High,-79.1038649277,34.6402420514,High
23413,10474,Caldwell,54,81319.0,Northern,170.9,2504.8,High,-81.5464366451,35.9530379334,High
23446,5744,Hoke,54,53783.0,Eastern,133.5,2028.14,High,-79.237290715,35.0175290075,High
23478,9053,Rockingham,54,90457.0,Northern,161.0,2130.4,High,-79.7749871967,36.3960127906,High
23472,3990,Person,54,39048.0,Eastern,99.7,1862.8,High,-78.9718051426,36.3900951244,High
23573,23542,Pitt,55,173536.0,Coastal,261.0,2238.9,High,-77.3744965519,35.5932989746,High
23587,2936,Transylvania,55,32825.0,Western,87.2,978.5,High,-82.7983001279,35.2021778635,High
23592,1928,Warren,55,18621.0,Eastern,43.4,2235.0,High,-78.1067171324,36.3965102811,High
23598,4710,Yadkin,55,36925.0,Northern,111.1,1820.8,High,-80.6652439331,36.1605336919,High
23540,54213,Guilford,55,545484.0,Northern,838.0,3371.1,High,-79.7889042685,36.0794717315,High
23554,11825,Lincoln,55,88742.0,Central,293.4,1745.2,High,-81.2235326264,35.4855950234,High
23575,16948,Randolph,55,143325.0,Northern,184.3,1615.5,High,-79.8060069064,35.7103417044,High
23538,6581,Granville,55,60720.0,Eastern,114.6,1466.3,High,-78.6527194252,36.3040698262,High
23552,7344,Lee,55,64360.0,Eastern,248.1,1631.1,High,-79.1714836119,35.4751864248,High
23574,1715,Polk,55,19461.0,Western,81.3,1596.5,High,-82.1696779265,35.2792789622,High
23537,853,Graham,55,7935.0,Western,27.5,8085.4,High,-83.833581803,35.350171951,High
23558,6163,McDowell,55,44151.0,Western,101.3,2610.9,High,-82.0493124426,35.6816924709,High
23588,413,Tyrrell,55,3315.0,Coastal,8.3,957.2,High,-76.1704523585,35.8694070017,High
23556,1908,Madison,55,21146.0,Western,47.1,1247.6,High,-82.7057582627,35.8580358086,High
23557,2743,Martin,55,21503.0,Coastal,48.3,2717.4,High,-77.109232267,35.843213981,High
23539,2759,Greene,55,19978.0,Coastal,76.7,1640.3,High,-77.6757626742,35.4849957203,High
23547,696,Hyde,55,4595.0,Coastal,7.5,0.0,High,-76.1449651093,35.4081187361,High
23571,1150,Perquimans,55,13049.0,Coastal,52.6,684.8,High,-76.4076199893,36.1772228503,High
23591,106469,Wake,55,1154170.0,Eastern,1353.3,1846.0,High,-78.6503081729,35.7902443741,High
23553,7137,Lenoir,55,54323.0,Coastal,138.1,3246.04,High,-77.6412486292,35.2387731611,High
23555,3646,Macon,55,37041.0,Western,71.8,2077.4,High,-83.4221767088,35.1504672096,High
23593,1237,Washington,55,10708.0,Coastal,31.8,1746.8,High,-76.5693098876,35.8392646425,High
23572,4001,Person,55,39048.0,Eastern,99.7,1862.8,High,-78.9718051426,36.3900951244,High
23590,5355,Vance,55,41665.0,Eastern,168.7,3584.5,High,-78.4079288849,36.3649169333,High
23536,826,Gates,55,10324.0,Coastal,30.8,750.9,High,-76.7005266521,36.4449435708,High
23570,6725,Pender,55,62250.0,Coastal,69.1,1461.9,High,-77.8884355846,34.5150997489,High
23589,28591,Union,55,244960.0,Central,376.6,1582.3,High,-80.5307400446,34.9883574887,High
23586,1428,Swain,55,14046.0,Western,26.8,3517.8,High,-83.4927393736,35.4868150519,High
23545,2276,Hertford,55,20374.0,Coastal,61.0,2281.6,High,-76.9807147831,36.3586360305,High
23582,4548,Scotland,55,33662.0,Eastern,107.1,3528.0,High,-79.4804292418,34.8408848102,High
23564,22873,New Hanover,55,230423.0,Coastal,1174.0,2612.3,High,-77.865597569,34.1815553357,High
23581,9238,Sampson,55,58371.0,Coastal,62.4,2241.9,High,-78.3713906105,34.9915361594,High
23577,20535,Robeson,55,115899.0,Coastal,123.0,5137.4,High,-79.1038649277,34.6402420514,High
23567,9556,Orange,55,148331.0,Eastern,374.0,1991.9,High,-79.120649356,36.0611182361,High
23580,8555,Rutherford,55,63870.0,Western,114.0,2009.9,High,-81.9198334642,35.4025956291,High
23563,12608,Nash,55,96101.0,Coastal,175.7,1838.5,High,-77.9864448378,35.9672502839,High
23565,2057,Northampton,55,16953.0,Eastern,32.6,2092.6,High,-77.3968212099,36.4177312434,High
23543,5359,Haywood,55,62831.0,Western,112.2,3591.8,High,-82.9821729698,35.5560557128,High
23578,9084,Rockingham,55,90457.0,Northern,161.0,2130.4,High,-79.7749871967,36.3960127906,High
23595,12915,Wayne,55,115895.0,Coastal,211.8,2813.0,High,-78.0039971272,35.3639599672,High
23549,4267,Jackson,55,41919.0,Western,87.8,1864.6,High,-83.1408496187,35.2875866253,High
23597,10755,Wilson,55,79078.0,Coastal,214.3,2386.9,High,-77.9186629547,35.7051457145,High
23579,20211,Rowan,55,148565.0,Northern,287.1,2292.8,High,-80.5247717485,35.6394734632,High
23566,21136,Onslow,55,207928.0,Coastal,268.4,2191.23,High,-77.4157658244,34.709836363,High
23548,22171,Iredell,55,192986.0,Northern,325.0,1866.4,High,-80.8734378255,35.8070259189,High
23594,5381,Watauga,55,54804.0,Northern,173.1,1191.8,High,-81.6964250718,36.2311062795,High
23546,5769,Hoke,55,53783.0,Eastern,133.5,2028.14,High,-79.237290715,35.0175290075,High
23560,1614,Mitchell,55,14783.0,Western,67.4,458.42,High,-82.1635815487,36.0132038869,High
23569,3787,Pasquotank,55,40966.0,Coastal,178.8,2078.8,High,-76.2492413613,36.2650187228,High
23585,9521,Surry,55,70573.0,Northern,134.0,1507.5,High,-80.6880779273,36.4148205561,High
23541,6309,Halifax,55,47859.0,Coastal,67.2,2754.7,High,-77.6517329831,36.2574485453,High
23561,3696,Montgomery,55,25485.0,Eastern,52.4,2480.1,High,-79.9054790812,35.332466935,High
23551,996,Jones,55,9076.0,Coastal,19.5,0.0,High,-77.3551679748,35.0217248029,High
23568,1247,Pamlico,55,12215.0,Coastal,36.5,2321.5,High,-76.6694598427,35.151021226,High
23584,4795,Stokes,55,44422.0,Northern,99.1,2146.85,High,-80.2395157151,36.4019040049,High
23576,5739,Richmond,55,43006.0,Eastern,90.7,5508.4,High,-79.7477780226,35.0060483545,High
23583,9051,Stanly,55,62143.0,Central,158.2,2425.2,High,-80.2509863077,35.3119550622,High
23562,10752,Moore,55,102966.0,Eastern,142.9,1617.3,High,-79.4813744392,35.3106538555,High
23535,30941,Gaston,55,233387.0,Central,640.7,2912.4,High,-81.1802416273,35.2943489527,High
23544,12022,Henderson,55,117429.0,Western,311.8,2039.7,High,-82.4799463782,35.3362263031,High
23542,14373,Harnett,55,134986.0,Eastern,224.5,2172.6,High,-78.8694125204,35.3686291614,High
23550,26181,Johnston,55,224833.0,Coastal,272.7,1547.3,High,-78.3657109025,35.5178069265,High
23559,131949,Mecklenburg,55,1128426.0,Central,2130.4,3736.1,High,-80.8327311406,35.2467670437,High
23596,8176,Wilkes,55,65151.0,Northern,87.5,1887.3,High,-81.1633856618,36.2062757623,High
23599,2075,Yancey,55,18320.0,Western,59.1,557.0,High,-82.3076279784,35.8989479924,High
23525,36245,Cumberland,55,341793.0,Eastern,512.9,3748.5,High,-78.8275607671,35.048611942,High
23526,1854,Currituck,55,29385.0,Coastal,107.3,1344.3,High,-75.936949201,36.3672994836,High
23523,8160,Columbus,55,49795.0,Coastal,54.0,2887.71,High,-78.6550308717,34.2656450828,High
23512,26216,Cabarrus,55,232873.0,Central,625.1,1374.8,High,-80.5518508851,35.3867940405,High
23507,1965,Bertie,55,17302.0,Coastal,25.7,1594.6,High,-76.9667121404,36.0656302022,High
23509,12097,Brunswick,55,144821.0,Coastal,160.8,1537.1,High,-78.2274071617,34.0388755841,High
23528,19372,Davidson,55,171752.0,Northern,305.4,1757.8,High,-80.2127487756,35.7933524917,High
23518,5580,Chatham,55,77095.0,Eastern,111.9,1456.0,High,-79.2552758614,35.7025721296,High
23533,41524,Forsyth,55,387703.0,Northern,938.1,4129.5,High,-80.256300016,36.1306195485,High
23534,7868,Franklin,55,70655.0,Eastern,139.4,1314.6,High,-78.2856965824,36.0827733527,High
23513,10526,Caldwell,55,81319.0,Northern,170.9,2504.8,High,-81.5464366451,35.9530379334,High
23522,13725,Cleveland,55,99332.0,Western,214.4,2001.7,High,-81.5555471412,35.3341018022,High
23502,1162,Alleghany,55,11057.0,Northern,46.4,697.2,High,-81.1278593427,36.4912704378,High
23515,6230,Carteret,55,69039.0,Coastal,133.3,1912.1,High,-76.5357430669,34.8612598084,High
23527,2863,Dare,55,37817.0,Coastal,96.3,1872.9,High,-75.6852333134,35.664936694,High
23517,22415,Catawba,55,162841.0,Northern,400.2,2802.5,High,-81.2150705598,35.662042354,High
23504,2566,Ashe,55,26506.0,Northern,62.3,1123.1,High,-81.5005211955,36.434424701,High
23521,1093,Clay,55,11238.0,Western,51.6,2288.34,High,-83.7501767115,35.0571811284,High
23531,29050,Durham,55,331347.0,Eastern,1133.7,3966.0,High,-78.8765926949,36.0360299243,High
23514,763,Camden,55,10537.0,Coastal,43.1,793.0,High,-76.1609504039,36.3411216216,High
23529,4864,Davie,55,43127.0,Northern,162.0,1665.25,High,-80.5444636482,35.929110866,High
23501,5062,Alexander,55,36172.0,Northern,140.2,1440.7,High,-81.1770268506,35.9210263138,High
23520,1694,Chowan,55,13646.0,Coastal,79.4,1402.6,High,-76.6021303656,36.1265615389,High
23508,4507,Bladen,55,29171.0,Coastal,33.8,2578.5,High,-78.5636493115,34.6145873342,High
23506,5233,Beaufort,55,44150.0,Coastal,53.6,2157.95,High,-76.8453144055,35.486983815,High
23510,21083,Buncombe,55,271638.0,Western,410.4,3012.8,High,-82.5301070587,35.611177887,High
23532,6251,Edgecombe,55,48604.0,Coastal,96.7,2366.3,High,-77.5970588882,35.912880671,High
23524,10654,Craven,55,102568.0,Coastal,142.5,2112.3,High,-77.082003837,35.117685821,High
23516,2408,Caswell,55,22400.0,Eastern,53.5,317.5,High,-79.3335234769,36.3932742158,High
23503,2956,Anson,55,22028.0,Central,41.5,2802.1,High,-80.102712026,34.9737894417,High
23505,2272,Avery,55,17347.0,Western,72.0,1003.4,High,-81.9226013745,36.0766050343,High
23519,3328,Cherokee,55,28738.0,Western,63.2,3613.3,High,-84.063444228,35.1338574515,High
23500,21022,Alamance,55,175029.0,Northern,404.8,3065.6,High,-79.3994248175,36.0437098766,High
23511,11651,Burke,55,88398.0,Western,173.0,1836.1,High,-81.7047784739,35.7496106399,High
23530,7824,Duplin,55,48249.0,Coastal,59.8,2911.6,High,-77.9330277459,34.9365348363,High
23615,6248,Carteret,56,69039.0,Coastal,133.3,1912.1,High,-76.5357430669,34.8612598084,High
23662,10794,Moore,56,102966.0,Eastern,142.9,1617.3,High,-79.4813744392,35.3106538555,High
23691,106469,Wake,56,1154170.0,Eastern,1353.3,1846.0,High,-78.6503081729,35.7902443741,High
23621,1102,Clay,56,11238.0,Western,51.6,2288.34,High,-83.7501767115,35.0571811284,High
23649,4281,Jackson,56,41919.0,Western,87.8,1864.6,High,-83.1408496187,35.2875866253,High
23643,5407,Haywood,56,62831.0,Western,112.2,3591.8,High,-82.9821729698,35.5560557128,High
23672,4008,Person,56,39048.0,Eastern,99.7,1862.8,High,-78.9718051426,36.3900951244,High
23690,5372,Vance,56,41665.0,Eastern,168.7,3584.5,High,-78.4079288849,36.3649169333,High
23661,3714,Montgomery,56,25485.0,Eastern,52.4,2480.1,High,-79.9054790812,35.332466935,High
23673,23635,Pitt,56,173536.0,Coastal,261.0,2238.9,High,-77.3744965519,35.5932989746,High
23631,29279,Durham,56,331347.0,Eastern,1133.7,3966.0,High,-78.8765926949,36.0360299243,High
23619,3389,Cherokee,56,28738.0,Western,63.2,3613.3,High,-84.063444228,35.1338574515,High
23605,2274,Avery,56,17347.0,Western,72.0,1003.4,High,-81.9226013745,36.0766050343,High
23601,5074,Alexander,56,36172.0,Northern,140.2,1440.7,High,-81.1770268506,35.9210263138,High
23648,22306,Iredell,56,192986.0,Northern,325.0,1866.4,High,-80.8734378255,35.8070259189,High
23647,696,Hyde,56,4595.0,Coastal,7.5,0.0,High,-76.1449651093,35.4081187361,High
23698,4739,Yadkin,56,36925.0,Northern,111.1,1820.8,High,-80.6652439331,36.1605336919,High
23663,12634,Nash,56,96101.0,Coastal,175.7,1838.5,High,-77.9864448378,35.9672502839,High
23664,22988,New Hanover,56,230423.0,Coastal,1174.0,2612.3,High,-77.865597569,34.1815553357,High
23671,1154,Perquimans,56,13049.0,Coastal,52.6,684.8,High,-76.4076199893,36.1772228503,High
23687,2959,Transylvania,56,32825.0,Western,87.2,978.5,High,-82.7983001279,35.2021778635,High
23646,5814,Hoke,56,53783.0,Eastern,133.5,2028.14,High,-79.237290715,35.0175290075,High
23636,829,Gates,56,10324.0,Coastal,30.8,750.9,High,-76.7005266521,36.4449435708,High
23607,1973,Bertie,56,17302.0,Coastal,25.7,1594.6,High,-76.9667121404,36.0656302022,High
23685,9529,Surry,56,70573.0,Northern,134.0,1507.5,High,-80.6880779273,36.4148205561,High
23620,1705,Chowan,56,13646.0,Coastal,79.4,1402.6,High,-76.6021303656,36.1265615389,High
23670,6746,Pender,56,62250.0,Coastal,69.1,1461.9,High,-77.8884355846,34.5150997489,High
23628,19473,Davidson,56,171752.0,Northern,305.4,1757.8,High,-80.2127487756,35.7933524917,High
23634,7920,Franklin,56,70655.0,Eastern,139.4,1314.6,High,-78.2856965824,36.0827733527,High
23616,2415,Caswell,56,22400.0,Eastern,53.5,317.5,High,-79.3335234769,36.3932742158,High
23630,7873,Duplin,56,48249.0,Coastal,59.8,2911.6,High,-77.9330277459,34.9365348363,High
23697,10807,Wilson,56,79078.0,Coastal,214.3,2386.9,High,-77.9186629547,35.7051457145,High
23637,863,Graham,56,7935.0,Western,27.5,8085.4,High,-83.833581803,35.350171951,High
23686,1442,Swain,56,14046.0,Western,26.8,3517.8,High,-83.4927393736,35.4868150519,High
23692,1934,Warren,56,18621.0,Eastern,43.4,2235.0,High,-78.1067171324,36.3965102811,High
23625,36379,Cumberland,56,341793.0,Eastern,512.9,3748.5,High,-78.8275607671,35.048611942,High
23626,1863,Currituck,56,29385.0,Coastal,107.3,1344.3,High,-75.936949201,36.3672994836,High
23623,8208,Columbus,56,49795.0,Coastal,54.0,2887.71,High,-78.6550308717,34.2656450828,High
23682,4575,Scotland,56,33662.0,Eastern,107.1,3528.0,High,-79.4804292418,34.8408848102,High
23652,7395,Lee,56,64360.0,Eastern,248.1,1631.1,High,-79.1714836119,35.4751864248,High
23656,1919,Madison,56,21146.0,Western,47.1,1247.6,High,-82.7057582627,35.8580358086,High
23678,9132,Rockingham,56,90457.0,Northern,161.0,2130.4,High,-79.7749871967,36.3960127906,High
23653,7188,Lenoir,56,54323.0,Coastal,138.1,3246.04,High,-77.6412486292,35.2387731611,High
23611,11734,Burke,56,88398.0,Western,173.0,1836.1,High,-81.7047784739,35.7496106399,High
23679,20353,Rowan,56,148565.0,Northern,287.1,2292.8,High,-80.5247717485,35.6394734632,High
23641,6343,Halifax,56,47859.0,Coastal,67.2,2754.7,High,-77.6517329831,36.2574485453,High
23655,3652,Macon,56,37041.0,Western,71.8,2077.4,High,-83.4221767088,35.1504672096,High
23640,54435,Guilford,56,545484.0,Northern,838.0,3371.1,High,-79.7889042685,36.0794717315,High
23693,1244,Washington,56,10708.0,Coastal,31.8,1746.8,High,-76.5693098876,35.8392646425,High
23624,10706,Craven,56,102568.0,Coastal,142.5,2112.3,High,-77.082003837,35.117685821,High
23681,9310,Sampson,56,58371.0,Coastal,62.4,2241.9,High,-78.3713906105,34.9915361594,High
23610,21222,Buncombe,56,271638.0,Western,410.4,3012.8,High,-82.5301070587,35.611177887,High
23632,6279,Edgecombe,56,48604.0,Coastal,96.7,2366.3,High,-77.5970588882,35.912880671,High
23694,5402,Watauga,56,54804.0,Northern,173.1,1191.8,High,-81.6964250718,36.2311062795,High
23603,2970,Anson,56,22028.0,Central,41.5,2802.1,High,-80.102712026,34.9737894417,High
23654,11875,Lincoln,56,88742.0,Central,293.4,1745.2,High,-81.2235326264,35.4855950234,High
23680,8599,Rutherford,56,63870.0,Western,114.0,2009.9,High,-81.9198334642,35.4025956291,High
23677,20692,Robeson,56,115899.0,Coastal,123.0,5137.4,High,-79.1038649277,34.6402420514,High
23612,26350,Cabarrus,56,232873.0,Central,625.1,1374.8,High,-80.5518508851,35.3867940405,High
23657,2757,Martin,56,21503.0,Coastal,48.3,2717.4,High,-77.109232267,35.843213981,High
23609,12177,Brunswick,56,144821.0,Coastal,160.8,1537.1,High,-78.2274071617,34.0388755841,High
23674,1724,Polk,56,19461.0,Western,81.3,1596.5,High,-82.1696779265,35.2792789622,High
23660,1616,Mitchell,56,14783.0,Western,67.4,458.42,High,-82.1635815487,36.0132038869,High
23638,6627,Granville,56,60720.0,Eastern,114.6,1466.3,High,-78.6527194252,36.3040698262,High
23604,2571,Ashe,56,26506.0,Northern,62.3,1123.1,High,-81.5005211955,36.434424701,High
23644,12134,Henderson,56,117429.0,Western,311.8,2039.7,High,-82.4799463782,35.3362263031,High
23627,2878,Dare,56,37817.0,Coastal,96.3,1872.9,High,-75.6852333134,35.664936694,High
23659,132503,Mecklenburg,56,1128426.0,Central,2130.4,3736.1,High,-80.8327311406,35.2467670437,High
23684,4810,Stokes,56,44422.0,Northern,99.1,2146.85,High,-80.2395157151,36.4019040049,High
23650,26361,Johnston,56,224833.0,Coastal,272.7,1547.3,High,-78.3657109025,35.5178069265,High
23675,16997,Randolph,56,143325.0,Northern,184.3,1615.5,High,-79.8060069064,35.7103417044,High
23608,4528,Bladen,56,29171.0,Coastal,33.8,2578.5,High,-78.5636493115,34.6145873342,High
23696,8234,Wilkes,56,65151.0,Northern,87.5,1887.3,High,-81.1633856618,36.2062757623,High
23622,13821,Cleveland,56,99332.0,Western,214.4,2001.7,High,-81.5555471412,35.3341018022,High
23642,14461,Harnett,56,134986.0,Eastern,224.5,2172.6,High,-78.8694125204,35.3686291614,High
23613,10568,Caldwell,56,81319.0,Northern,170.9,2504.8,High,-81.5464366451,35.9530379334,High
23676,5758,Richmond,56,43006.0,Eastern,90.7,5508.4,High,-79.7477780226,35.0060483545,High
23633,41724,Forsyth,56,387703.0,Northern,938.1,4129.5,High,-80.256300016,36.1306195485,High
23651,1002,Jones,56,9076.0,Coastal,19.5,0.0,High,-77.3551679748,35.0217248029,High
23695,12967,Wayne,56,115895.0,Coastal,211.8,2813.0,High,-78.0039971272,35.3639599672,High
23683,9107,Stanly,56,62143.0,Central,158.2,2425.2,High,-80.2509863077,35.3119550622,High
23658,6203,McDowell,56,44151.0,Western,101.3,2610.9,High,-82.0493124426,35.6816924709,High
23639,2778,Greene,56,19978.0,Coastal,76.7,1640.3,High,-77.6757626742,35.4849957203,High
23602,1167,Alleghany,56,11057.0,Northern,46.4,697.2,High,-81.1278593427,36.4912704378,High
23669,3796,Pasquotank,56,40966.0,Coastal,178.8,2078.8,High,-76.2492413613,36.2650187228,High
23614,771,Camden,56,10537.0,Coastal,43.1,793.0,High,-76.1609504039,36.3411216216,High
23617,22507,Catawba,56,162841.0,Northern,400.2,2802.5,High,-81.2150705598,35.662042354,High
23699,2077,Yancey,56,18320.0,Western,59.1,557.0,High,-82.3076279784,35.8989479924,High
23629,4887,Davie,56,43127.0,Northern,162.0,1665.25,High,-80.5444636482,35.929110866,High
23618,5608,Chatham,56,77095.0,Eastern,111.9,1456.0,High,-79.2552758614,35.7025721296,High
23666,21214,Onslow,56,207928.0,Coastal,268.4,2191.23,High,-77.4157658244,34.709836363,High
23668,1252,Pamlico,56,12215.0,Coastal,36.5,2321.5,High,-76.6694598427,35.151021226,High
23665,2060,Northampton,56,16953.0,Eastern,32.6,2092.6,High,-77.3968212099,36.4177312434,High
23688,418,Tyrrell,56,3315.0,Coastal,8.3,957.2,High,-76.1704523585,35.8694070017,High
23667,9602,Orange,56,148331.0,Eastern,374.0,1991.9,High,-79.120649356,36.0611182361,High
23645,2280,Hertford,56,20374.0,Coastal,61.0,2281.6,High,-76.9807147831,36.3586360305,High
23689,28792,Union,56,244960.0,Central,376.6,1582.3,High,-80.5307400446,34.9883574887,High
23635,31080,Gaston,56,233387.0,Central,640.7,2912.4,High,-81.1802416273,35.2943489527,High
23606,5245,Beaufort,56,44150.0,Coastal,53.6,2157.95,High,-76.8453144055,35.486983815,High
23600,21083,Alamance,56,175029.0,Northern,404.8,3065.6,High,-79.3994248175,36.0437098766,High
23740,54715,Guilford,57,545484.0,Northern,838.0,3371.1,High,-79.7889042685,36.0794717315,High
23772,4041,Person,57,39048.0,Eastern,99.7,1862.8,High,-78.9718051426,36.3900951244,High
23743,5475,Haywood,57,62831.0,Western,112.2,3591.8,High,-82.9821729698,35.5560557128,High
23791,107699,Wake,57,1154170.0,Eastern,1353.3,1846.0,High,-78.6503081729,35.7902443741,High
23762,10875,Moore,57,102966.0,Eastern,142.9,1617.3,High,-79.4813744392,35.3106538555,High
23761,3730,Montgomery,57,25485.0,Eastern,52.4,2480.1,High,-79.9054790812,35.332466935,High
23773,23758,Pitt,57,173536.0,Coastal,261.0,2238.9,High,-77.3744965519,35.5932989746,High
23749,4298,Jackson,57,41919.0,Western,87.8,1864.6,High,-83.1408496187,35.2875866253,High
23715,6324,Carteret,57,69039.0,Coastal,133.3,1912.1,High,-76.5357430669,34.8612598084,High
23721,1125,Clay,57,11238.0,Western,51.6,2288.34,High,-83.7501767115,35.0571811284,High
23785,9614,Surry,57,70573.0,Northern,134.0,1507.5,High,-80.6880779273,36.4148205561,High
23708,4597,Bladen,57,29171.0,Coastal,33.8,2578.5,High,-78.5636493115,34.6145873342,High
23714,773,Camden,57,10537.0,Coastal,43.1,793.0,High,-76.1609504039,36.3411216216,High
23774,1747,Polk,57,19461.0,Western,81.3,1596.5,High,-82.1696779265,35.2792789622,High
23760,1632,Mitchell,57,14783.0,Western,67.4,458.42,High,-82.1635815487,36.0132038869,High
23738,6648,Granville,57,60720.0,Eastern,114.6,1466.3,High,-78.6527194252,36.3040698262,High
23704,2580,Ashe,57,26506.0,Northern,62.3,1123.1,High,-81.5005211955,36.434424701,High
23768,1262,Pamlico,57,12215.0,Coastal,36.5,2321.5,High,-76.6694598427,35.151021226,High
23731,29431,Durham,57,331347.0,Eastern,1133.7,3966.0,High,-78.8765926949,36.0360299243,High
23748,22531,Iredell,57,192986.0,Northern,325.0,1866.4,High,-80.8734378255,35.8070259189,High
23737,879,Graham,57,7935.0,Western,27.5,8085.4,High,-83.833581803,35.350171951,High
23786,1454,Swain,57,14046.0,Western,26.8,3517.8,High,-83.4927393736,35.4868150519,High
23725,36661,Cumberland,57,341793.0,Eastern,512.9,3748.5,High,-78.8275607671,35.048611942,High
23701,5124,Alexander,57,36172.0,Northern,140.2,1440.7,High,-81.1770268506,35.9210263138,High
23799,2126,Yancey,57,18320.0,Western,59.1,557.0,High,-82.3076279784,35.8989479924,High
23788,424,Tyrrell,57,3315.0,Coastal,8.3,957.2,High,-76.1704523585,35.8694070017,High
23747,700,Hyde,57,4595.0,Coastal,7.5,0.0,High,-76.1449651093,35.4081187361,High
23763,12704,Nash,57,96101.0,Coastal,175.7,1838.5,High,-77.9864448378,35.9672502839,High
23780,8685,Rutherford,57,63870.0,Western,114.0,2009.9,High,-81.9198334642,35.4025956291,High
23771,1166,Perquimans,57,13049.0,Coastal,52.6,684.8,High,-76.4076199893,36.1772228503,High
23792,1940,Warren,57,18621.0,Eastern,43.4,2235.0,High,-78.1067171324,36.3965102811,High
23787,2985,Transylvania,57,32825.0,Western,87.2,978.5,High,-82.7983001279,35.2021778635,High
23720,1725,Chowan,57,13646.0,Coastal,79.4,1402.6,High,-76.6021303656,36.1265615389,High
23728,19654,Davidson,57,171752.0,Northern,305.4,1757.8,High,-80.2127487756,35.7933524917,High
23718,5665,Chatham,57,77095.0,Eastern,111.9,1456.0,High,-79.2552758614,35.7025721296,High
23734,7964,Franklin,57,70655.0,Eastern,139.4,1314.6,High,-78.2856965824,36.0827733527,High
23729,4927,Davie,57,43127.0,Northern,162.0,1665.25,High,-80.5444636482,35.929110866,High
23700,21220,Alamance,57,175029.0,Northern,404.8,3065.6,High,-79.3994248175,36.0437098766,High
23797,10861,Wilson,57,79078.0,Coastal,214.3,2386.9,High,-77.9186629547,35.7051457145,High
23766,21374,Onslow,57,207928.0,Coastal,268.4,2191.23,High,-77.4157658244,34.709836363,High
23707,1993,Bertie,57,17302.0,Coastal,25.7,1594.6,High,-76.9667121404,36.0656302022,High
23793,1252,Washington,57,10708.0,Coastal,31.8,1746.8,High,-76.5693098876,35.8392646425,High
23727,2901,Dare,57,37817.0,Coastal,96.3,1872.9,High,-75.6852333134,35.664936694,High
23703,2981,Anson,57,22028.0,Central,41.5,2802.1,High,-80.102712026,34.9737894417,High
23777,20894,Robeson,57,115899.0,Coastal,123.0,5137.4,High,-79.1038649277,34.6402420514,High
23726,1882,Currituck,57,29385.0,Coastal,107.3,1344.3,High,-75.936949201,36.3672994836,High
23745,2305,Hertford,57,20374.0,Coastal,61.0,2281.6,High,-76.9807147831,36.3586360305,High
23710,21457,Buncombe,57,271638.0,Western,410.4,3012.8,High,-82.5301070587,35.611177887,High
23723,8311,Columbus,57,49795.0,Coastal,54.0,2887.71,High,-78.6550308717,34.2656450828,High
23781,9403,Sampson,57,58371.0,Coastal,62.4,2241.9,High,-78.3713906105,34.9915361594,High
23782,4606,Scotland,57,33662.0,Eastern,107.1,3528.0,High,-79.4804292418,34.8408848102,High
23789,28969,Union,57,244960.0,Central,376.6,1582.3,High,-80.5307400446,34.9883574887,High
23712,26569,Cabarrus,57,232873.0,Central,625.1,1374.8,High,-80.5518508851,35.3867940405,High
23752,7467,Lee,57,64360.0,Eastern,248.1,1631.1,High,-79.1714836119,35.4751864248,High
23778,9187,Rockingham,57,90457.0,Northern,161.0,2130.4,High,-79.7749871967,36.3960127906,High
23753,7240,Lenoir,57,54323.0,Coastal,138.1,3246.04,High,-77.6412486292,35.2387731611,High
23741,6385,Halifax,57,47859.0,Coastal,67.2,2754.7,High,-77.6517329831,36.2574485453,High
23711,11891,Burke,57,88398.0,Western,173.0,1836.1,High,-81.7047784739,35.7496106399,High
23779,20617,Rowan,57,148565.0,Northern,287.1,2292.8,High,-80.5247717485,35.6394734632,High
23755,3682,Macon,57,37041.0,Western,71.8,2077.4,High,-83.4221767088,35.1504672096,High
23735,31320,Gaston,57,233387.0,Central,640.7,2912.4,High,-81.1802416273,35.2943489527,High
23724,10815,Craven,57,102568.0,Coastal,142.5,2112.3,High,-77.082003837,35.117685821,High
23756,1948,Madison,57,21146.0,Western,47.1,1247.6,High,-82.7057582627,35.8580358086,High
23754,11947,Lincoln,57,88742.0,Central,293.4,1745.2,High,-81.2235326264,35.4855950234,High
23757,2769,Martin,57,21503.0,Coastal,48.3,2717.4,High,-77.109232267,35.843213981,High
23767,9631,Orange,57,148331.0,Eastern,374.0,1991.9,High,-79.120649356,36.0611182361,High
23784,4841,Stokes,57,44422.0,Northern,99.1,2146.85,High,-80.2395157151,36.4019040049,High
23759,133232,Mecklenburg,57,1128426.0,Central,2130.4,3736.1,High,-80.8327311406,35.2467670437,High
23717,22688,Catawba,57,162841.0,Northern,400.2,2802.5,High,-81.2150705598,35.662042354,High
23750,26588,Johnston,57,224833.0,Coastal,272.7,1547.3,High,-78.3657109025,35.5178069265,High
23794,5427,Watauga,57,54804.0,Northern,173.1,1191.8,High,-81.6964250718,36.2311062795,High
23796,8293,Wilkes,57,65151.0,Northern,87.5,1887.3,High,-81.1633856618,36.2062757623,High
23702,1174,Alleghany,57,11057.0,Northern,46.4,697.2,High,-81.1278593427,36.4912704378,High
23722,13935,Cleveland,57,99332.0,Western,214.4,2001.7,High,-81.5555471412,35.3341018022,High
23709,12328,Brunswick,57,144821.0,Coastal,160.8,1537.1,High,-78.2274071617,34.0388755841,High
23742,14561,Harnett,57,134986.0,Eastern,224.5,2172.6,High,-78.8694125204,35.3686291614,High
23776,5796,Richmond,57,43006.0,Eastern,90.7,5508.4,High,-79.7477780226,35.0060483545,High
23733,41994,Forsyth,57,387703.0,Northern,938.1,4129.5,High,-80.256300016,36.1306195485,High
23751,1014,Jones,57,9076.0,Coastal,19.5,0.0,High,-77.3551679748,35.0217248029,High
23795,13029,Wayne,57,115895.0,Coastal,211.8,2813.0,High,-78.0039971272,35.3639599672,High
23783,9178,Stanly,57,62143.0,Central,158.2,2425.2,High,-80.2509863077,35.3119550622,High
23758,6262,McDowell,57,44151.0,Western,101.3,2610.9,High,-82.0493124426,35.6816924709,High
23732,6329,Edgecombe,57,48604.0,Coastal,96.7,2366.3,High,-77.5970588882,35.912880671,High
23739,2814,Greene,57,19978.0,Coastal,76.7,1640.3,High,-77.6757626742,35.4849957203,High
23713,10637,Caldwell,57,81319.0,Northern,170.9,2504.8,High,-81.5464366451,35.9530379334,High
23775,17092,Randolph,57,143325.0,Northern,184.3,1615.5,High,-79.8060069064,35.7103417044,High
23765,2069,Northampton,57,16953.0,Eastern,32.6,2092.6,High,-77.3968212099,36.4177312434,High
23744,12220,Henderson,57,117429.0,Western,311.8,2039.7,High,-82.4799463782,35.3362263031,High
23746,5855,Hoke,57,53783.0,Eastern,133.5,2028.14,High,-79.237290715,35.0175290075,High
23716,2434,Caswell,57,22400.0,Eastern,53.5,317.5,High,-79.3335234769,36.3932742158,High
23770,6807,Pender,57,62250.0,Coastal,69.1,1461.9,High,-77.8884355846,34.5150997489,High
23705,2287,Avery,57,17347.0,Western,72.0,1003.4,High,-81.9226013745,36.0766050343,High
23706,5289,Beaufort,57,44150.0,Coastal,53.6,2157.95,High,-76.8453144055,35.486983815,High
23764,23201,New Hanover,57,230423.0,Coastal,1174.0,2612.3,High,-77.865597569,34.1815553357,High
23736,842,Gates,57,10324.0,Coastal,30.8,750.9,High,-76.7005266521,36.4449435708,High
23790,5393,Vance,57,41665.0,Eastern,168.7,3584.5,High,-78.4079288849,36.3649169333,High
23798,4765,Yadkin,57,36925.0,Northern,111.1,1820.8,High,-80.6652439331,36.1605336919,High
23730,7936,Duplin,57,48249.0,Coastal,59.8,2911.6,High,-77.9330277459,34.9365348363,High
23769,3809,Pasquotank,57,40966.0,Coastal,178.8,2078.8,High,-76.2492413613,36.2650187228,High
23719,3438,Cherokee,57,28738.0,Western,63.2,3613.3,High,-84.063444228,35.1338574515,High
23888,431,Tyrrell,58,3315.0,Coastal,8.3,957.2,High,-76.1704523585,35.8694070017,High
23821,1138,Clay,58,11238.0,Western,51.6,2288.34,High,-83.7501767115,35.0571811284,High
23810,21594,Buncombe,58,271638.0,Western,410.4,3012.8,High,-82.5301070587,35.611177887,High
23808,4626,Bladen,58,29171.0,Coastal,33.8,2578.5,High,-78.5636493115,34.6145873342,High
23819,3494,Cherokee,58,28738.0,Western,63.2,3613.3,High,-84.063444228,35.1338574515,High
23824,10900,Craven,58,102568.0,Coastal,142.5,2112.3,High,-77.082003837,35.117685821,High
23806,5320,Beaufort,58,44150.0,Coastal,53.6,2157.95,High,-76.8453144055,35.486983815,High
23874,1756,Polk,58,19461.0,Western,81.3,1596.5,High,-82.1696779265,35.2792789622,High
23844,12330,Henderson,58,117429.0,Western,311.8,2039.7,High,-82.4799463782,35.3362263031,High
23898,4798,Yadkin,58,36925.0,Northern,111.1,1820.8,High,-80.6652439331,36.1605336919,High
23881,9470,Sampson,58,58371.0,Coastal,62.4,2241.9,High,-78.3713906105,34.9915361594,High
23823,8436,Columbus,58,49795.0,Coastal,54.0,2887.71,High,-78.6550308717,34.2656450828,High
23896,8342,Wilkes,58,65151.0,Northern,87.5,1887.3,High,-81.1633856618,36.2062757623,High
23814,780,Camden,58,10537.0,Coastal,43.1,793.0,High,-76.1609504039,36.3411216216,High
23811,11985,Burke,58,88398.0,Western,173.0,1836.1,High,-81.7047784739,35.7496106399,High
23894,5455,Watauga,58,54804.0,Northern,173.1,1191.8,High,-81.6964250718,36.2311062795,High
23860,1641,Mitchell,58,14783.0,Western,67.4,458.42,High,-82.1635815487,36.0132038869,High
23837,895,Graham,58,7935.0,Western,27.5,8085.4,High,-83.833581803,35.350171951,High
23832,6367,Edgecombe,58,48604.0,Coastal,96.7,2366.3,High,-77.5970588882,35.912880671,High
23848,22730,Iredell,58,192986.0,Northern,325.0,1866.4,High,-80.8734378255,35.8070259189,High
23856,1964,Madison,58,21146.0,Western,47.1,1247.6,High,-82.7057582627,35.8580358086,High
23815,6357,Carteret,58,69039.0,Coastal,133.3,1912.1,High,-76.5357430669,34.8612598084,High
23872,4070,Person,58,39048.0,Eastern,99.7,1862.8,High,-78.9718051426,36.3900951244,High
23843,5523,Haywood,58,62831.0,Western,112.2,3591.8,High,-82.9821729698,35.5560557128,High
23829,4951,Davie,58,43127.0,Northern,162.0,1665.25,High,-80.5444636482,35.929110866,High
23803,3004,Anson,58,22028.0,Central,41.5,2802.1,High,-80.102712026,34.9737894417,High
23891,108862,Wake,58,1154170.0,Eastern,1353.3,1846.0,High,-78.6503081729,35.7902443741,High
23800,21332,Alamance,58,175029.0,Northern,404.8,3065.6,High,-79.3994248175,36.0437098766,High
23862,10940,Moore,58,102966.0,Eastern,142.9,1617.3,High,-79.4813744392,35.3106538555,High
23852,7512,Lee,58,64360.0,Eastern,248.1,1631.1,High,-79.1714836119,35.4751864248,High
23889,29147,Union,58,244960.0,Central,376.6,1582.3,High,-80.5307400446,34.9883574887,High
23861,3742,Montgomery,58,25485.0,Eastern,52.4,2480.1,High,-79.9054790812,35.332466935,High
23846,5913,Hoke,58,53783.0,Eastern,133.5,2028.14,High,-79.237290715,35.0175290075,High
23873,23970,Pitt,58,173536.0,Coastal,261.0,2238.9,High,-77.3744965519,35.5932989746,High
23882,4639,Scotland,58,33662.0,Eastern,107.1,3528.0,High,-79.4804292418,34.8408848102,High
23899,2134,Yancey,58,18320.0,Western,59.1,557.0,High,-82.3076279784,35.8989479924,High
23849,4326,Jackson,58,41919.0,Western,87.8,1864.6,High,-83.1408496187,35.2875866253,High
23885,9673,Surry,58,70573.0,Northern,134.0,1507.5,High,-80.6880779273,36.4148205561,High
23877,21037,Robeson,58,115899.0,Coastal,123.0,5137.4,High,-79.1038649277,34.6402420514,High
23804,2619,Ashe,58,26506.0,Northern,62.3,1123.1,High,-81.5005211955,36.434424701,High
23816,2456,Caswell,58,22400.0,Eastern,53.5,317.5,High,-79.3335234769,36.3932742158,High
23876,5837,Richmond,58,43006.0,Eastern,90.7,5508.4,High,-79.7477780226,35.0060483545,High
23840,55054,Guilford,58,545484.0,Northern,838.0,3371.1,High,-79.7889042685,36.0794717315,High
23805,2289,Avery,58,17347.0,Western,72.0,1003.4,High,-81.9226013745,36.0766050343,High
23833,42258,Forsyth,58,387703.0,Northern,938.1,4129.5,High,-80.256300016,36.1306195485,High
23855,3706,Macon,58,37041.0,Western,71.8,2077.4,High,-83.4221767088,35.1504672096,High
23826,1901,Currituck,58,29385.0,Coastal,107.3,1344.3,High,-75.936949201,36.3672994836,High
23813,10693,Caldwell,58,81319.0,Northern,170.9,2504.8,High,-81.5464366451,35.9530379334,High
23851,1013,Jones,58,9076.0,Coastal,19.5,0.0,High,-77.3551679748,35.0217248029,High
23883,9231,Stanly,58,62143.0,Central,158.2,2425.2,High,-80.2509863077,35.3119550622,High
23858,6332,McDowell,58,44151.0,Western,101.3,2610.9,High,-82.0493124426,35.6816924709,High
23845,2314,Hertford,58,20374.0,Coastal,61.0,2281.6,High,-76.9807147831,36.3586360305,High
23892,1946,Warren,58,18621.0,Eastern,43.4,2235.0,High,-78.1067171324,36.3965102811,High
23839,2825,Greene,58,19978.0,Coastal,76.7,1640.3,High,-77.6757626742,35.4849957203,High
23835,31569,Gaston,58,233387.0,Central,640.7,2912.4,High,-81.1802416273,35.2943489527,High
23809,12419,Brunswick,58,144821.0,Coastal,160.8,1537.1,High,-78.2274071617,34.0388755841,High
23895,13083,Wayne,58,115895.0,Coastal,211.8,2813.0,High,-78.0039971272,35.3639599672,High
23831,29612,Durham,58,331347.0,Eastern,1133.7,3966.0,High,-78.8765926949,36.0360299243,High
23842,14665,Harnett,58,134986.0,Eastern,224.5,2172.6,High,-78.8694125204,35.3686291614,High
23857,2787,Martin,58,21503.0,Coastal,48.3,2717.4,High,-77.109232267,35.843213981,High
23868,1267,Pamlico,58,12215.0,Coastal,36.5,2321.5,High,-76.6694598427,35.151021226,High
23827,2926,Dare,58,37817.0,Coastal,96.3,1872.9,High,-75.6852333134,35.664936694,High
23878,9245,Rockingham,58,90457.0,Northern,161.0,2130.4,High,-79.7749871967,36.3960127906,High
23884,4864,Stokes,58,44422.0,Northern,99.1,2146.85,High,-80.2395157151,36.4019040049,High
23859,133843,Mecklenburg,58,1128426.0,Central,2130.4,3736.1,High,-80.8327311406,35.2467670437,High
23836,845,Gates,58,10324.0,Coastal,30.8,750.9,High,-76.7005266521,36.4449435708,High
23817,22831,Catawba,58,162841.0,Northern,400.2,2802.5,High,-81.2150705598,35.662042354,High
23879,20888,Rowan,58,148565.0,Northern,287.1,2292.8,High,-80.5247717485,35.6394734632,High
23875,17276,Randolph,58,143325.0,Northern,184.3,1615.5,High,-79.8060069064,35.7103417044,High
23802,1177,Alleghany,58,11057.0,Northern,46.4,697.2,High,-81.1278593427,36.4912704378,High
23830,7999,Duplin,58,48249.0,Coastal,59.8,2911.6,High,-77.9330277459,34.9365348363,High
23850,26748,Johnston,58,224833.0,Coastal,272.7,1547.3,High,-78.3657109025,35.5178069265,High
23812,26736,Cabarrus,58,232873.0,Central,625.1,1374.8,High,-80.5518508851,35.3867940405,High
23893,1261,Washington,58,10708.0,Coastal,31.8,1746.8,High,-76.5693098876,35.8392646425,High
23865,2081,Northampton,58,16953.0,Eastern,32.6,2092.6,High,-77.3968212099,36.4177312434,High
23867,9678,Orange,58,148331.0,Eastern,374.0,1991.9,High,-79.120649356,36.0611182361,High
23822,14044,Cleveland,58,99332.0,Western,214.4,2001.7,High,-81.5555471412,35.3341018022,High
23838,6692,Granville,58,60720.0,Eastern,114.6,1466.3,High,-78.6527194252,36.3040698262,High
23866,21556,Onslow,58,207928.0,Coastal,268.4,2191.23,High,-77.4157658244,34.709836363,High
23870,6891,Pender,58,62250.0,Coastal,69.1,1461.9,High,-77.8884355846,34.5150997489,High
23886,1463,Swain,58,14046.0,Western,26.8,3517.8,High,-83.4927393736,35.4868150519,High
23841,6429,Halifax,58,47859.0,Coastal,67.2,2754.7,High,-77.6517329831,36.2574485453,High
23834,8008,Franklin,58,70655.0,Eastern,139.4,1314.6,High,-78.2856965824,36.0827733527,High
23854,12010,Lincoln,58,88742.0,Central,293.4,1745.2,High,-81.2235326264,35.4855950234,High
23828,19824,Davidson,58,171752.0,Northern,305.4,1757.8,High,-80.2127487756,35.7933524917,High
23820,1742,Chowan,58,13646.0,Coastal,79.4,1402.6,High,-76.6021303656,36.1265615389,High
23818,5698,Chatham,58,77095.0,Eastern,111.9,1456.0,High,-79.2552758614,35.7025721296,High
23869,3823,Pasquotank,58,40966.0,Coastal,178.8,2078.8,High,-76.2492413613,36.2650187228,High
23897,10910,Wilson,58,79078.0,Coastal,214.3,2386.9,High,-77.9186629547,35.7051457145,High
23807,2012,Bertie,58,17302.0,Coastal,25.7,1594.6,High,-76.9667121404,36.0656302022,High
23880,8734,Rutherford,58,63870.0,Western,114.0,2009.9,High,-81.9198334642,35.4025956291,High
23871,1175,Perquimans,58,13049.0,Coastal,52.6,684.8,High,-76.4076199893,36.1772228503,High
23863,12760,Nash,58,96101.0,Coastal,175.7,1838.5,High,-77.9864448378,35.9672502839,High
23825,36872,Cumberland,58,341793.0,Eastern,512.9,3748.5,High,-78.8275607671,35.048611942,High
23847,701,Hyde,58,4595.0,Coastal,7.5,0.0,High,-76.1449651093,35.4081187361,High
23887,3003,Transylvania,58,32825.0,Western,87.2,978.5,High,-82.7983001279,35.2021778635,High
23801,5148,Alexander,58,36172.0,Northern,140.2,1440.7,High,-81.1770268506,35.9210263138,High
23864,23381,New Hanover,58,230423.0,Coastal,1174.0,2612.3,High,-77.865597569,34.1815553357,High
23890,5415,Vance,58,41665.0,Eastern,168.7,3584.5,High,-78.4079288849,36.3649169333,High
23853,7307,Lenoir,58,54323.0,Coastal,138.1,3246.04,High,-77.6412486292,35.2387731611,High
23996,8342,Wilkes,59,65151.0,Northern,87.5,1887.3,High,-81.1633856618,36.2062757623,High
23994,5455,Watauga,59,54804.0,Northern,173.1,1191.8,High,-81.6964250718,36.2311062795,High
23938,6692,Granville,59,60720.0,Eastern,114.6,1466.3,High,-78.6527194252,36.3040698262,High
23964,23381,New Hanover,59,230423.0,Coastal,1174.0,2612.3,High,-77.865597569,34.1815553357,High
23920,1742,Chowan,59,13646.0,Coastal,79.4,1402.6,High,-76.6021303656,36.1265615389,High
23960,1641,Mitchell,59,14783.0,Western,67.4,458.42,High,-82.1635815487,36.0132038869,High
23965,2081,Northampton,59,16953.0,Eastern,32.6,2092.6,High,-77.3968212099,36.4177312434,High
23924,10900,Craven,59,102568.0,Coastal,142.5,2112.3,High,-77.082003837,35.117685821,High
23927,2926,Dare,59,37817.0,Coastal,96.3,1872.9,High,-75.6852333134,35.664936694,High
23933,42258,Forsyth,59,387703.0,Northern,938.1,4129.5,High,-80.256300016,36.1306195485,High
23916,2456,Caswell,59,22400.0,Eastern,53.5,317.5,High,-79.3335234769,36.3932742158,High
23998,4798,Yadkin,59,36925.0,Northern,111.1,1820.8,High,-80.6652439331,36.1605336919,High
23978,9245,Rockingham,59,90457.0,Northern,161.0,2130.4,High,-79.7749871967,36.3960127906,High
23969,3823,Pasquotank,59,40966.0,Coastal,178.8,2078.8,High,-76.2492413613,36.2650187228,High
23955,3706,Macon,59,37041.0,Western,71.8,2077.4,High,-83.4221767088,35.1504672096,High
23974,1756,Polk,59,19461.0,Western,81.3,1596.5,High,-82.1696779265,35.2792789622,High
23987,3003,Transylvania,59,32825.0,Western,87.2,978.5,High,-82.7983001279,35.2021778635,High
23923,8436,Columbus,59,49795.0,Coastal,54.0,2887.71,High,-78.6550308717,34.2656450828,High
23921,1138,Clay,59,11238.0,Western,51.6,2288.34,High,-83.7501767115,35.0571811284,High
23995,13083,Wayne,59,115895.0,Coastal,211.8,2813.0,High,-78.0039971272,35.3639599672,High
23910,21594,Buncombe,59,271638.0,Western,410.4,3012.8,High,-82.5301070587,35.611177887,High
23988,431,Tyrrell,59,3315.0,Coastal,8.3,957.2,High,-76.1704523585,35.8694070017,High
23944,12330,Henderson,59,117429.0,Western,311.8,2039.7,High,-82.4799463782,35.3362263031,High
23970,6891,Pender,59,62250.0,Coastal,69.1,1461.9,High,-77.8884355846,34.5150997489,High
23904,2619,Ashe,59,26506.0,Northern,62.3,1123.1,High,-81.5005211955,36.434424701,High
23911,11985,Burke,59,88398.0,Western,173.0,1836.1,High,-81.7047784739,35.7496106399,High
23937,895,Graham,59,7935.0,Western,27.5,8085.4,High,-83.833581803,35.350171951,High
23908,4626,Bladen,59,29171.0,Coastal,33.8,2578.5,High,-78.5636493115,34.6145873342,High
23926,1901,Currituck,59,29385.0,Coastal,107.3,1344.3,High,-75.936949201,36.3672994836,High
23928,19824,Davidson,59,171752.0,Northern,305.4,1757.8,High,-80.2127487756,35.7933524917,High
23951,1013,Jones,59,9076.0,Coastal,19.5,0.0,High,-77.3551679748,35.0217248029,High
23966,21556,Onslow,59,207928.0,Coastal,268.4,2191.23,High,-77.4157658244,34.709836363,High
23914,780,Camden,59,10537.0,Coastal,43.1,793.0,High,-76.1609504039,36.3411216216,High
23983,9231,Stanly,59,62143.0,Central,158.2,2425.2,High,-80.2509863077,35.3119550622,High
23986,1463,Swain,59,14046.0,Western,26.8,3517.8,High,-83.4927393736,35.4868150519,High
23947,701,Hyde,59,4595.0,Coastal,7.5,0.0,High,-76.1449651093,35.4081187361,High
23930,7999,Duplin,59,48249.0,Coastal,59.8,2911.6,High,-77.9330277459,34.9365348363,High
23922,14044,Cleveland,59,99332.0,Western,214.4,2001.7,High,-81.5555471412,35.3341018022,High
23919,3494,Cherokee,59,28738.0,Western,63.2,3613.3,High,-84.063444228,35.1338574515,High
23905,2289,Avery,59,17347.0,Western,72.0,1003.4,High,-81.9226013745,36.0766050343,High
23942,14665,Harnett,59,134986.0,Eastern,224.5,2172.6,High,-78.8694125204,35.3686291614,High
23912,26736,Cabarrus,59,232873.0,Central,625.1,1374.8,High,-80.5518508851,35.3867940405,High
23981,9470,Sampson,59,58371.0,Coastal,62.4,2241.9,High,-78.3713906105,34.9915361594,High
23999,2134,Yancey,59,18320.0,Western,59.1,557.0,High,-82.3076279784,35.8989479924,High
23931,29612,Durham,59,331347.0,Eastern,1133.7,3966.0,High,-78.8765926949,36.0360299243,High
23971,1175,Perquimans,59,13049.0,Coastal,52.6,684.8,High,-76.4076199893,36.1772228503,High
23950,26748,Johnston,59,224833.0,Coastal,272.7,1547.3,High,-78.3657109025,35.5178069265,High
23993,1261,Washington,59,10708.0,Coastal,31.8,1746.8,High,-76.5693098876,35.8392646425,High
23913,10693,Caldwell,59,81319.0,Northern,170.9,2504.8,High,-81.5464366451,35.9530379334,High
23902,1177,Alleghany,59,11057.0,Northern,46.4,697.2,High,-81.1278593427,36.4912704378,High
23967,9678,Orange,59,148331.0,Eastern,374.0,1991.9,High,-79.120649356,36.0611182361,High
23925,36872,Cumberland,59,341793.0,Eastern,512.9,3748.5,High,-78.8275607671,35.048611942,High
23957,2787,Martin,59,21503.0,Coastal,48.3,2717.4,High,-77.109232267,35.843213981,High
23977,21037,Robeson,59,115899.0,Coastal,123.0,5137.4,High,-79.1038649277,34.6402420514,High
23907,2012,Bertie,59,17302.0,Coastal,25.7,1594.6,High,-76.9667121404,36.0656302022,High
23984,4864,Stokes,59,44422.0,Northern,99.1,2146.85,High,-80.2395157151,36.4019040049,High
23979,20888,Rowan,59,148565.0,Northern,287.1,2292.8,High,-80.5247717485,35.6394734632,High
23976,5837,Richmond,59,43006.0,Eastern,90.7,5508.4,High,-79.7477780226,35.0060483545,High
23959,133843,Mecklenburg,59,1128426.0,Central,2130.4,3736.1,High,-80.8327311406,35.2467670437,High
23968,1267,Pamlico,59,12215.0,Coastal,36.5,2321.5,High,-76.6694598427,35.151021226,High
23918,5698,Chatham,59,77095.0,Eastern,111.9,1456.0,High,-79.2552758614,35.7025721296,High
23917,22831,Catawba,59,162841.0,Northern,400.2,2802.5,High,-81.2150705598,35.662042354,High
23989,29147,Union,59,244960.0,Central,376.6,1582.3,High,-80.5307400446,34.9883574887,High
23940,55054,Guilford,59,545484.0,Northern,838.0,3371.1,High,-79.7889042685,36.0794717315,High
23906,5320,Beaufort,59,44150.0,Coastal,53.6,2157.95,High,-76.8453144055,35.486983815,High
23980,8734,Rutherford,59,63870.0,Western,114.0,2009.9,High,-81.9198334642,35.4025956291,High
23975,17276,Randolph,59,143325.0,Northern,184.3,1615.5,High,-79.8060069064,35.7103417044,High
23936,845,Gates,59,10324.0,Coastal,30.8,750.9,High,-76.7005266521,36.4449435708,High
23949,4326,Jackson,59,41919.0,Western,87.8,1864.6,High,-83.1408496187,35.2875866253,High
23963,12760,Nash,59,96101.0,Coastal,175.7,1838.5,High,-77.9864448378,35.9672502839,High
23946,5913,Hoke,59,53783.0,Eastern,133.5,2028.14,High,-79.237290715,35.0175290075,High
23932,6367,Edgecombe,59,48604.0,Coastal,96.7,2366.3,High,-77.5970588882,35.912880671,High
23972,4070,Person,59,39048.0,Eastern,99.7,1862.8,High,-78.9718051426,36.3900951244,High
23900,21332,Alamance,59,175029.0,Northern,404.8,3065.6,High,-79.3994248175,36.0437098766,High
23934,8008,Franklin,59,70655.0,Eastern,139.4,1314.6,High,-78.2856965824,36.0827733527,High
23953,7307,Lenoir,59,54323.0,Coastal,138.1,3246.04,High,-77.6412486292,35.2387731611,High
23985,9673,Surry,59,70573.0,Northern,134.0,1507.5,High,-80.6880779273,36.4148205561,High
23903,3004,Anson,59,22028.0,Central,41.5,2802.1,High,-80.102712026,34.9737894417,High
23958,6332,McDowell,59,44151.0,Western,101.3,2610.9,High,-82.0493124426,35.6816924709,High
23992,1946,Warren,59,18621.0,Eastern,43.4,2235.0,High,-78.1067171324,36.3965102811,High
23982,4639,Scotland,59,33662.0,Eastern,107.1,3528.0,High,-79.4804292418,34.8408848102,High
23929,4951,Davie,59,43127.0,Northern,162.0,1665.25,High,-80.5444636482,35.929110866,High
23943,5523,Haywood,59,62831.0,Western,112.2,3591.8,High,-82.9821729698,35.5560557128,High
23997,10910,Wilson,59,79078.0,Coastal,214.3,2386.9,High,-77.9186629547,35.7051457145,High
23961,3742,Montgomery,59,25485.0,Eastern,52.4,2480.1,High,-79.9054790812,35.332466935,High
23945,2314,Hertford,59,20374.0,Coastal,61.0,2281.6,High,-76.9807147831,36.3586360305,High
23952,7512,Lee,59,64360.0,Eastern,248.1,1631.1,High,-79.1714836119,35.4751864248,High
23939,2825,Greene,59,19978.0,Coastal,76.7,1640.3,High,-77.6757626742,35.4849957203,High
23973,23970,Pitt,59,173536.0,Coastal,261.0,2238.9,High,-77.3744965519,35.5932989746,High
23948,22730,Iredell,59,192986.0,Northern,325.0,1866.4,High,-80.8734378255,35.8070259189,High
23956,1964,Madison,59,21146.0,Western,47.1,1247.6,High,-82.7057582627,35.8580358086,High
23954,12010,Lincoln,59,88742.0,Central,293.4,1745.2,High,-81.2235326264,35.4855950234,High
23909,12419,Brunswick,59,144821.0,Coastal,160.8,1537.1,High,-78.2274071617,34.0388755841,High
23962,10940,Moore,59,102966.0,Eastern,142.9,1617.3,High,-79.4813744392,35.3106538555,High
23935,31569,Gaston,59,233387.0,Central,640.7,2912.4,High,-81.1802416273,35.2943489527,High
23941,6429,Halifax,59,47859.0,Coastal,67.2,2754.7,High,-77.6517329831,36.2574485453,High
23901,5148,Alexander,59,36172.0,Northern,140.2,1440.7,High,-81.1770268506,35.9210263138,High
23990,5415,Vance,59,41665.0,Eastern,168.7,3584.5,High,-78.4079288849,36.3649169333,High
23991,108862,Wake,59,1154170.0,Eastern,1353.3,1846.0,High,-78.6503081729,35.7902443741,High
23915,6357,Carteret,59,69039.0,Coastal,133.3,1912.1,High,-76.5357430669,34.8612598084,High
24059,133843,Mecklenburg,60,1128426.0,Central,2130.4,3736.1,High,-80.8327311406,35.2467670437,High
24076,5837,Richmond,60,43006.0,Eastern,90.7,5508.4,High,-79.7477780226,35.0060483545,High
24081,9470,Sampson,60,58371.0,Coastal,62.4,2241.9,High,-78.3713906105,34.9915361594,High
24032,6367,Edgecombe,60,48604.0,Coastal,96.7,2366.3,High,-77.5970588882,35.912880671,High
24062,10940,Moore,60,102966.0,Eastern,142.9,1617.3,High,-79.4813744392,35.3106538555,High
24047,701,Hyde,60,4595.0,Coastal,7.5,0.0,High,-76.1449651093,35.4081187361,High
24077,21037,Robeson,60,115899.0,Coastal,123.0,5137.4,High,-79.1038649277,34.6402420514,High
24046,5913,Hoke,60,53783.0,Eastern,133.5,2028.14,High,-79.237290715,35.0175290075,High
24084,4864,Stokes,60,44422.0,Northern,99.1,2146.85,High,-80.2395157151,36.4019040049,High
24039,2825,Greene,60,19978.0,Coastal,76.7,1640.3,High,-77.6757626742,35.4849957203,High
24079,20888,Rowan,60,148565.0,Northern,287.1,2292.8,High,-80.5247717485,35.6394734632,High
24066,21556,Onslow,60,207928.0,Coastal,268.4,2191.23,High,-77.4157658244,34.709836363,High
24018,5698,Chatham,60,77095.0,Eastern,111.9,1456.0,High,-79.2552758614,35.7025721296,High
24052,7512,Lee,60,64360.0,Eastern,248.1,1631.1,High,-79.1714836119,35.4751864248,High
24057,2787,Martin,60,21503.0,Coastal,48.3,2717.4,High,-77.109232267,35.843213981,High
24007,2012,Bertie,60,17302.0,Coastal,25.7,1594.6,High,-76.9667121404,36.0656302022,High
24036,845,Gates,60,10324.0,Coastal,30.8,750.9,High,-76.7005266521,36.4449435708,High
24015,6357,Carteret,60,69039.0,Coastal,133.3,1912.1,High,-76.5357430669,34.8612598084,High
24082,4639,Scotland,60,33662.0,Eastern,107.1,3528.0,High,-79.4804292418,34.8408848102,High
24097,10910,Wilson,60,79078.0,Coastal,214.3,2386.9,High,-77.9186629547,35.7051457145,High
24022,14044,Cleveland,60,99332.0,Western,214.4,2001.7,High,-81.5555471412,35.3341018022,High
24056,1964,Madison,60,21146.0,Western,47.1,1247.6,High,-82.7057582627,35.8580358086,High
24019,3494,Cherokee,60,28738.0,Western,63.2,3613.3,High,-84.063444228,35.1338574515,High
24009,12419,Brunswick,60,144821.0,Coastal,160.8,1537.1,High,-78.2274071617,34.0388755841,High
24005,2289,Avery,60,17347.0,Western,72.0,1003.4,High,-81.9226013745,36.0766050343,High
24042,14665,Harnett,60,134986.0,Eastern,224.5,2172.6,High,-78.8694125204,35.3686291614,High
24094,5455,Watauga,60,54804.0,Northern,173.1,1191.8,High,-81.6964250718,36.2311062795,High
24063,12760,Nash,60,96101.0,Coastal,175.7,1838.5,High,-77.9864448378,35.9672502839,High
24089,29147,Union,60,244960.0,Central,376.6,1582.3,High,-80.5307400446,34.9883574887,High
24030,7999,Duplin,60,48249.0,Coastal,59.8,2911.6,High,-77.9330277459,34.9365348363,High
24003,3004,Anson,60,22028.0,Central,41.5,2802.1,High,-80.102712026,34.9737894417,High
24071,1175,Perquimans,60,13049.0,Coastal,52.6,684.8,High,-76.4076199893,36.1772228503,High
24048,22730,Iredell,60,192986.0,Northern,325.0,1866.4,High,-80.8734378255,35.8070259189,High
24031,29612,Durham,60,331347.0,Eastern,1133.7,3966.0,High,-78.8765926949,36.0360299243,High
24025,36872,Cumberland,60,341793.0,Eastern,512.9,3748.5,High,-78.8275607671,35.048611942,High
24072,4070,Person,60,39048.0,Eastern,99.7,1862.8,High,-78.9718051426,36.3900951244,High
24002,1177,Alleghany,60,11057.0,Northern,46.4,697.2,High,-81.1278593427,36.4912704378,High
24080,8734,Rutherford,60,63870.0,Western,114.0,2009.9,High,-81.9198334642,35.4025956291,High
24006,5320,Beaufort,60,44150.0,Coastal,53.6,2157.95,High,-76.8453144055,35.486983815,High
24093,1261,Washington,60,10708.0,Coastal,31.8,1746.8,High,-76.5693098876,35.8392646425,High
24053,7307,Lenoir,60,54323.0,Coastal,138.1,3246.04,High,-77.6412486292,35.2387731611,High
24067,9678,Orange,60,148331.0,Eastern,374.0,1991.9,High,-79.120649356,36.0611182361,High
24075,17276,Randolph,60,143325.0,Northern,184.3,1615.5,High,-79.8060069064,35.7103417044,High
24017,22831,Catawba,60,162841.0,Northern,400.2,2802.5,High,-81.2150705598,35.662042354,High
24013,10693,Caldwell,60,81319.0,Northern,170.9,2504.8,High,-81.5464366451,35.9530379334,High
24040,55054,Guilford,60,545484.0,Northern,838.0,3371.1,High,-79.7889042685,36.0794717315,High
24050,26748,Johnston,60,224833.0,Coastal,272.7,1547.3,High,-78.3657109025,35.5178069265,High
24043,5523,Haywood,60,62831.0,Western,112.2,3591.8,High,-82.9821729698,35.5560557128,High
24078,9245,Rockingham,60,90457.0,Northern,161.0,2130.4,High,-79.7749871967,36.3960127906,High
24054,12010,Lincoln,60,88742.0,Central,293.4,1745.2,High,-81.2235326264,35.4855950234,High
24023,8436,Columbus,60,49795.0,Coastal,54.0,2887.71,High,-78.6550308717,34.2656450828,High
24016,2456,Caswell,60,22400.0,Eastern,53.5,317.5,High,-79.3335234769,36.3932742158,High
24096,8342,Wilkes,60,65151.0,Northern,87.5,1887.3,High,-81.1633856618,36.2062757623,High
24087,3003,Transylvania,60,32825.0,Western,87.2,978.5,High,-82.7983001279,35.2021778635,High
24029,4951,Davie,60,43127.0,Northern,162.0,1665.25,High,-80.5444636482,35.929110866,High
24051,1013,Jones,60,9076.0,Coastal,19.5,0.0,High,-77.3551679748,35.0217248029,High
24028,19824,Davidson,60,171752.0,Northern,305.4,1757.8,High,-80.2127487756,35.7933524917,High
24008,4626,Bladen,60,29171.0,Coastal,33.8,2578.5,High,-78.5636493115,34.6145873342,High
24085,9673,Surry,60,70573.0,Northern,134.0,1507.5,High,-80.6880779273,36.4148205561,High
24098,4798,Yadkin,60,36925.0,Northern,111.1,1820.8,High,-80.6652439331,36.1605336919,High
24055,3706,Macon,60,37041.0,Western,71.8,2077.4,High,-83.4221767088,35.1504672096,High
24058,6332,McDowell,60,44151.0,Western,101.3,2610.9,High,-82.0493124426,35.6816924709,High
24014,780,Camden,60,10537.0,Coastal,43.1,793.0,High,-76.1609504039,36.3411216216,High
24011,11985,Burke,60,88398.0,Western,173.0,1836.1,High,-81.7047784739,35.7496106399,High
24064,23381,New Hanover,60,230423.0,Coastal,1174.0,2612.3,High,-77.865597569,34.1815553357,High
24034,8008,Franklin,60,70655.0,Eastern,139.4,1314.6,High,-78.2856965824,36.0827733527,High
24026,1901,Currituck,60,29385.0,Coastal,107.3,1344.3,High,-75.936949201,36.3672994836,High
24070,6891,Pender,60,62250.0,Coastal,69.1,1461.9,High,-77.8884355846,34.5150997489,High
24088,431,Tyrrell,60,3315.0,Coastal,8.3,957.2,High,-76.1704523585,35.8694070017,High
24073,23970,Pitt,60,173536.0,Coastal,261.0,2238.9,High,-77.3744965519,35.5932989746,High
24095,13083,Wayne,60,115895.0,Coastal,211.8,2813.0,High,-78.0039971272,35.3639599672,High
24099,2134,Yancey,60,18320.0,Western,59.1,557.0,High,-82.3076279784,35.8989479924,High
24010,21594,Buncombe,60,271638.0,Western,410.4,3012.8,High,-82.5301070587,35.611177887,High
24021,1138,Clay,60,11238.0,Western,51.6,2288.34,High,-83.7501767115,35.0571811284,High
24035,31569,Gaston,60,233387.0,Central,640.7,2912.4,High,-81.1802416273,35.2943489527,High
24037,895,Graham,60,7935.0,Western,27.5,8085.4,High,-83.833581803,35.350171951,High
24045,2314,Hertford,60,20374.0,Coastal,61.0,2281.6,High,-76.9807147831,36.3586360305,High
24049,4326,Jackson,60,41919.0,Western,87.8,1864.6,High,-83.1408496187,35.2875866253,High
24041,6429,Halifax,60,47859.0,Coastal,67.2,2754.7,High,-77.6517329831,36.2574485453,High
24061,3742,Montgomery,60,25485.0,Eastern,52.4,2480.1,High,-79.9054790812,35.332466935,High
24012,26736,Cabarrus,60,232873.0,Central,625.1,1374.8,High,-80.5518508851,35.3867940405,High
24038,6692,Granville,60,60720.0,Eastern,114.6,1466.3,High,-78.6527194252,36.3040698262,High
24065,2081,Northampton,60,16953.0,Eastern,32.6,2092.6,High,-77.3968212099,36.4177312434,High
24027,2926,Dare,60,37817.0,Coastal,96.3,1872.9,High,-75.6852333134,35.664936694,High
24090,5415,Vance,60,41665.0,Eastern,168.7,3584.5,High,-78.4079288849,36.3649169333,High
24024,10900,Craven,60,102568.0,Coastal,142.5,2112.3,High,-77.082003837,35.117685821,High
24091,108862,Wake,60,1154170.0,Eastern,1353.3,1846.0,High,-78.6503081729,35.7902443741,High
24044,12330,Henderson,60,117429.0,Western,311.8,2039.7,High,-82.4799463782,35.3362263031,High
24086,1463,Swain,60,14046.0,Western,26.8,3517.8,High,-83.4927393736,35.4868150519,High
24001,5148,Alexander,60,36172.0,Northern,140.2,1440.7,High,-81.1770268506,35.9210263138,High
24060,1641,Mitchell,60,14783.0,Western,67.4,458.42,High,-82.1635815487,36.0132038869,High
24033,42258,Forsyth,60,387703.0,Northern,938.1,4129.5,High,-80.256300016,36.1306195485,High
24083,9231,Stanly,60,62143.0,Central,158.2,2425.2,High,-80.2509863077,35.3119550622,High
24068,1267,Pamlico,60,12215.0,Coastal,36.5,2321.5,High,-76.6694598427,35.151021226,High
24074,1756,Polk,60,19461.0,Western,81.3,1596.5,High,-82.1696779265,35.2792789622,High
24020,1742,Chowan,60,13646.0,Coastal,79.4,1402.6,High,-76.6021303656,36.1265615389,High
24004,2619,Ashe,60,26506.0,Northern,62.3,1123.1,High,-81.5005211955,36.434424701,High
24069,3823,Pasquotank,60,40966.0,Coastal,178.8,2078.8,High,-76.2492413613,36.2650187228,High
24092,1946,Warren,60,18621.0,Eastern,43.4,2235.0,High,-78.1067171324,36.3965102811,High
24000,21332,Alamance,60,175029.0,Northern,404.8,3065.6,High,-79.3994248175,36.0437098766,High
24158,6505,McDowell,61,44151.0,Western,101.3,2610.9,High,-82.0493124426,35.6816924709,High
24144,12469,Henderson,61,117429.0,Western,311.8,2039.7,High,-82.4799463782,35.3362263031,High
24187,3046,Transylvania,61,32825.0,Western,87.2,978.5,High,-82.7983001279,35.2021778635,High
24157,2848,Martin,61,21503.0,Coastal,48.3,2717.4,High,-77.109232267,35.843213981,High
24116,2493,Caswell,61,22400.0,Eastern,53.5,317.5,High,-79.3335234769,36.3932742158,High
24145,2335,Hertford,61,20374.0,Coastal,61.0,2281.6,High,-76.9807147831,36.3586360305,High
24112,27304,Cabarrus,61,232873.0,Central,625.1,1374.8,High,-80.5518508851,35.3867940405,High
24140,55784,Guilford,61,545484.0,Northern,838.0,3371.1,High,-79.7889042685,36.0794717315,High
24181,9624,Sampson,61,58371.0,Coastal,62.4,2241.9,High,-78.3713906105,34.9915361594,High
24105,2312,Avery,61,17347.0,Western,72.0,1003.4,High,-81.9226013745,36.0766050343,High
24135,32126,Gaston,61,233387.0,Central,640.7,2912.4,High,-81.1802416273,35.2943489527,High
24131,29903,Durham,61,331347.0,Eastern,1133.7,3966.0,High,-78.8765926949,36.0360299243,High
24195,13283,Wayne,61,115895.0,Coastal,211.8,2813.0,High,-78.0039971272,35.3639599672,High
24192,1969,Warren,61,18621.0,Eastern,43.4,2235.0,High,-78.1067171324,36.3965102811,High
24153,7418,Lenoir,61,54323.0,Coastal,138.1,3246.04,High,-77.6412486292,35.2387731611,High
24165,2101,Northampton,61,16953.0,Eastern,32.6,2092.6,High,-77.3968212099,36.4177312434,High
24107,2048,Bertie,61,17302.0,Coastal,25.7,1594.6,High,-76.9667121404,36.0656302022,High
24139,2864,Greene,61,19978.0,Coastal,76.7,1640.3,High,-77.6757626742,35.4849957203,High
24101,5257,Alexander,61,36172.0,Northern,140.2,1440.7,High,-81.1770268506,35.9210263138,High
24151,1026,Jones,61,9076.0,Coastal,19.5,0.0,High,-77.3551679748,35.0217248029,High
24194,5491,Watauga,61,54804.0,Northern,173.1,1191.8,High,-81.6964250718,36.2311062795,High
24163,12913,Nash,61,96101.0,Coastal,175.7,1838.5,High,-77.9864448378,35.9672502839,High
24119,3575,Cherokee,61,28738.0,Western,63.2,3613.3,High,-84.063444228,35.1338574515,High
24176,5930,Richmond,61,43006.0,Eastern,90.7,5508.4,High,-79.7477780226,35.0060483545,High
24155,3757,Macon,61,37041.0,Western,71.8,2077.4,High,-83.4221767088,35.1504672096,High
24147,723,Hyde,61,4595.0,Coastal,7.5,0.0,High,-76.1449651093,35.4081187361,High
24133,42811,Forsyth,61,387703.0,Northern,938.1,4129.5,High,-80.256300016,36.1306195485,High
24126,1950,Currituck,61,29385.0,Coastal,107.3,1344.3,High,-75.936949201,36.3672994836,High
24130,8144,Duplin,61,48249.0,Coastal,59.8,2911.6,High,-77.9330277459,34.9365348363,High
24183,9421,Stanly,61,62143.0,Central,158.2,2425.2,High,-80.2509863077,35.3119550622,High
24178,9438,Rockingham,61,90457.0,Northern,161.0,2130.4,High,-79.7749871967,36.3960127906,High
24142,14913,Harnett,61,134986.0,Eastern,224.5,2172.6,High,-78.8694125204,35.3686291614,High
24173,24302,Pitt,61,173536.0,Coastal,261.0,2238.9,High,-77.3744965519,35.5932989746,High
24198,4858,Yadkin,61,36925.0,Northern,111.1,1820.8,High,-80.6652439331,36.1605336919,High
24134,8094,Franklin,61,70655.0,Eastern,139.4,1314.6,High,-78.2856965824,36.0827733527,High
24149,4410,Jackson,61,41919.0,Western,87.8,1864.6,High,-83.1408496187,35.2875866253,High
24110,21954,Buncombe,61,271638.0,Western,410.4,3012.8,High,-82.5301070587,35.611177887,High
24182,4690,Scotland,61,33662.0,Eastern,107.1,3528.0,High,-79.4804292418,34.8408848102,High
24141,6518,Halifax,61,47859.0,Coastal,67.2,2754.7,High,-77.6517329831,36.2574485453,High
24121,1168,Clay,61,11238.0,Western,51.6,2288.34,High,-83.7501767115,35.0571811284,High
24164,23897,New Hanover,61,230423.0,Coastal,1174.0,2612.3,High,-77.865597569,34.1815553357,High
24170,7107,Pender,61,62250.0,Coastal,69.1,1461.9,High,-77.8884355846,34.5150997489,High
24188,438,Tyrrell,61,3315.0,Coastal,8.3,957.2,High,-76.1704523585,35.8694070017,High
24114,797,Camden,61,10537.0,Coastal,43.1,793.0,High,-76.1609504039,36.3411216216,High
24122,14317,Cleveland,61,99332.0,Western,214.4,2001.7,High,-81.5555471412,35.3341018022,High
24108,4717,Bladen,61,29171.0,Coastal,33.8,2578.5,High,-78.5636493115,34.6145873342,High
24128,20235,Davidson,61,171752.0,Northern,305.4,1757.8,High,-80.2127487756,35.7933524917,High
24129,5022,Davie,61,43127.0,Northern,162.0,1665.25,High,-80.5444636482,35.929110866,High
24137,921,Graham,61,7935.0,Western,27.5,8085.4,High,-83.833581803,35.350171951,High
24161,3797,Montgomery,61,25485.0,Eastern,52.4,2480.1,High,-79.9054790812,35.332466935,High
24190,5471,Vance,61,41665.0,Eastern,168.7,3584.5,High,-78.4079288849,36.3649169333,High
24143,5609,Haywood,61,62831.0,Western,112.2,3591.8,High,-82.9821729698,35.5560557128,High
24103,3057,Anson,61,22028.0,Central,41.5,2802.1,High,-80.102712026,34.9737894417,High
24166,22014,Onslow,61,207928.0,Coastal,268.4,2191.23,High,-77.4157658244,34.709836363,High
24156,2000,Madison,61,21146.0,Western,47.1,1247.6,High,-82.7057582627,35.8580358086,High
24172,4116,Person,61,39048.0,Eastern,99.7,1862.8,High,-78.9718051426,36.3900951244,High
24146,6020,Hoke,61,53783.0,Eastern,133.5,2028.14,High,-79.237290715,35.0175290075,High
24148,23142,Iredell,61,192986.0,Northern,325.0,1866.4,High,-80.8734378255,35.8070259189,High
24123,8585,Columbus,61,49795.0,Coastal,54.0,2887.71,High,-78.6550308717,34.2656450828,High
24197,11034,Wilson,61,79078.0,Coastal,214.3,2386.9,High,-77.9186629547,35.7051457145,High
24154,12193,Lincoln,61,88742.0,Central,293.4,1745.2,High,-81.2235326264,35.4855950234,High
24162,11123,Moore,61,102966.0,Eastern,142.9,1617.3,High,-79.4813744392,35.3106538555,High
24186,1479,Swain,61,14046.0,Western,26.8,3517.8,High,-83.4927393736,35.4868150519,High
24191,110072,Wake,61,1154170.0,Eastern,1353.3,1846.0,High,-78.6503081729,35.7902443741,High
24111,12235,Burke,61,88398.0,Western,173.0,1836.1,High,-81.7047784739,35.7496106399,High
24185,9748,Surry,61,70573.0,Northern,134.0,1507.5,High,-80.6880779273,36.4148205561,High
24100,21680,Alamance,61,175029.0,Northern,404.8,3065.6,High,-79.3994248175,36.0437098766,High
24152,7637,Lee,61,64360.0,Eastern,248.1,1631.1,High,-79.1714836119,35.4751864248,High
24196,8477,Wilkes,61,65151.0,Northern,87.5,1887.3,High,-81.1633856618,36.2062757623,High
24109,12710,Brunswick,61,144821.0,Coastal,160.8,1537.1,High,-78.2274071617,34.0388755841,High
24169,3907,Pasquotank,61,40966.0,Coastal,178.8,2078.8,High,-76.2492413613,36.2650187228,High
24136,849,Gates,61,10324.0,Coastal,30.8,750.9,High,-76.7005266521,36.4449435708,High
24179,21528,Rowan,61,148565.0,Northern,287.1,2292.8,High,-80.5247717485,35.6394734632,High
24184,4928,Stokes,61,44422.0,Northern,99.1,2146.85,High,-80.2395157151,36.4019040049,High
24115,6472,Carteret,61,69039.0,Coastal,133.3,1912.1,High,-76.5357430669,34.8612598084,High
24159,135422,Mecklenburg,61,1128426.0,Central,2130.4,3736.1,High,-80.8327311406,35.2467670437,High
24118,5797,Chatham,61,77095.0,Eastern,111.9,1456.0,High,-79.2552758614,35.7025721296,High
24167,9886,Orange,61,148331.0,Eastern,374.0,1991.9,High,-79.120649356,36.0611182361,High
24106,5430,Beaufort,61,44150.0,Coastal,53.6,2157.95,High,-76.8453144055,35.486983815,High
24113,10869,Caldwell,61,81319.0,Northern,170.9,2504.8,High,-81.5464366451,35.9530379334,High
24125,37346,Cumberland,61,341793.0,Eastern,512.9,3748.5,High,-78.8275607671,35.048611942,High
24117,23199,Catawba,61,162841.0,Northern,400.2,2802.5,High,-81.2150705598,35.662042354,High
24102,1198,Alleghany,61,11057.0,Northern,46.4,697.2,High,-81.1278593427,36.4912704378,High
24171,1194,Perquimans,61,13049.0,Coastal,52.6,684.8,High,-76.4076199893,36.1772228503,High
24150,27136,Johnston,61,224833.0,Coastal,272.7,1547.3,High,-78.3657109025,35.5178069265,High
24132,6470,Edgecombe,61,48604.0,Coastal,96.7,2366.3,High,-77.5970588882,35.912880671,High
24180,8874,Rutherford,61,63870.0,Western,114.0,2009.9,High,-81.9198334642,35.4025956291,High
24175,17409,Randolph,61,143325.0,Northern,184.3,1615.5,High,-79.8060069064,35.7103417044,High
24189,29572,Union,61,244960.0,Central,376.6,1582.3,High,-80.5307400446,34.9883574887,High
24177,21468,Robeson,61,115899.0,Coastal,123.0,5137.4,High,-79.1038649277,34.6402420514,High
24160,1660,Mitchell,61,14783.0,Western,67.4,458.42,High,-82.1635815487,36.0132038869,High
24138,6765,Granville,61,60720.0,Eastern,114.6,1466.3,High,-78.6527194252,36.3040698262,High
24104,2681,Ashe,61,26506.0,Northern,62.3,1123.1,High,-81.5005211955,36.434424701,High
24120,1769,Chowan,61,13646.0,Coastal,79.4,1402.6,High,-76.6021303656,36.1265615389,High
24168,1288,Pamlico,61,12215.0,Coastal,36.5,2321.5,High,-76.6694598427,35.151021226,High
24124,11119,Craven,61,102568.0,Coastal,142.5,2112.3,High,-77.082003837,35.117685821,High
24127,2993,Dare,61,37817.0,Coastal,96.3,1872.9,High,-75.6852333134,35.664936694,High
24199,2190,Yancey,61,18320.0,Western,59.1,557.0,High,-82.3076279784,35.8989479924,High
24193,1294,Washington,61,10708.0,Coastal,31.8,1746.8,High,-76.5693098876,35.8392646425,High
24174,1785,Polk,61,19461.0,Western,81.3,1596.5,High,-82.1696779265,35.2792789622,High
24252,7692,Lee,62,64360.0,Eastern,248.1,1631.1,High,-79.1714836119,35.4751864248,High
24211,12303,Burke,62,88398.0,Western,173.0,1836.1,High,-81.7047784739,35.7496106399,High
24282,4710,Scotland,62,33662.0,Eastern,107.1,3528.0,High,-79.4804292418,34.8408848102,High
24241,6536,Halifax,62,47859.0,Coastal,67.2,2754.7,High,-77.6517329831,36.2574485453,High
24223,8606,Columbus,62,49795.0,Coastal,54.0,2887.71,High,-78.6550308717,34.2656450828,High
24256,2005,Madison,62,21146.0,Western,47.1,1247.6,High,-82.7057582627,35.8580358086,High
24257,2862,Martin,62,21503.0,Coastal,48.3,2717.4,High,-77.109232267,35.843213981,High
24244,12497,Henderson,62,117429.0,Western,311.8,2039.7,High,-82.4799463782,35.3362263031,High
24299,2197,Yancey,62,18320.0,Western,59.1,557.0,High,-82.3076279784,35.8989479924,High
24225,37473,Cumberland,62,341793.0,Eastern,512.9,3748.5,High,-78.8275607671,35.048611942,High
24212,27445,Cabarrus,62,232873.0,Central,625.1,1374.8,High,-80.5518508851,35.3867940405,High
24294,5532,Watauga,62,54804.0,Northern,173.1,1191.8,High,-81.6964250718,36.2311062795,High
24226,1970,Currituck,62,29385.0,Coastal,107.3,1344.3,High,-75.936949201,36.3672994836,High
24281,9649,Sampson,62,58371.0,Coastal,62.4,2241.9,High,-78.3713906105,34.9915361594,High
24265,2107,Northampton,62,16953.0,Eastern,32.6,2092.6,High,-77.3968212099,36.4177312434,High
24277,21563,Robeson,62,115899.0,Coastal,123.0,5137.4,High,-79.1038649277,34.6402420514,High
24298,4886,Yadkin,62,36925.0,Northern,111.1,1820.8,High,-80.6652439331,36.1605336919,High
24267,9964,Orange,62,148331.0,Eastern,374.0,1991.9,High,-79.120649356,36.0611182361,High
24278,9478,Rockingham,62,90457.0,Northern,161.0,2130.4,High,-79.7749871967,36.3960127906,High
24238,6781,Granville,62,60720.0,Eastern,114.6,1466.3,High,-78.6527194252,36.3040698262,High
24292,1975,Warren,62,18621.0,Eastern,43.4,2235.0,High,-78.1067171324,36.3965102811,High
24266,22143,Onslow,62,207928.0,Coastal,268.4,2191.23,High,-77.4157658244,34.709836363,High
24246,6035,Hoke,62,53783.0,Eastern,133.5,2028.14,High,-79.237290715,35.0175290075,High
24272,4134,Person,62,39048.0,Eastern,99.7,1862.8,High,-78.9718051426,36.3900951244,High
24248,23261,Iredell,62,192986.0,Northern,325.0,1866.4,High,-80.8734378255,35.8070259189,High
24269,3920,Pasquotank,62,40966.0,Coastal,178.8,2078.8,High,-76.2492413613,36.2650187228,High
24262,11176,Moore,62,102966.0,Eastern,142.9,1617.3,High,-79.4813744392,35.3106538555,High
24291,110694,Wake,62,1154170.0,Eastern,1353.3,1846.0,High,-78.6503081729,35.7902443741,High
24285,9795,Surry,62,70573.0,Northern,134.0,1507.5,High,-80.6880779273,36.4148205561,High
24261,3811,Montgomery,62,25485.0,Eastern,52.4,2480.1,High,-79.9054790812,35.332466935,High
24229,5043,Davie,62,43127.0,Northern,162.0,1665.25,High,-80.5444636482,35.929110866,High
24273,24419,Pitt,62,173536.0,Coastal,261.0,2238.9,High,-77.3744965519,35.5932989746,High
24200,21733,Alamance,62,175029.0,Northern,404.8,3065.6,High,-79.3994248175,36.0437098766,High
24210,22046,Buncombe,62,271638.0,Western,410.4,3012.8,High,-82.5301070587,35.611177887,High
24270,7157,Pender,62,62250.0,Coastal,69.1,1461.9,High,-77.8884355846,34.5150997489,High
24221,1179,Clay,62,11238.0,Western,51.6,2288.34,High,-83.7501767115,35.0571811284,High
24209,12780,Brunswick,62,144821.0,Coastal,160.8,1537.1,High,-78.2274071617,34.0388755841,High
24288,439,Tyrrell,62,3315.0,Coastal,8.3,957.2,High,-76.1704523585,35.8694070017,High
24243,5643,Haywood,62,62831.0,Western,112.2,3591.8,High,-82.9821729698,35.5560557128,High
24203,3071,Anson,62,22028.0,Central,41.5,2802.1,High,-80.102712026,34.9737894417,High
24237,935,Graham,62,7935.0,Western,27.5,8085.4,High,-83.833581803,35.350171951,High
24215,6508,Carteret,62,69039.0,Coastal,133.3,1912.1,High,-76.5357430669,34.8612598084,High
24290,5486,Vance,62,41665.0,Eastern,168.7,3584.5,High,-78.4079288849,36.3649169333,High
24287,3052,Transylvania,62,32825.0,Western,87.2,978.5,High,-82.7983001279,35.2021778635,High
24219,3602,Cherokee,62,28738.0,Western,63.2,3613.3,High,-84.063444228,35.1338574515,High
24280,8925,Rutherford,62,63870.0,Western,114.0,2009.9,High,-81.9198334642,35.4025956291,High
24263,12953,Nash,62,96101.0,Coastal,175.7,1838.5,High,-77.9864448378,35.9672502839,High
24271,1201,Perquimans,62,13049.0,Coastal,52.6,684.8,High,-76.4076199893,36.1772228503,High
24247,728,Hyde,62,4595.0,Coastal,7.5,0.0,High,-76.1449651093,35.4081187361,High
24218,5807,Chatham,62,77095.0,Eastern,111.9,1456.0,High,-79.2552758614,35.7025721296,High
24214,801,Camden,62,10537.0,Coastal,43.1,793.0,High,-76.1609504039,36.3411216216,High
24220,1775,Chowan,62,13646.0,Coastal,79.4,1402.6,High,-76.6021303656,36.1265615389,High
24264,24041,New Hanover,62,230423.0,Coastal,1174.0,2612.3,High,-77.865597569,34.1815553357,High
24286,1493,Swain,62,14046.0,Western,26.8,3517.8,High,-83.4927393736,35.4868150519,High
24234,8113,Franklin,62,70655.0,Eastern,139.4,1314.6,High,-78.2856965824,36.0827733527,High
24297,11073,Wilson,62,79078.0,Coastal,214.3,2386.9,High,-77.9186629547,35.7051457145,High
24201,5272,Alexander,62,36172.0,Northern,140.2,1440.7,High,-81.1770268506,35.9210263138,High
24254,12223,Lincoln,62,88742.0,Central,293.4,1745.2,High,-81.2235326264,35.4855950234,High
24207,2056,Bertie,62,17302.0,Coastal,25.7,1594.6,High,-76.9667121404,36.0656302022,High
24232,6488,Edgecombe,62,48604.0,Coastal,96.7,2366.3,High,-77.5970588882,35.912880671,High
24228,20399,Davidson,62,171752.0,Northern,305.4,1757.8,High,-80.2127487756,35.7933524917,High
24208,4733,Bladen,62,29171.0,Coastal,33.8,2578.5,High,-78.5636493115,34.6145873342,High
24249,4421,Jackson,62,41919.0,Western,87.8,1864.6,High,-83.1408496187,35.2875866253,High
24296,8534,Wilkes,62,65151.0,Northern,87.5,1887.3,High,-81.1633856618,36.2062757623,High
24202,1210,Alleghany,62,11057.0,Northern,46.4,697.2,High,-81.1278593427,36.4912704378,High
24250,27241,Johnston,62,224833.0,Coastal,272.7,1547.3,High,-78.3657109025,35.5178069265,High
24242,14975,Harnett,62,134986.0,Eastern,224.5,2172.6,High,-78.8694125204,35.3686291614,High
24222,14390,Cleveland,62,99332.0,Western,214.4,2001.7,High,-81.5555471412,35.3341018022,High
24240,56018,Guilford,62,545484.0,Northern,838.0,3371.1,High,-79.7889042685,36.0794717315,High
24205,2321,Avery,62,17347.0,Western,72.0,1003.4,High,-81.9226013745,36.0766050343,High
24276,5949,Richmond,62,43006.0,Eastern,90.7,5508.4,High,-79.7477780226,35.0060483545,High
24231,29919,Durham,62,331347.0,Eastern,1133.7,3966.0,High,-78.8765926949,36.0360299243,High
24283,9450,Stanly,62,62143.0,Central,158.2,2425.2,High,-80.2509863077,35.3119550622,High
24233,43059,Forsyth,62,387703.0,Northern,938.1,4129.5,High,-80.256300016,36.1306195485,High
24245,2347,Hertford,62,20374.0,Coastal,61.0,2281.6,High,-76.9807147831,36.3586360305,High
24251,1025,Jones,62,9076.0,Coastal,19.5,0.0,High,-77.3551679748,35.0217248029,High
24255,3782,Macon,62,37041.0,Western,71.8,2077.4,High,-83.4221767088,35.1504672096,High
24295,13337,Wayne,62,115895.0,Coastal,211.8,2813.0,High,-78.0039971272,35.3639599672,High
24216,2504,Caswell,62,22400.0,Eastern,53.5,317.5,High,-79.3335234769,36.3932742158,High
24258,6540,McDowell,62,44151.0,Western,101.3,2610.9,High,-82.0493124426,35.6816924709,High
24253,7449,Lenoir,62,54323.0,Coastal,138.1,3246.04,High,-77.6412486292,35.2387731611,High
24230,8182,Duplin,62,48249.0,Coastal,59.8,2911.6,High,-77.9330277459,34.9365348363,High
24239,2874,Greene,62,19978.0,Coastal,76.7,1640.3,High,-77.6757626742,35.4849957203,High
24217,23306,Catawba,62,162841.0,Northern,400.2,2802.5,High,-81.2150705598,35.662042354,High
24275,17532,Randolph,62,143325.0,Northern,184.3,1615.5,High,-79.8060069064,35.7103417044,High
24235,32288,Gaston,62,233387.0,Central,640.7,2912.4,High,-81.1802416273,35.2943489527,High
24213,10909,Caldwell,62,81319.0,Northern,170.9,2504.8,High,-81.5464366451,35.9530379334,High
24268,1297,Pamlico,62,12215.0,Coastal,36.5,2321.5,High,-76.6694598427,35.151021226,High
24293,1302,Washington,62,10708.0,Coastal,31.8,1746.8,High,-76.5693098876,35.8392646425,High
24274,1788,Polk,62,19461.0,Western,81.3,1596.5,High,-82.1696779265,35.2792789622,High
24224,11157,Craven,62,102568.0,Coastal,142.5,2112.3,High,-77.082003837,35.117685821,High
24227,3012,Dare,62,37817.0,Coastal,96.3,1872.9,High,-75.6852333134,35.664936694,High
24260,1667,Mitchell,62,14783.0,Western,67.4,458.42,High,-82.1635815487,36.0132038869,High
24289,29700,Union,62,244960.0,Central,376.6,1582.3,High,-80.5307400446,34.9883574887,High
24206,5450,Beaufort,62,44150.0,Coastal,53.6,2157.95,High,-76.8453144055,35.486983815,High
24204,2697,Ashe,62,26506.0,Northern,62.3,1123.1,High,-81.5005211955,36.434424701,High
24279,21730,Rowan,62,148565.0,Northern,287.1,2292.8,High,-80.5247717485,35.6394734632,High
24259,135931,Mecklenburg,62,1128426.0,Central,2130.4,3736.1,High,-80.8327311406,35.2467670437,High
24284,4936,Stokes,62,44422.0,Northern,99.1,2146.85,High,-80.2395157151,36.4019040049,High
24236,852,Gates,62,10324.0,Coastal,30.8,750.9,High,-76.7005266521,36.4449435708,High
24354,12287,Lincoln,63,88742.0,Central,293.4,1745.2,High,-81.2235326264,35.4855950234,High
24389,29879,Union,63,244960.0,Central,376.6,1582.3,High,-80.5307400446,34.9883574887,High
24380,8975,Rutherford,63,63870.0,Western,114.0,2009.9,High,-81.9198334642,35.4025956291,High
24300,21835,Alamance,63,175029.0,Northern,404.8,3065.6,High,-79.3994248175,36.0437098766,High
24353,7504,Lenoir,63,54323.0,Coastal,138.1,3246.04,High,-77.6412486292,35.2387731611,High
24355,3813,Macon,63,37041.0,Western,71.8,2077.4,High,-83.4221767088,35.1504672096,High
24393,1311,Washington,63,10708.0,Coastal,31.8,1746.8,High,-76.5693098876,35.8392646425,High
24324,11306,Craven,63,102568.0,Coastal,142.5,2112.3,High,-77.082003837,35.117685821,High
24341,6572,Halifax,63,47859.0,Coastal,67.2,2754.7,High,-77.6517329831,36.2574485453,High
24340,56338,Guilford,63,545484.0,Northern,838.0,3371.1,High,-79.7889042685,36.0794717315,High
24310,22207,Buncombe,63,271638.0,Western,410.4,3012.8,High,-82.5301070587,35.611177887,High
24311,12398,Burke,63,88398.0,Western,173.0,1836.1,High,-81.7047784739,35.7496106399,High
24365,2116,Northampton,63,16953.0,Eastern,32.6,2092.6,High,-77.3968212099,36.4177312434,High
24332,6511,Edgecombe,63,48604.0,Coastal,96.7,2366.3,High,-77.5970588882,35.912880671,High
24379,21886,Rowan,63,148565.0,Northern,287.1,2292.8,High,-80.5247717485,35.6394734632,High
24369,3934,Pasquotank,63,40966.0,Coastal,178.8,2078.8,High,-76.2492413613,36.2650187228,High
24303,3082,Anson,63,22028.0,Central,41.5,2802.1,High,-80.102712026,34.9737894417,High
24390,5511,Vance,63,41665.0,Eastern,168.7,3584.5,High,-78.4079288849,36.3649169333,High
24304,2720,Ashe,63,26506.0,Northern,62.3,1123.1,High,-81.5005211955,36.434424701,High
24327,3045,Dare,63,37817.0,Coastal,96.3,1872.9,High,-75.6852333134,35.664936694,High
24394,5555,Watauga,63,54804.0,Northern,173.1,1191.8,High,-81.6964250718,36.2311062795,High
24360,1672,Mitchell,63,14783.0,Western,67.4,458.42,High,-82.1635815487,36.0132038869,High
24387,3086,Transylvania,63,32825.0,Western,87.2,978.5,High,-82.7983001279,35.2021778635,High
24306,5473,Beaufort,63,44150.0,Coastal,53.6,2157.95,High,-76.8453144055,35.486983815,High
24338,6811,Granville,63,60720.0,Eastern,114.6,1466.3,High,-78.6527194252,36.3040698262,High
24301,5324,Alexander,63,36172.0,Northern,140.2,1440.7,High,-81.1770268506,35.9210263138,High
24336,857,Gates,63,10324.0,Coastal,30.8,750.9,High,-76.7005266521,36.4449435708,High
24307,2069,Bertie,63,17302.0,Coastal,25.7,1594.6,High,-76.9667121404,36.0656302022,High
24397,11126,Wilson,63,79078.0,Coastal,214.3,2386.9,High,-77.9186629547,35.7051457145,High
24359,136492,Mecklenburg,63,1128426.0,Central,2130.4,3736.1,High,-80.8327311406,35.2467670437,High
24313,10986,Caldwell,63,81319.0,Northern,170.9,2504.8,High,-81.5464366451,35.9530379334,High
24317,23460,Catawba,63,162841.0,Northern,400.2,2802.5,High,-81.2150705598,35.662042354,High
24302,1216,Alleghany,63,11057.0,Northern,46.4,697.2,High,-81.1278593427,36.4912704378,High
24350,27423,Johnston,63,224833.0,Coastal,272.7,1547.3,High,-78.3657109025,35.5178069265,High
24375,17620,Randolph,63,143325.0,Northern,184.3,1615.5,High,-79.8060069064,35.7103417044,High
24364,24232,New Hanover,63,230423.0,Coastal,1174.0,2612.3,High,-77.865597569,34.1815553357,High
24372,4151,Person,63,39048.0,Eastern,99.7,1862.8,High,-78.9718051426,36.3900951244,High
24384,4977,Stokes,63,44422.0,Northern,99.1,2146.85,High,-80.2395157151,36.4019040049,High
24334,8163,Franklin,63,70655.0,Eastern,139.4,1314.6,High,-78.2856965824,36.0827733527,High
24374,1808,Polk,63,19461.0,Western,81.3,1596.5,High,-82.1696779265,35.2792789622,High
24396,8596,Wilkes,63,65151.0,Northern,87.5,1887.3,High,-81.1633856618,36.2062757623,High
24362,11240,Moore,63,102966.0,Eastern,142.9,1617.3,High,-79.4813744392,35.3106538555,High
24391,110963,Wake,63,1154170.0,Eastern,1353.3,1846.0,High,-78.6503081729,35.7902443741,High
24366,22302,Onslow,63,207928.0,Coastal,268.4,2191.23,High,-77.4157658244,34.709836363,High
24346,6062,Hoke,63,53783.0,Eastern,133.5,2028.14,High,-79.237290715,35.0175290075,High
24385,9860,Surry,63,70573.0,Northern,134.0,1507.5,High,-80.6880779273,36.4148205561,High
24361,3832,Montgomery,63,25485.0,Eastern,52.4,2480.1,High,-79.9054790812,35.332466935,High
24373,24527,Pitt,63,173536.0,Coastal,261.0,2238.9,High,-77.3744965519,35.5932989746,High
24343,5706,Haywood,63,62831.0,Western,112.2,3591.8,High,-82.9821729698,35.5560557128,High
24315,6557,Carteret,63,69039.0,Coastal,133.3,1912.1,High,-76.5357430669,34.8612598084,High
24329,5070,Davie,63,43127.0,Northern,162.0,1665.25,High,-80.5444636482,35.929110866,High
24321,1187,Clay,63,11238.0,Western,51.6,2288.34,High,-83.7501767115,35.0571811284,High
24349,4466,Jackson,63,41919.0,Western,87.8,1864.6,High,-83.1408496187,35.2875866253,High
24388,441,Tyrrell,63,3315.0,Coastal,8.3,957.2,High,-76.1704523585,35.8694070017,High
24314,804,Camden,63,10537.0,Coastal,43.1,793.0,High,-76.1609504039,36.3411216216,High
24337,954,Graham,63,7935.0,Western,27.5,8085.4,High,-83.833581803,35.350171951,High
24368,1304,Pamlico,63,12215.0,Coastal,36.5,2321.5,High,-76.6694598427,35.151021226,High
24308,4751,Bladen,63,29171.0,Coastal,33.8,2578.5,High,-78.5636493115,34.6145873342,High
24399,2215,Yancey,63,18320.0,Western,59.1,557.0,High,-82.3076279784,35.8989479924,High
24370,7195,Pender,63,62250.0,Coastal,69.1,1461.9,High,-77.8884355846,34.5150997489,High
24322,14482,Cleveland,63,99332.0,Western,214.4,2001.7,High,-81.5555471412,35.3341018022,High
24342,15022,Harnett,63,134986.0,Eastern,224.5,2172.6,High,-78.8694125204,35.3686291614,High
24305,2333,Avery,63,17347.0,Western,72.0,1003.4,High,-81.9226013745,36.0766050343,High
24312,27597,Cabarrus,63,232873.0,Central,625.1,1374.8,High,-80.5518508851,35.3867940405,High
24371,1204,Perquimans,63,13049.0,Coastal,52.6,684.8,High,-76.4076199893,36.1772228503,High
24326,1991,Currituck,63,29385.0,Coastal,107.3,1344.3,High,-75.936949201,36.3672994836,High
24357,2871,Martin,63,21503.0,Coastal,48.3,2717.4,High,-77.109232267,35.843213981,High
24377,21739,Robeson,63,115899.0,Coastal,123.0,5137.4,High,-79.1038649277,34.6402420514,High
24323,8691,Columbus,63,49795.0,Coastal,54.0,2887.71,High,-78.6550308717,34.2656450828,High
24318,5868,Chatham,63,77095.0,Eastern,111.9,1456.0,High,-79.2552758614,35.7025721296,High
24382,4720,Scotland,63,33662.0,Eastern,107.1,3528.0,High,-79.4804292418,34.8408848102,High
24398,4931,Yadkin,63,36925.0,Northern,111.1,1820.8,High,-80.6652439331,36.1605336919,High
24352,7744,Lee,63,64360.0,Eastern,248.1,1631.1,High,-79.1714836119,35.4751864248,High
24356,2026,Madison,63,21146.0,Western,47.1,1247.6,High,-82.7057582627,35.8580358086,High
24335,32438,Gaston,63,233387.0,Central,640.7,2912.4,High,-81.1802416273,35.2943489527,High
24378,9530,Rockingham,63,90457.0,Northern,161.0,2130.4,High,-79.7749871967,36.3960127906,High
24363,12983,Nash,63,96101.0,Coastal,175.7,1838.5,High,-77.9864448378,35.9672502839,High
24381,9682,Sampson,63,58371.0,Coastal,62.4,2241.9,High,-78.3713906105,34.9915361594,High
24319,3636,Cherokee,63,28738.0,Western,63.2,3613.3,High,-84.063444228,35.1338574515,High
24325,37757,Cumberland,63,341793.0,Eastern,512.9,3748.5,High,-78.8275607671,35.048611942,High
24347,733,Hyde,63,4595.0,Coastal,7.5,0.0,High,-76.1449651093,35.4081187361,High
24344,12584,Henderson,63,117429.0,Western,311.8,2039.7,High,-82.4799463782,35.3362263031,High
24309,12883,Brunswick,63,144821.0,Coastal,160.8,1537.1,High,-78.2274071617,34.0388755841,High
24345,2360,Hertford,63,20374.0,Coastal,61.0,2281.6,High,-76.9807147831,36.3586360305,High
24386,1515,Swain,63,14046.0,Western,26.8,3517.8,High,-83.4927393736,35.4868150519,High
24376,5997,Richmond,63,43006.0,Eastern,90.7,5508.4,High,-79.7477780226,35.0060483545,High
24331,30176,Durham,63,331347.0,Eastern,1133.7,3966.0,High,-78.8765926949,36.0360299243,High
24328,20599,Davidson,63,171752.0,Northern,305.4,1757.8,High,-80.2127487756,35.7933524917,High
24383,9505,Stanly,63,62143.0,Central,158.2,2425.2,High,-80.2509863077,35.3119550622,High
24333,43269,Forsyth,63,387703.0,Northern,938.1,4129.5,High,-80.256300016,36.1306195485,High
24320,1784,Chowan,63,13646.0,Coastal,79.4,1402.6,High,-76.6021303656,36.1265615389,High
24392,1987,Warren,63,18621.0,Eastern,43.4,2235.0,High,-78.1067171324,36.3965102811,High
24367,9995,Orange,63,148331.0,Eastern,374.0,1991.9,High,-79.120649356,36.0611182361,High
24348,23409,Iredell,63,192986.0,Northern,325.0,1866.4,High,-80.8734378255,35.8070259189,High
24395,13387,Wayne,63,115895.0,Coastal,211.8,2813.0,High,-78.0039971272,35.3639599672,High
24358,6592,McDowell,63,44151.0,Western,101.3,2610.9,High,-82.0493124426,35.6816924709,High
24316,2516,Caswell,63,22400.0,Eastern,53.5,317.5,High,-79.3335234769,36.3932742158,High
24330,8240,Duplin,63,48249.0,Coastal,59.8,2911.6,High,-77.9330277459,34.9365348363,High
24339,2877,Greene,63,19978.0,Coastal,76.7,1640.3,High,-77.6757626742,35.4849957203,High
24351,1036,Jones,63,9076.0,Coastal,19.5,0.0,High,-77.3551679748,35.0217248029,High
24446,6104,Hoke,64,53783.0,Eastern,133.5,2028.14,High,-79.237290715,35.0175290075,High
24486,1522,Swain,64,14046.0,Western,26.8,3517.8,High,-83.4927393736,35.4868150519,High
24443,5751,Haywood,64,62831.0,Western,112.2,3591.8,High,-82.9821729698,35.5560557128,High
24499,2262,Yancey,64,18320.0,Western,59.1,557.0,High,-82.3076279784,35.8989479924,High
24428,20829,Davidson,64,171752.0,Northern,305.4,1757.8,High,-80.2127487756,35.7933524917,High
24487,3124,Transylvania,64,32825.0,Western,87.2,978.5,High,-82.7983001279,35.2021778635,High
24490,5542,Vance,64,41665.0,Eastern,168.7,3584.5,High,-78.4079288849,36.3649169333,High
24432,6538,Edgecombe,64,48604.0,Coastal,96.7,2366.3,High,-77.5970588882,35.912880671,High
24447,738,Hyde,64,4595.0,Coastal,7.5,0.0,High,-76.1449651093,35.4081187361,High
24407,2092,Bertie,64,17302.0,Coastal,25.7,1594.6,High,-76.9667121404,36.0656302022,High
24441,6629,Halifax,64,47859.0,Coastal,67.2,2754.7,High,-77.6517329831,36.2574485453,High
24491,110963,Wake,64,1154170.0,Eastern,1353.3,1846.0,High,-78.6503081729,35.7902443741,High
24425,37966,Cumberland,64,341793.0,Eastern,512.9,3748.5,High,-78.8275607671,35.048611942,High
24481,9723,Sampson,64,58371.0,Coastal,62.4,2241.9,High,-78.3713906105,34.9915361594,High
24452,7806,Lee,64,64360.0,Eastern,248.1,1631.1,High,-79.1714836119,35.4751864248,High
24482,4752,Scotland,64,33662.0,Eastern,107.1,3528.0,High,-79.4804292418,34.8408848102,High
24426,1998,Currituck,64,29385.0,Coastal,107.3,1344.3,High,-75.936949201,36.3672994836,High
24409,13004,Brunswick,64,144821.0,Coastal,160.8,1537.1,High,-78.2274071617,34.0388755841,High
24492,1997,Warren,64,18621.0,Eastern,43.4,2235.0,High,-78.1067171324,36.3965102811,High
24451,1041,Jones,64,9076.0,Coastal,19.5,0.0,High,-77.3551679748,35.0217248029,High
24445,2378,Hertford,64,20374.0,Coastal,61.0,2281.6,High,-76.9807147831,36.3586360305,High
24453,7588,Lenoir,64,54323.0,Coastal,138.1,3246.04,High,-77.6412486292,35.2387731611,High
24483,9556,Stanly,64,62143.0,Central,158.2,2425.2,High,-80.2509863077,35.3119550622,High
24431,30506,Durham,64,331347.0,Eastern,1133.7,3966.0,High,-78.8765926949,36.0360299243,High
24405,2343,Avery,64,17347.0,Western,72.0,1003.4,High,-81.9226013745,36.0766050343,High
24448,23645,Iredell,64,192986.0,Northern,325.0,1866.4,High,-80.8734378255,35.8070259189,High
24444,12670,Henderson,64,117429.0,Western,311.8,2039.7,High,-82.4799463782,35.3362263031,High
24484,5003,Stokes,64,44422.0,Northern,99.1,2146.85,High,-80.2395157151,36.4019040049,High
24430,8301,Duplin,64,48249.0,Coastal,59.8,2911.6,High,-77.9330277459,34.9365348363,High
24406,5519,Beaufort,64,44150.0,Coastal,53.6,2157.95,High,-76.8453144055,35.486983815,High
24404,2753,Ashe,64,26506.0,Northern,62.3,1123.1,High,-81.5005211955,36.434424701,High
24427,3055,Dare,64,37817.0,Coastal,96.3,1872.9,High,-75.6852333134,35.664936694,High
24408,4774,Bladen,64,29171.0,Coastal,33.8,2578.5,High,-78.5636493115,34.6145873342,High
24488,443,Tyrrell,64,3315.0,Coastal,8.3,957.2,High,-76.1704523585,35.8694070017,High
24493,1318,Washington,64,10708.0,Coastal,31.8,1746.8,High,-76.5693098876,35.8392646425,High
24489,30023,Union,64,244960.0,Central,376.6,1582.3,High,-80.5307400446,34.9883574887,High
24449,4502,Jackson,64,41919.0,Western,87.8,1864.6,High,-83.1408496187,35.2875866253,High
24429,5097,Davie,64,43127.0,Northern,162.0,1665.25,High,-80.5444636482,35.929110866,High
24410,22348,Buncombe,64,271638.0,Western,410.4,3012.8,High,-82.5301070587,35.611177887,High
24485,9936,Surry,64,70573.0,Northern,134.0,1507.5,High,-80.6880779273,36.4148205561,High
24450,27619,Johnston,64,224833.0,Coastal,272.7,1547.3,High,-78.3657109025,35.5178069265,High
24442,15123,Harnett,64,134986.0,Eastern,224.5,2172.6,High,-78.8694125204,35.3686291614,High
24467,10035,Orange,64,148331.0,Eastern,374.0,1991.9,High,-79.120649356,36.0611182361,High
24438,6846,Granville,64,60720.0,Eastern,114.6,1466.3,High,-78.6527194252,36.3040698262,High
24479,22119,Rowan,64,148565.0,Northern,287.1,2292.8,High,-80.5247717485,35.6394734632,High
24411,12535,Burke,64,88398.0,Western,173.0,1836.1,High,-81.7047784739,35.7496106399,High
24435,32657,Gaston,64,233387.0,Central,640.7,2912.4,High,-81.1802416273,35.2943489527,High
24468,1308,Pamlico,64,12215.0,Coastal,36.5,2321.5,High,-76.6694598427,35.151021226,High
24470,7254,Pender,64,62250.0,Coastal,69.1,1461.9,High,-77.8884355846,34.5150997489,High
24496,8661,Wilkes,64,65151.0,Northern,87.5,1887.3,High,-81.1633856618,36.2062757623,High
24494,5577,Watauga,64,54804.0,Northern,173.1,1191.8,High,-81.6964250718,36.2311062795,High
24412,27780,Cabarrus,64,232873.0,Central,625.1,1374.8,High,-80.5518508851,35.3867940405,High
24420,1807,Chowan,64,13646.0,Coastal,79.4,1402.6,High,-76.6021303656,36.1265615389,High
24461,3864,Montgomery,64,25485.0,Eastern,52.4,2480.1,High,-79.9054790812,35.332466935,High
24424,11414,Craven,64,102568.0,Coastal,142.5,2112.3,High,-77.082003837,35.117685821,High
24418,5893,Chatham,64,77095.0,Eastern,111.9,1456.0,High,-79.2552758614,35.7025721296,High
24463,13052,Nash,64,96101.0,Coastal,175.7,1838.5,High,-77.9864448378,35.9672502839,High
24473,24716,Pitt,64,173536.0,Coastal,261.0,2238.9,High,-77.3744965519,35.5932989746,High
24402,1226,Alleghany,64,11057.0,Northern,46.4,697.2,High,-81.1278593427,36.4912704378,High
24471,1215,Perquimans,64,13049.0,Coastal,52.6,684.8,High,-76.4076199893,36.1772228503,High
24476,6036,Richmond,64,43006.0,Eastern,90.7,5508.4,High,-79.7477780226,35.0060483545,High
24413,11045,Caldwell,64,81319.0,Northern,170.9,2504.8,High,-81.5464366451,35.9530379334,High
24437,979,Graham,64,7935.0,Western,27.5,8085.4,High,-83.833581803,35.350171951,High
24414,813,Camden,64,10537.0,Coastal,43.1,793.0,High,-76.1609504039,36.3411216216,High
24422,14586,Cleveland,64,99332.0,Western,214.4,2001.7,High,-81.5555471412,35.3341018022,High
24457,2890,Martin,64,21503.0,Coastal,48.3,2717.4,High,-77.109232267,35.843213981,High
24477,21871,Robeson,64,115899.0,Coastal,123.0,5137.4,High,-79.1038649277,34.6402420514,High
24455,3837,Macon,64,37041.0,Western,71.8,2077.4,High,-83.4221767088,35.1504672096,High
24423,8772,Columbus,64,49795.0,Coastal,54.0,2887.71,High,-78.6550308717,34.2656450828,High
24417,23638,Catawba,64,162841.0,Northern,400.2,2802.5,High,-81.2150705598,35.662042354,High
24415,6616,Carteret,64,69039.0,Coastal,133.3,1912.1,High,-76.5357430669,34.8612598084,High
24466,22408,Onslow,64,207928.0,Coastal,268.4,2191.23,High,-77.4157658244,34.709836363,High
24440,56608,Guilford,64,545484.0,Northern,838.0,3371.1,High,-79.7889042685,36.0794717315,High
24460,1699,Mitchell,64,14783.0,Western,67.4,458.42,High,-82.1635815487,36.0132038869,High
24459,137078,Mecklenburg,64,1128426.0,Central,2130.4,3736.1,High,-80.8327311406,35.2467670437,High
24462,11299,Moore,64,102966.0,Eastern,142.9,1617.3,High,-79.4813744392,35.3106538555,High
24498,4954,Yadkin,64,36925.0,Northern,111.1,1820.8,High,-80.6652439331,36.1605336919,High
24464,24441,New Hanover,64,230423.0,Coastal,1174.0,2612.3,High,-77.865597569,34.1815553357,High
24469,3979,Pasquotank,64,40966.0,Coastal,178.8,2078.8,High,-76.2492413613,36.2650187228,High
24401,5367,Alexander,64,36172.0,Northern,140.2,1440.7,High,-81.1770268506,35.9210263138,High
24465,2144,Northampton,64,16953.0,Eastern,32.6,2092.6,High,-77.3968212099,36.4177312434,High
24421,1207,Clay,64,11238.0,Western,51.6,2288.34,High,-83.7501767115,35.0571811284,High
24454,12352,Lincoln,64,88742.0,Central,293.4,1745.2,High,-81.2235326264,35.4855950234,High
24472,4172,Person,64,39048.0,Eastern,99.7,1862.8,High,-78.9718051426,36.3900951244,High
24480,9014,Rutherford,64,63870.0,Western,114.0,2009.9,High,-81.9198334642,35.4025956291,High
24419,3677,Cherokee,64,28738.0,Western,63.2,3613.3,High,-84.063444228,35.1338574515,High
24458,6668,McDowell,64,44151.0,Western,101.3,2610.9,High,-82.0493124426,35.6816924709,High
24436,861,Gates,64,10324.0,Coastal,30.8,750.9,High,-76.7005266521,36.4449435708,High
24416,2531,Caswell,64,22400.0,Eastern,53.5,317.5,High,-79.3335234769,36.3932742158,High
24433,43514,Forsyth,64,387703.0,Northern,938.1,4129.5,High,-80.256300016,36.1306195485,High
24403,3098,Anson,64,22028.0,Central,41.5,2802.1,High,-80.102712026,34.9737894417,High
24475,17708,Randolph,64,143325.0,Northern,184.3,1615.5,High,-79.8060069064,35.7103417044,High
24439,2906,Greene,64,19978.0,Coastal,76.7,1640.3,High,-77.6757626742,35.4849957203,High
24478,9576,Rockingham,64,90457.0,Northern,161.0,2130.4,High,-79.7749871967,36.3960127906,High
24456,2066,Madison,64,21146.0,Western,47.1,1247.6,High,-82.7057582627,35.8580358086,High
24400,21966,Alamance,64,175029.0,Northern,404.8,3065.6,High,-79.3994248175,36.0437098766,High
24495,13474,Wayne,64,115895.0,Coastal,211.8,2813.0,High,-78.0039971272,35.3639599672,High
24434,8210,Franklin,64,70655.0,Eastern,139.4,1314.6,High,-78.2856965824,36.0827733527,High
24474,1825,Polk,64,19461.0,Western,81.3,1596.5,High,-82.1696779265,35.2792789622,High
24497,11195,Wilson,64,79078.0,Coastal,214.3,2386.9,High,-77.9186629547,35.7051457145,High
24561,3884,Montgomery,65,25485.0,Eastern,52.4,2480.1,High,-79.9054790812,35.332466935,High
24523,8859,Columbus,65,49795.0,Coastal,54.0,2887.71,High,-78.6550308717,34.2656450828,High
24575,17804,Randolph,65,143325.0,Northern,184.3,1615.5,High,-79.8060069064,35.7103417044,High
24507,2106,Bertie,65,17302.0,Coastal,25.7,1594.6,High,-76.9667121404,36.0656302022,High
24501,5387,Alexander,65,36172.0,Northern,140.2,1440.7,High,-81.1770268506,35.9210263138,High
24515,6642,Carteret,65,69039.0,Coastal,133.3,1912.1,High,-76.5357430669,34.8612598084,High
24552,7867,Lee,65,64360.0,Eastern,248.1,1631.1,High,-79.1714836119,35.4751864248,High
24518,5918,Chatham,65,77095.0,Eastern,111.9,1456.0,High,-79.2552758614,35.7025721296,High
24505,2347,Avery,65,17347.0,Western,72.0,1003.4,High,-81.9226013745,36.0766050343,High
24556,2079,Madison,65,21146.0,Western,47.1,1247.6,High,-82.7057582627,35.8580358086,High
24542,15244,Harnett,65,134986.0,Eastern,224.5,2172.6,High,-78.8694125204,35.3686291614,High
24522,14715,Cleveland,65,99332.0,Western,214.4,2001.7,High,-81.5555471412,35.3341018022,High
24587,3154,Transylvania,65,32825.0,Western,87.2,978.5,High,-82.7983001279,35.2021778635,High
24576,6072,Richmond,65,43006.0,Eastern,90.7,5508.4,High,-79.7477780226,35.0060483545,High
24517,23751,Catawba,65,162841.0,Northern,400.2,2802.5,High,-81.2150705598,35.662042354,High
24595,13515,Wayne,65,115895.0,Coastal,211.8,2813.0,High,-78.0039971272,35.3639599672,High
24551,1053,Jones,65,9076.0,Coastal,19.5,0.0,High,-77.3551679748,35.0217248029,High
24516,2553,Caswell,65,22400.0,Eastern,53.5,317.5,High,-79.3335234769,36.3932742158,High
24548,23800,Iredell,65,192986.0,Northern,325.0,1866.4,High,-80.8734378255,35.8070259189,High
24529,5129,Davie,65,43127.0,Northern,162.0,1665.25,High,-80.5444636482,35.929110866,High
24558,6728,McDowell,65,44151.0,Western,101.3,2610.9,High,-82.0493124426,35.6816924709,High
24536,863,Gates,65,10324.0,Coastal,30.8,750.9,High,-76.7005266521,36.4449435708,High
24533,43724,Forsyth,65,387703.0,Northern,938.1,4129.5,High,-80.256300016,36.1306195485,High
24539,2926,Greene,65,19978.0,Coastal,76.7,1640.3,High,-77.6757626742,35.4849957203,High
24592,2004,Warren,65,18621.0,Eastern,43.4,2235.0,High,-78.1067171324,36.3965102811,High
24591,112726,Wake,65,1154170.0,Eastern,1353.3,1846.0,High,-78.6503081729,35.7902443741,High
24583,9621,Stanly,65,62143.0,Central,158.2,2425.2,High,-80.2509863077,35.3119550622,High
24572,4187,Person,65,39048.0,Eastern,99.7,1862.8,High,-78.9718051426,36.3900951244,High
24582,4810,Scotland,65,33662.0,Eastern,107.1,3528.0,High,-79.4804292418,34.8408848102,High
24568,1318,Pamlico,65,12215.0,Coastal,36.5,2321.5,High,-76.6694598427,35.151021226,High
24585,10034,Surry,65,70573.0,Northern,134.0,1507.5,High,-80.6880779273,36.4148205561,High
24512,27965,Cabarrus,65,232873.0,Central,625.1,1374.8,High,-80.5518508851,35.3867940405,High
24509,13130,Brunswick,65,144821.0,Coastal,160.8,1537.1,High,-78.2274071617,34.0388755841,High
24543,5809,Haywood,65,62831.0,Western,112.2,3591.8,High,-82.9821729698,35.5560557128,High
24531,30506,Durham,65,331347.0,Eastern,1133.7,3966.0,High,-78.8765926949,36.0360299243,High
24588,453,Tyrrell,65,3315.0,Coastal,8.3,957.2,High,-76.1704523585,35.8694070017,High
24527,3098,Dare,65,37817.0,Coastal,96.3,1872.9,High,-75.6852333134,35.664936694,High
24526,2025,Currituck,65,29385.0,Coastal,107.3,1344.3,High,-75.936949201,36.3672994836,High
24534,8266,Franklin,65,70655.0,Eastern,139.4,1314.6,High,-78.2856965824,36.0827733527,High
24537,998,Graham,65,7935.0,Western,27.5,8085.4,High,-83.833581803,35.350171951,High
24566,22624,Onslow,65,207928.0,Coastal,268.4,2191.23,High,-77.4157658244,34.709836363,High
24557,2961,Martin,65,21503.0,Coastal,48.3,2717.4,High,-77.109232267,35.843213981,High
24577,21992,Robeson,65,115899.0,Coastal,123.0,5137.4,High,-79.1038649277,34.6402420514,High
24506,5579,Beaufort,65,44150.0,Coastal,53.6,2157.95,High,-76.8453144055,35.486983815,High
24573,24854,Pitt,65,173536.0,Coastal,261.0,2238.9,High,-77.3744965519,35.5932989746,High
24530,8337,Duplin,65,48249.0,Coastal,59.8,2911.6,High,-77.9330277459,34.9365348363,High
24570,7334,Pender,65,62250.0,Coastal,69.1,1461.9,High,-77.8884355846,34.5150997489,High
24553,7669,Lenoir,65,54323.0,Coastal,138.1,3246.04,High,-77.6412486292,35.2387731611,High
24514,819,Camden,65,10537.0,Coastal,43.1,793.0,High,-76.1609504039,36.3411216216,High
24547,743,Hyde,65,4595.0,Coastal,7.5,0.0,High,-76.1449651093,35.4081187361,High
24571,1218,Perquimans,65,13049.0,Coastal,52.6,684.8,High,-76.4076199893,36.1772228503,High
24540,56884,Guilford,65,545484.0,Northern,838.0,3371.1,High,-79.7889042685,36.0794717315,High
24563,13141,Nash,65,96101.0,Coastal,175.7,1838.5,High,-77.9864448378,35.9672502839,High
24524,11527,Craven,65,102568.0,Coastal,142.5,2112.3,High,-77.082003837,35.117685821,High
24565,2151,Northampton,65,16953.0,Eastern,32.6,2092.6,High,-77.3968212099,36.4177312434,High
24593,1328,Washington,65,10708.0,Coastal,31.8,1746.8,High,-76.5693098876,35.8392646425,High
24596,8725,Wilkes,65,65151.0,Northern,87.5,1887.3,High,-81.1633856618,36.2062757623,High
24535,32897,Gaston,65,233387.0,Central,640.7,2912.4,High,-81.1802416273,35.2943489527,High
24538,6879,Granville,65,60720.0,Eastern,114.6,1466.3,High,-78.6527194252,36.3040698262,High
24579,22295,Rowan,65,148565.0,Northern,287.1,2292.8,High,-80.5247717485,35.6394734632,High
24560,1713,Mitchell,65,14783.0,Western,67.4,458.42,High,-82.1635815487,36.0132038869,High
24508,4812,Bladen,65,29171.0,Coastal,33.8,2578.5,High,-78.5636493115,34.6145873342,High
24500,22091,Alamance,65,175029.0,Northern,404.8,3065.6,High,-79.3994248175,36.0437098766,High
24590,5568,Vance,65,41665.0,Eastern,168.7,3584.5,High,-78.4079288849,36.3649169333,High
24504,2778,Ashe,65,26506.0,Northern,62.3,1123.1,High,-81.5005211955,36.434424701,High
24554,12415,Lincoln,65,88742.0,Central,293.4,1745.2,High,-81.2235326264,35.4855950234,High
24503,3136,Anson,65,22028.0,Central,41.5,2802.1,High,-80.102712026,34.9737894417,High
24519,3740,Cherokee,65,28738.0,Western,63.2,3613.3,High,-84.063444228,35.1338574515,High
24589,30219,Union,65,244960.0,Central,376.6,1582.3,High,-80.5307400446,34.9883574887,High
24532,6588,Edgecombe,65,48604.0,Coastal,96.7,2366.3,High,-77.5970588882,35.912880671,High
24510,22515,Buncombe,65,271638.0,Western,410.4,3012.8,High,-82.5301070587,35.611177887,High
24564,24628,New Hanover,65,230423.0,Coastal,1174.0,2612.3,High,-77.865597569,34.1815553357,High
24599,2268,Yancey,65,18320.0,Western,59.1,557.0,High,-82.3076279784,35.8989479924,High
24569,4006,Pasquotank,65,40966.0,Coastal,178.8,2078.8,High,-76.2492413613,36.2650187228,High
24580,9052,Rutherford,65,63870.0,Western,114.0,2009.9,High,-81.9198334642,35.4025956291,High
24574,1849,Polk,65,19461.0,Western,81.3,1596.5,High,-82.1696779265,35.2792789622,High
24555,3869,Macon,65,37041.0,Western,71.8,2077.4,High,-83.4221767088,35.1504672096,High
24584,5026,Stokes,65,44422.0,Northern,99.1,2146.85,High,-80.2395157151,36.4019040049,High
24544,12756,Henderson,65,117429.0,Western,311.8,2039.7,High,-82.4799463782,35.3362263031,High
24594,5635,Watauga,65,54804.0,Northern,173.1,1191.8,High,-81.6964250718,36.2311062795,High
24528,21026,Davidson,65,171752.0,Northern,305.4,1757.8,High,-80.2127487756,35.7933524917,High
24502,1255,Alleghany,65,11057.0,Northern,46.4,697.2,High,-81.1278593427,36.4912704378,High
24545,2402,Hertford,65,20374.0,Coastal,61.0,2281.6,High,-76.9807147831,36.3586360305,High
24597,11281,Wilson,65,79078.0,Coastal,214.3,2386.9,High,-77.9186629547,35.7051457145,High
24520,1823,Chowan,65,13646.0,Coastal,79.4,1402.6,High,-76.6021303656,36.1265615389,High
24586,1534,Swain,65,14046.0,Western,26.8,3517.8,High,-83.4927393736,35.4868150519,High
24541,6667,Halifax,65,47859.0,Coastal,67.2,2754.7,High,-77.6517329831,36.2574485453,High
24513,11121,Caldwell,65,81319.0,Northern,170.9,2504.8,High,-81.5464366451,35.9530379334,High
24525,38095,Cumberland,65,341793.0,Eastern,512.9,3748.5,High,-78.8275607671,35.048611942,High
24549,4520,Jackson,65,41919.0,Western,87.8,1864.6,High,-83.1408496187,35.2875866253,High
24546,6150,Hoke,65,53783.0,Eastern,133.5,2028.14,High,-79.237290715,35.0175290075,High
24550,27880,Johnston,65,224833.0,Coastal,272.7,1547.3,High,-78.3657109025,35.5178069265,High
24521,1223,Clay,65,11238.0,Western,51.6,2288.34,High,-83.7501767115,35.0571811284,High
24562,11406,Moore,65,102966.0,Eastern,142.9,1617.3,High,-79.4813744392,35.3106538555,High
24598,4992,Yadkin,65,36925.0,Northern,111.1,1820.8,High,-80.6652439331,36.1605336919,High
24578,9631,Rockingham,65,90457.0,Northern,161.0,2130.4,High,-79.7749871967,36.3960127906,High
24581,9872,Sampson,65,58371.0,Coastal,62.4,2241.9,High,-78.3713906105,34.9915361594,High
24511,12642,Burke,65,88398.0,Western,173.0,1836.1,High,-81.7047784739,35.7496106399,High
24567,10085,Orange,65,148331.0,Eastern,374.0,1991.9,High,-79.120649356,36.0611182361,High
24559,137651,Mecklenburg,65,1128426.0,Central,2130.4,3736.1,High,-80.8327311406,35.2467670437,High
24633,43724,Forsyth,66,387703.0,Northern,938.1,4129.5,High,-80.256300016,36.1306195485,High
24621,1223,Clay,66,11238.0,Western,51.6,2288.34,High,-83.7501767115,35.0571811284,High
24604,2778,Ashe,66,26506.0,Northern,62.3,1123.1,High,-81.5005211955,36.434424701,High
24618,5918,Chatham,66,77095.0,Eastern,111.9,1456.0,High,-79.2552758614,35.7025721296,High
24669,4006,Pasquotank,66,40966.0,Coastal,178.8,2078.8,High,-76.2492413613,36.2650187228,High
24642,15244,Harnett,66,134986.0,Eastern,224.5,2172.6,High,-78.8694125204,35.3686291614,High
24608,4812,Bladen,66,29171.0,Coastal,33.8,2578.5,High,-78.5636493115,34.6145873342,High
24676,6072,Richmond,66,43006.0,Eastern,90.7,5508.4,High,-79.7477780226,35.0060483545,High
24629,5129,Davie,66,43127.0,Northern,162.0,1665.25,High,-80.5444636482,35.929110866,High
24674,1849,Polk,66,19461.0,Western,81.3,1596.5,High,-82.1696779265,35.2792789622,High
24616,2553,Caswell,66,22400.0,Eastern,53.5,317.5,High,-79.3335234769,36.3932742158,High
24659,137651,Mecklenburg,66,1128426.0,Central,2130.4,3736.1,High,-80.8327311406,35.2467670437,High
24602,1255,Alleghany,66,11057.0,Northern,46.4,697.2,High,-81.1278593427,36.4912704378,High
24684,5026,Stokes,66,44422.0,Northern,99.1,2146.85,High,-80.2395157151,36.4019040049,High
24614,819,Camden,66,10537.0,Coastal,43.1,793.0,High,-76.1609504039,36.3411216216,High
24661,3884,Montgomery,66,25485.0,Eastern,52.4,2480.1,High,-79.9054790812,35.332466935,High
24644,12756,Henderson,66,117429.0,Western,311.8,2039.7,High,-82.4799463782,35.3362263031,High
24613,11121,Caldwell,66,81319.0,Northern,170.9,2504.8,High,-81.5464366451,35.9530379334,High
24649,4520,Jackson,66,41919.0,Western,87.8,1864.6,High,-83.1408496187,35.2875866253,High
24673,24854,Pitt,66,173536.0,Coastal,261.0,2238.9,High,-77.3744965519,35.5932989746,High
24622,14715,Cleveland,66,99332.0,Western,214.4,2001.7,High,-81.5555471412,35.3341018022,High
24675,17804,Randolph,66,143325.0,Northern,184.3,1615.5,High,-79.8060069064,35.7103417044,High
24666,22624,Onslow,66,207928.0,Coastal,268.4,2191.23,High,-77.4157658244,34.709836363,High
24665,2151,Northampton,66,16953.0,Eastern,32.6,2092.6,High,-77.3968212099,36.4177312434,High
24631,30852,Durham,66,331347.0,Eastern,1133.7,3966.0,High,-78.8765926949,36.0360299243,High
24638,6879,Granville,66,60720.0,Eastern,114.6,1466.3,High,-78.6527194252,36.3040698262,High
24685,10034,Surry,66,70573.0,Northern,134.0,1507.5,High,-80.6880779273,36.4148205561,High
24691,112726,Wake,66,1154170.0,Eastern,1353.3,1846.0,High,-78.6503081729,35.7902443741,High
24698,4992,Yadkin,66,36925.0,Northern,111.1,1820.8,High,-80.6652439331,36.1605336919,High
24683,9621,Stanly,66,62143.0,Central,158.2,2425.2,High,-80.2509863077,35.3119550622,High
24660,1713,Mitchell,66,14783.0,Western,67.4,458.42,High,-82.1635815487,36.0132038869,High
24696,8725,Wilkes,66,65151.0,Northern,87.5,1887.3,High,-81.1633856618,36.2062757623,High
24650,27880,Johnston,66,224833.0,Coastal,272.7,1547.3,High,-78.3657109025,35.5178069265,High
24626,2025,Currituck,66,29385.0,Coastal,107.3,1344.3,High,-75.936949201,36.3672994836,High
24695,13515,Wayne,66,115895.0,Coastal,211.8,2813.0,High,-78.0039971272,35.3639599672,High
24667,10085,Orange,66,148331.0,Eastern,374.0,1991.9,High,-79.120649356,36.0611182361,High
24611,12642,Burke,66,88398.0,Western,173.0,1836.1,High,-81.7047784739,35.7496106399,High
24697,11281,Wilson,66,79078.0,Coastal,214.3,2386.9,High,-77.9186629547,35.7051457145,High
24646,6150,Hoke,66,53783.0,Eastern,133.5,2028.14,High,-79.237290715,35.0175290075,High
24686,1534,Swain,66,14046.0,Western,26.8,3517.8,High,-83.4927393736,35.4868150519,High
24641,6667,Halifax,66,47859.0,Coastal,67.2,2754.7,High,-77.6517329831,36.2574485453,High
24645,2402,Hertford,66,20374.0,Coastal,61.0,2281.6,High,-76.9807147831,36.3586360305,High
24655,3869,Macon,66,37041.0,Western,71.8,2077.4,High,-83.4221767088,35.1504672096,High
24694,5635,Watauga,66,54804.0,Northern,173.1,1191.8,High,-81.6964250718,36.2311062795,High
24662,11406,Moore,66,102966.0,Eastern,142.9,1617.3,High,-79.4813744392,35.3106538555,High
24620,1823,Chowan,66,13646.0,Coastal,79.4,1402.6,High,-76.6021303656,36.1265615389,High
24699,2268,Yancey,66,18320.0,Western,59.1,557.0,High,-82.3076279784,35.8989479924,High
24670,7334,Pender,66,62250.0,Coastal,69.1,1461.9,High,-77.8884355846,34.5150997489,High
24678,9631,Rockingham,66,90457.0,Northern,161.0,2130.4,High,-79.7749871967,36.3960127906,High
24681,9872,Sampson,66,58371.0,Coastal,62.4,2241.9,High,-78.3713906105,34.9915361594,High
24634,8266,Franklin,66,70655.0,Eastern,139.4,1314.6,High,-78.2856965824,36.0827733527,High
24628,21026,Davidson,66,171752.0,Northern,305.4,1757.8,High,-80.2127487756,35.7933524917,High
24653,7669,Lenoir,66,54323.0,Coastal,138.1,3246.04,High,-77.6412486292,35.2387731611,High
24647,743,Hyde,66,4595.0,Coastal,7.5,0.0,High,-76.1449651093,35.4081187361,High
24671,1218,Perquimans,66,13049.0,Coastal,52.6,684.8,High,-76.4076199893,36.1772228503,High
24664,24628,New Hanover,66,230423.0,Coastal,1174.0,2612.3,High,-77.865597569,34.1815553357,High
24680,9052,Rutherford,66,63870.0,Western,114.0,2009.9,High,-81.9198334642,35.4025956291,High
24689,30219,Union,66,244960.0,Central,376.6,1582.3,High,-80.5307400446,34.9883574887,High
24610,22515,Buncombe,66,271638.0,Western,410.4,3012.8,High,-82.5301070587,35.611177887,High
24632,6588,Edgecombe,66,48604.0,Coastal,96.7,2366.3,High,-77.5970588882,35.912880671,High
24603,3136,Anson,66,22028.0,Central,41.5,2802.1,High,-80.102712026,34.9737894417,High
24654,12415,Lincoln,66,88742.0,Central,293.4,1745.2,High,-81.2235326264,35.4855950234,High
24619,3740,Cherokee,66,28738.0,Western,63.2,3613.3,High,-84.063444228,35.1338574515,High
24600,22091,Alamance,66,175029.0,Northern,404.8,3065.6,High,-79.3994248175,36.0437098766,High
24690,5568,Vance,66,41665.0,Eastern,168.7,3584.5,High,-78.4079288849,36.3649169333,High
24687,3154,Transylvania,66,32825.0,Western,87.2,978.5,High,-82.7983001279,35.2021778635,High
24679,22295,Rowan,66,148565.0,Northern,287.1,2292.8,High,-80.5247717485,35.6394734632,High
24693,1328,Washington,66,10708.0,Coastal,31.8,1746.8,High,-76.5693098876,35.8392646425,High
24663,13141,Nash,66,96101.0,Coastal,175.7,1838.5,High,-77.9864448378,35.9672502839,High
24624,11527,Craven,66,102568.0,Coastal,142.5,2112.3,High,-77.082003837,35.117685821,High
24635,32897,Gaston,66,233387.0,Central,640.7,2912.4,High,-81.1802416273,35.2943489527,High
24640,56884,Guilford,66,545484.0,Northern,838.0,3371.1,High,-79.7889042685,36.0794717315,High
24652,7867,Lee,66,64360.0,Eastern,248.1,1631.1,High,-79.1714836119,35.4751864248,High
24656,2079,Madison,66,21146.0,Western,47.1,1247.6,High,-82.7057582627,35.8580358086,High
24625,38095,Cumberland,66,341793.0,Eastern,512.9,3748.5,High,-78.8275607671,35.048611942,High
24612,27965,Cabarrus,66,232873.0,Central,625.1,1374.8,High,-80.5518508851,35.3867940405,High
24651,1053,Jones,66,9076.0,Coastal,19.5,0.0,High,-77.3551679748,35.0217248029,High
24630,8337,Duplin,66,48249.0,Coastal,59.8,2911.6,High,-77.9330277459,34.9365348363,High
24648,23800,Iredell,66,192986.0,Northern,325.0,1866.4,High,-80.8734378255,35.8070259189,High
24658,6728,McDowell,66,44151.0,Western,101.3,2610.9,High,-82.0493124426,35.6816924709,High
24636,863,Gates,66,10324.0,Coastal,30.8,750.9,High,-76.7005266521,36.4449435708,High
24639,2926,Greene,66,19978.0,Coastal,76.7,1640.3,High,-77.6757626742,35.4849957203,High
24692,2004,Warren,66,18621.0,Eastern,43.4,2235.0,High,-78.1067171324,36.3965102811,High
24672,4187,Person,66,39048.0,Eastern,99.7,1862.8,High,-78.9718051426,36.3900951244,High
24668,1318,Pamlico,66,12215.0,Coastal,36.5,2321.5,High,-76.6694598427,35.151021226,High
24637,998,Graham,66,7935.0,Western,27.5,8085.4,High,-83.833581803,35.350171951,High
24601,5387,Alexander,66,36172.0,Northern,140.2,1440.7,High,-81.1770268506,35.9210263138,High
24609,13130,Brunswick,66,144821.0,Coastal,160.8,1537.1,High,-78.2274071617,34.0388755841,High
24643,5809,Haywood,66,62831.0,Western,112.2,3591.8,High,-82.9821729698,35.5560557128,High
24688,453,Tyrrell,66,3315.0,Coastal,8.3,957.2,High,-76.1704523585,35.8694070017,High
24606,5579,Beaufort,66,44150.0,Coastal,53.6,2157.95,High,-76.8453144055,35.486983815,High
24627,3098,Dare,66,37817.0,Coastal,96.3,1872.9,High,-75.6852333134,35.664936694,High
24605,2347,Avery,66,17347.0,Western,72.0,1003.4,High,-81.9226013745,36.0766050343,High
24682,4810,Scotland,66,33662.0,Eastern,107.1,3528.0,High,-79.4804292418,34.8408848102,High
24623,8859,Columbus,66,49795.0,Coastal,54.0,2887.71,High,-78.6550308717,34.2656450828,High
24617,23751,Catawba,66,162841.0,Northern,400.2,2802.5,High,-81.2150705598,35.662042354,High
24607,2106,Bertie,66,17302.0,Coastal,25.7,1594.6,High,-76.9667121404,36.0656302022,High
24677,21992,Robeson,66,115899.0,Coastal,123.0,5137.4,High,-79.1038649277,34.6402420514,High
24657,2961,Martin,66,21503.0,Coastal,48.3,2717.4,High,-77.109232267,35.843213981,High
24615,6642,Carteret,66,69039.0,Coastal,133.3,1912.1,High,-76.5357430669,34.8612598084,High
24706,5579,Beaufort,67,44150.0,Coastal,53.6,2157.95,High,-76.8453144055,35.486983815,High
24799,2268,Yancey,67,18320.0,Western,59.1,557.0,High,-82.3076279784,35.8989479924,High
24787,3154,Transylvania,67,32825.0,Western,87.2,978.5,High,-82.7983001279,35.2021778635,High
24719,3740,Cherokee,67,28738.0,Western,63.2,3613.3,High,-84.063444228,35.1338574515,High
24772,4187,Person,67,39048.0,Eastern,99.7,1862.8,High,-78.9718051426,36.3900951244,High
24790,5568,Vance,67,41665.0,Eastern,168.7,3584.5,High,-78.4079288849,36.3649169333,High
24762,11406,Moore,67,102966.0,Eastern,142.9,1617.3,High,-79.4813744392,35.3106538555,High
24773,24854,Pitt,67,173536.0,Coastal,261.0,2238.9,High,-77.3744965519,35.5932989746,High
24708,4812,Bladen,67,29171.0,Coastal,33.8,2578.5,High,-78.5636493115,34.6145873342,High
24715,6642,Carteret,67,69039.0,Coastal,133.3,1912.1,High,-76.5357430669,34.8612598084,High
24748,23800,Iredell,67,192986.0,Northern,325.0,1866.4,High,-80.8734378255,35.8070259189,High
24730,8337,Duplin,67,48249.0,Coastal,59.8,2911.6,High,-77.9330277459,34.9365348363,High
24769,4006,Pasquotank,67,40966.0,Coastal,178.8,2078.8,High,-76.2492413613,36.2650187228,High
24734,8266,Franklin,67,70655.0,Eastern,139.4,1314.6,High,-78.2856965824,36.0827733527,High
24764,24628,New Hanover,67,230423.0,Coastal,1174.0,2612.3,High,-77.865597569,34.1815553357,High
24736,863,Gates,67,10324.0,Coastal,30.8,750.9,High,-76.7005266521,36.4449435708,High
24763,13141,Nash,67,96101.0,Coastal,175.7,1838.5,High,-77.9864448378,35.9672502839,High
24720,1823,Chowan,67,13646.0,Coastal,79.4,1402.6,High,-76.6021303656,36.1265615389,High
24737,998,Graham,67,7935.0,Western,27.5,8085.4,High,-83.833581803,35.350171951,High
24786,1534,Swain,67,14046.0,Western,26.8,3517.8,High,-83.4927393736,35.4868150519,High
24743,5809,Haywood,67,62831.0,Western,112.2,3591.8,High,-82.9821729698,35.5560557128,High
24728,21026,Davidson,67,171752.0,Northern,305.4,1757.8,High,-80.2127487756,35.7933524917,High
24797,11281,Wilson,67,79078.0,Coastal,214.3,2386.9,High,-77.9186629547,35.7051457145,High
24749,4520,Jackson,67,41919.0,Western,87.8,1864.6,High,-83.1408496187,35.2875866253,High
24721,1223,Clay,67,11238.0,Western,51.6,2288.34,High,-83.7501767115,35.0571811284,High
24746,6150,Hoke,67,53783.0,Eastern,133.5,2028.14,High,-79.237290715,35.0175290075,High
24798,4992,Yadkin,67,36925.0,Northern,111.1,1820.8,High,-80.6652439331,36.1605336919,High
24770,7334,Pender,67,62250.0,Coastal,69.1,1461.9,High,-77.8884355846,34.5150997489,High
24714,819,Camden,67,10537.0,Coastal,43.1,793.0,High,-76.1609504039,36.3411216216,High
24771,1218,Perquimans,67,13049.0,Coastal,52.6,684.8,High,-76.4076199893,36.1772228503,High
24707,2106,Bertie,67,17302.0,Coastal,25.7,1594.6,High,-76.9667121404,36.0656302022,High
24747,743,Hyde,67,4595.0,Coastal,7.5,0.0,High,-76.1449651093,35.4081187361,High
24780,9052,Rutherford,67,63870.0,Western,114.0,2009.9,High,-81.9198334642,35.4025956291,High
24796,8725,Wilkes,67,65151.0,Northern,87.5,1887.3,High,-81.1633856618,36.2062757623,High
24785,10034,Surry,67,70573.0,Northern,134.0,1507.5,High,-80.6880779273,36.4148205561,High
24716,2553,Caswell,67,22400.0,Eastern,53.5,317.5,High,-79.3335234769,36.3932742158,High
24791,112726,Wake,67,1154170.0,Eastern,1353.3,1846.0,High,-78.6503081729,35.7902443741,High
24761,3884,Montgomery,67,25485.0,Eastern,52.4,2480.1,High,-79.9054790812,35.332466935,High
24701,5387,Alexander,67,36172.0,Northern,140.2,1440.7,High,-81.1770268506,35.9210263138,High
24750,27880,Johnston,67,224833.0,Coastal,272.7,1547.3,High,-78.3657109025,35.5178069265,High
24717,23751,Catawba,67,162841.0,Northern,400.2,2802.5,High,-81.2150705598,35.662042354,High
24794,5635,Watauga,67,54804.0,Northern,173.1,1191.8,High,-81.6964250718,36.2311062795,High
24705,2347,Avery,67,17347.0,Western,72.0,1003.4,High,-81.9226013745,36.0766050343,High
24718,5918,Chatham,67,77095.0,Eastern,111.9,1456.0,High,-79.2552758614,35.7025721296,High
24742,15244,Harnett,67,134986.0,Eastern,224.5,2172.6,High,-78.8694125204,35.3686291614,High
24775,17804,Randolph,67,143325.0,Northern,184.3,1615.5,High,-79.8060069064,35.7103417044,High
24753,7669,Lenoir,67,54323.0,Coastal,138.1,3246.04,High,-77.6412486292,35.2387731611,High
24722,14715,Cleveland,67,99332.0,Western,214.4,2001.7,High,-81.5555471412,35.3341018022,High
24792,2004,Warren,67,18621.0,Eastern,43.4,2235.0,High,-78.1067171324,36.3965102811,High
24731,30852,Durham,67,331347.0,Eastern,1133.7,3966.0,High,-78.8765926949,36.0360299243,High
24739,2926,Greene,67,19978.0,Coastal,76.7,1640.3,High,-77.6757626742,35.4849957203,High
24766,22624,Onslow,67,207928.0,Coastal,268.4,2191.23,High,-77.4157658244,34.709836363,High
24755,3869,Macon,67,37041.0,Western,71.8,2077.4,High,-83.4221767088,35.1504672096,High
24781,9872,Sampson,67,58371.0,Coastal,62.4,2241.9,High,-78.3713906105,34.9915361594,High
24777,21992,Robeson,67,115899.0,Coastal,123.0,5137.4,High,-79.1038649277,34.6402420514,High
24711,12642,Burke,67,88398.0,Western,173.0,1836.1,High,-81.7047784739,35.7496106399,High
24783,9621,Stanly,67,62143.0,Central,158.2,2425.2,High,-80.2509863077,35.3119550622,High
24768,1318,Pamlico,67,12215.0,Coastal,36.5,2321.5,High,-76.6694598427,35.151021226,High
24733,43724,Forsyth,67,387703.0,Northern,938.1,4129.5,High,-80.256300016,36.1306195485,High
24767,10085,Orange,67,148331.0,Eastern,374.0,1991.9,High,-79.120649356,36.0611182361,High
24726,2025,Currituck,67,29385.0,Coastal,107.3,1344.3,High,-75.936949201,36.3672994836,High
24729,5129,Davie,67,43127.0,Northern,162.0,1665.25,High,-80.5444636482,35.929110866,High
24778,9631,Rockingham,67,90457.0,Northern,161.0,2130.4,High,-79.7749871967,36.3960127906,High
24741,6667,Halifax,67,47859.0,Coastal,67.2,2754.7,High,-77.6517329831,36.2574485453,High
24725,38095,Cumberland,67,341793.0,Eastern,512.9,3748.5,High,-78.8275607671,35.048611942,High
24745,2402,Hertford,67,20374.0,Coastal,61.0,2281.6,High,-76.9807147831,36.3586360305,High
24795,13515,Wayne,67,115895.0,Coastal,211.8,2813.0,High,-78.0039971272,35.3639599672,High
24751,1053,Jones,67,9076.0,Coastal,19.5,0.0,High,-77.3551679748,35.0217248029,High
24776,6072,Richmond,67,43006.0,Eastern,90.7,5508.4,High,-79.7477780226,35.0060483545,High
24758,6728,McDowell,67,44151.0,Western,101.3,2610.9,High,-82.0493124426,35.6816924709,High
24732,6588,Edgecombe,67,48604.0,Coastal,96.7,2366.3,High,-77.5970588882,35.912880671,High
24740,56884,Guilford,67,545484.0,Northern,838.0,3371.1,High,-79.7889042685,36.0794717315,High
24735,32897,Gaston,67,233387.0,Central,640.7,2912.4,High,-81.1802416273,35.2943489527,High
24702,1255,Alleghany,67,11057.0,Northern,46.4,697.2,High,-81.1278593427,36.4912704378,High
24760,1713,Mitchell,67,14783.0,Western,67.4,458.42,High,-82.1635815487,36.0132038869,High
24738,6879,Granville,67,60720.0,Eastern,114.6,1466.3,High,-78.6527194252,36.3040698262,High
24754,12415,Lincoln,67,88742.0,Central,293.4,1745.2,High,-81.2235326264,35.4855950234,High
24765,2151,Northampton,67,16953.0,Eastern,32.6,2092.6,High,-77.3968212099,36.4177312434,High
24782,4810,Scotland,67,33662.0,Eastern,107.1,3528.0,High,-79.4804292418,34.8408848102,High
24700,22091,Alamance,67,175029.0,Northern,404.8,3065.6,High,-79.3994248175,36.0437098766,High
24744,12756,Henderson,67,117429.0,Western,311.8,2039.7,High,-82.4799463782,35.3362263031,High
24712,27965,Cabarrus,67,232873.0,Central,625.1,1374.8,High,-80.5518508851,35.3867940405,High
24757,2961,Martin,67,21503.0,Coastal,48.3,2717.4,High,-77.109232267,35.843213981,High
24784,5026,Stokes,67,44422.0,Northern,99.1,2146.85,High,-80.2395157151,36.4019040049,High
24713,11121,Caldwell,67,81319.0,Northern,170.9,2504.8,High,-81.5464366451,35.9530379334,High
24703,3136,Anson,67,22028.0,Central,41.5,2802.1,High,-80.102712026,34.9737894417,High
24779,22295,Rowan,67,148565.0,Northern,287.1,2292.8,High,-80.5247717485,35.6394734632,High
24756,2079,Madison,67,21146.0,Western,47.1,1247.6,High,-82.7057582627,35.8580358086,High
24752,7867,Lee,67,64360.0,Eastern,248.1,1631.1,High,-79.1714836119,35.4751864248,High
24789,30219,Union,67,244960.0,Central,376.6,1582.3,High,-80.5307400446,34.9883574887,High
24788,453,Tyrrell,67,3315.0,Coastal,8.3,957.2,High,-76.1704523585,35.8694070017,High
24727,3098,Dare,67,37817.0,Coastal,96.3,1872.9,High,-75.6852333134,35.664936694,High
24709,13130,Brunswick,67,144821.0,Coastal,160.8,1537.1,High,-78.2274071617,34.0388755841,High
24723,8859,Columbus,67,49795.0,Coastal,54.0,2887.71,High,-78.6550308717,34.2656450828,High
24793,1328,Washington,67,10708.0,Coastal,31.8,1746.8,High,-76.5693098876,35.8392646425,High
24759,137651,Mecklenburg,67,1128426.0,Central,2130.4,3736.1,High,-80.8327311406,35.2467670437,High
24724,11527,Craven,67,102568.0,Coastal,142.5,2112.3,High,-77.082003837,35.117685821,High
24774,1849,Polk,67,19461.0,Western,81.3,1596.5,High,-82.1696779265,35.2792789622,High
24710,22515,Buncombe,67,271638.0,Western,410.4,3012.8,High,-82.5301070587,35.611177887,High
24704,2778,Ashe,67,26506.0,Northern,62.3,1123.1,High,-81.5005211955,36.434424701,High
24877,21992,Robeson,68,115899.0,Coastal,123.0,5137.4,High,-79.1038649277,34.6402420514,High
24817,23751,Catawba,68,162841.0,Northern,400.2,2802.5,High,-81.2150705598,35.662042354,High
24801,5387,Alexander,68,36172.0,Northern,140.2,1440.7,High,-81.1770268506,35.9210263138,High
24815,6642,Carteret,68,69039.0,Coastal,133.3,1912.1,High,-76.5357430669,34.8612598084,High
24856,2079,Madison,68,21146.0,Western,47.1,1247.6,High,-82.7057582627,35.8580358086,High
24834,8266,Franklin,68,70655.0,Eastern,139.4,1314.6,High,-78.2856965824,36.0827733527,High
24881,9872,Sampson,68,58371.0,Coastal,62.4,2241.9,High,-78.3713906105,34.9915361594,High
24805,2347,Avery,68,17347.0,Western,72.0,1003.4,High,-81.9226013745,36.0766050343,High
24852,7867,Lee,68,64360.0,Eastern,248.1,1631.1,High,-79.1714836119,35.4751864248,High
24825,38095,Cumberland,68,341793.0,Eastern,512.9,3748.5,High,-78.8275607671,35.048611942,High
24878,9631,Rockingham,68,90457.0,Northern,161.0,2130.4,High,-79.7749871967,36.3960127906,High
24827,3098,Dare,68,37817.0,Coastal,96.3,1872.9,High,-75.6852333134,35.664936694,High
24894,5635,Watauga,68,54804.0,Northern,173.1,1191.8,High,-81.6964250718,36.2311062795,High
24889,30219,Union,68,244960.0,Central,376.6,1582.3,High,-80.5307400446,34.9883574887,High
24810,22515,Buncombe,68,271638.0,Western,410.4,3012.8,High,-82.5301070587,35.611177887,High
24803,3136,Anson,68,22028.0,Central,41.5,2802.1,High,-80.102712026,34.9737894417,High
24854,12415,Lincoln,68,88742.0,Central,293.4,1745.2,High,-81.2235326264,35.4855950234,High
24879,22295,Rowan,68,148565.0,Northern,287.1,2292.8,High,-80.5247717485,35.6394734632,High
24890,5568,Vance,68,41665.0,Eastern,168.7,3584.5,High,-78.4079288849,36.3649169333,High
24800,22091,Alamance,68,175029.0,Northern,404.8,3065.6,High,-79.3994248175,36.0437098766,High
24819,3740,Cherokee,68,28738.0,Western,63.2,3613.3,High,-84.063444228,35.1338574515,High
24824,11527,Craven,68,102568.0,Coastal,142.5,2112.3,High,-77.082003837,35.117685821,High
24887,3154,Transylvania,68,32825.0,Western,87.2,978.5,High,-82.7983001279,35.2021778635,High
24893,1328,Washington,68,10708.0,Coastal,31.8,1746.8,High,-76.5693098876,35.8392646425,High
24863,13141,Nash,68,96101.0,Coastal,175.7,1838.5,High,-77.9864448378,35.9672502839,High
24840,56884,Guilford,68,545484.0,Northern,838.0,3371.1,High,-79.7889042685,36.0794717315,High
24845,2402,Hertford,68,20374.0,Coastal,61.0,2281.6,High,-76.9807147831,36.3586360305,High
24832,6588,Edgecombe,68,48604.0,Coastal,96.7,2366.3,High,-77.5970588882,35.912880671,High
24853,7669,Lenoir,68,54323.0,Coastal,138.1,3246.04,High,-77.6412486292,35.2387731611,High
24847,743,Hyde,68,4595.0,Coastal,7.5,0.0,High,-76.1449651093,35.4081187361,High
24806,5579,Beaufort,68,44150.0,Coastal,53.6,2157.95,High,-76.8453144055,35.486983815,High
24871,1218,Perquimans,68,13049.0,Coastal,52.6,684.8,High,-76.4076199893,36.1772228503,High
24846,6150,Hoke,68,53783.0,Eastern,133.5,2028.14,High,-79.237290715,35.0175290075,High
24897,11281,Wilson,68,79078.0,Coastal,214.3,2386.9,High,-77.9186629547,35.7051457145,High
24899,2268,Yancey,68,18320.0,Western,59.1,557.0,High,-82.3076279784,35.8989479924,High
24811,12642,Burke,68,88398.0,Western,173.0,1836.1,High,-81.7047784739,35.7496106399,High
24886,1534,Swain,68,14046.0,Western,26.8,3517.8,High,-83.4927393736,35.4868150519,High
24867,10085,Orange,68,148331.0,Eastern,374.0,1991.9,High,-79.120649356,36.0611182361,High
24841,6667,Halifax,68,47859.0,Coastal,67.2,2754.7,High,-77.6517329831,36.2574485453,High
24870,7334,Pender,68,62250.0,Coastal,69.1,1461.9,High,-77.8884355846,34.5150997489,High
24828,21026,Davidson,68,171752.0,Northern,305.4,1757.8,High,-80.2127487756,35.7933524917,High
24835,32897,Gaston,68,233387.0,Central,640.7,2912.4,High,-81.1802416273,35.2943489527,High
24855,3869,Macon,68,37041.0,Western,71.8,2077.4,High,-83.4221767088,35.1504672096,High
24809,13130,Brunswick,68,144821.0,Coastal,160.8,1537.1,High,-78.2274071617,34.0388755841,High
24807,2106,Bertie,68,17302.0,Coastal,25.7,1594.6,High,-76.9667121404,36.0656302022,High
24883,9621,Stanly,68,62143.0,Central,158.2,2425.2,High,-80.2509863077,35.3119550622,High
24891,112726,Wake,68,1154170.0,Eastern,1353.3,1846.0,High,-78.6503081729,35.7902443741,High
24823,8859,Columbus,68,49795.0,Coastal,54.0,2887.71,High,-78.6550308717,34.2656450828,High
24866,22624,Onslow,68,207928.0,Coastal,268.4,2191.23,High,-77.4157658244,34.709836363,High
24831,30852,Durham,68,331347.0,Eastern,1133.7,3966.0,High,-78.8765926949,36.0360299243,High
24822,14715,Cleveland,68,99332.0,Western,214.4,2001.7,High,-81.5555471412,35.3341018022,High
24875,17804,Randolph,68,143325.0,Northern,184.3,1615.5,High,-79.8060069064,35.7103417044,High
24816,2553,Caswell,68,22400.0,Eastern,53.5,317.5,High,-79.3335234769,36.3932742158,High
24842,15244,Harnett,68,134986.0,Eastern,224.5,2172.6,High,-78.8694125204,35.3686291614,High
24873,24854,Pitt,68,173536.0,Coastal,261.0,2238.9,High,-77.3744965519,35.5932989746,High
24818,5918,Chatham,68,77095.0,Eastern,111.9,1456.0,High,-79.2552758614,35.7025721296,High
24850,27880,Johnston,68,224833.0,Coastal,272.7,1547.3,High,-78.3657109025,35.5178069265,High
24864,24628,New Hanover,68,230423.0,Coastal,1174.0,2612.3,High,-77.865597569,34.1815553357,High
24802,1255,Alleghany,68,11057.0,Northern,46.4,697.2,High,-81.1278593427,36.4912704378,High
24833,43724,Forsyth,68,387703.0,Northern,938.1,4129.5,High,-80.256300016,36.1306195485,High
24859,137651,Mecklenburg,68,1128426.0,Central,2130.4,3736.1,High,-80.8327311406,35.2467670437,High
24865,2151,Northampton,68,16953.0,Eastern,32.6,2092.6,High,-77.3968212099,36.4177312434,High
24849,4520,Jackson,68,41919.0,Western,87.8,1864.6,High,-83.1408496187,35.2875866253,High
24898,4992,Yadkin,68,36925.0,Northern,111.1,1820.8,High,-80.6652439331,36.1605336919,High
24814,819,Camden,68,10537.0,Coastal,43.1,793.0,High,-76.1609504039,36.3411216216,High
24884,5026,Stokes,68,44422.0,Northern,99.1,2146.85,High,-80.2395157151,36.4019040049,High
24844,12756,Henderson,68,117429.0,Western,311.8,2039.7,High,-82.4799463782,35.3362263031,High
24896,8725,Wilkes,68,65151.0,Northern,87.5,1887.3,High,-81.1633856618,36.2062757623,High
24813,11121,Caldwell,68,81319.0,Northern,170.9,2504.8,High,-81.5464366451,35.9530379334,High
24838,6879,Granville,68,60720.0,Eastern,114.6,1466.3,High,-78.6527194252,36.3040698262,High
24860,1713,Mitchell,68,14783.0,Western,67.4,458.42,High,-82.1635815487,36.0132038869,High
24804,2778,Ashe,68,26506.0,Northern,62.3,1123.1,High,-81.5005211955,36.434424701,High
24808,4812,Bladen,68,29171.0,Coastal,33.8,2578.5,High,-78.5636493115,34.6145873342,High
24869,4006,Pasquotank,68,40966.0,Coastal,178.8,2078.8,High,-76.2492413613,36.2650187228,High
24874,1849,Polk,68,19461.0,Western,81.3,1596.5,High,-82.1696779265,35.2792789622,High
24821,1223,Clay,68,11238.0,Western,51.6,2288.34,High,-83.7501767115,35.0571811284,High
24861,3884,Montgomery,68,25485.0,Eastern,52.4,2480.1,High,-79.9054790812,35.332466935,High
24880,9052,Rutherford,68,63870.0,Western,114.0,2009.9,High,-81.9198334642,35.4025956291,High
24820,1823,Chowan,68,13646.0,Coastal,79.4,1402.6,High,-76.6021303656,36.1265615389,High
24892,2004,Warren,68,18621.0,Eastern,43.4,2235.0,High,-78.1067171324,36.3965102811,High
24872,4187,Person,68,39048.0,Eastern,99.7,1862.8,High,-78.9718051426,36.3900951244,High
24836,863,Gates,68,10324.0,Coastal,30.8,750.9,High,-76.7005266521,36.4449435708,High
24868,1318,Pamlico,68,12215.0,Coastal,36.5,2321.5,High,-76.6694598427,35.151021226,High
24826,2025,Currituck,68,29385.0,Coastal,107.3,1344.3,High,-75.936949201,36.3672994836,High
24876,6072,Richmond,68,43006.0,Eastern,90.7,5508.4,High,-79.7477780226,35.0060483545,High
24862,11406,Moore,68,102966.0,Eastern,142.9,1617.3,High,-79.4813744392,35.3106538555,High
24837,998,Graham,68,7935.0,Western,27.5,8085.4,High,-83.833581803,35.350171951,High
24812,27965,Cabarrus,68,232873.0,Central,625.1,1374.8,High,-80.5518508851,35.3867940405,High
24843,5809,Haywood,68,62831.0,Western,112.2,3591.8,High,-82.9821729698,35.5560557128,High
24888,453,Tyrrell,68,3315.0,Coastal,8.3,957.2,High,-76.1704523585,35.8694070017,High
24848,23800,Iredell,68,192986.0,Northern,325.0,1866.4,High,-80.8734378255,35.8070259189,High
24830,8337,Duplin,68,48249.0,Coastal,59.8,2911.6,High,-77.9330277459,34.9365348363,High
24882,4810,Scotland,68,33662.0,Eastern,107.1,3528.0,High,-79.4804292418,34.8408848102,High
24851,1053,Jones,68,9076.0,Coastal,19.5,0.0,High,-77.3551679748,35.0217248029,High
24885,10034,Surry,68,70573.0,Northern,134.0,1507.5,High,-80.6880779273,36.4148205561,High
24895,13515,Wayne,68,115895.0,Coastal,211.8,2813.0,High,-78.0039971272,35.3639599672,High
24829,5129,Davie,68,43127.0,Northern,162.0,1665.25,High,-80.5444636482,35.929110866,High
24858,6728,McDowell,68,44151.0,Western,101.3,2610.9,High,-82.0493124426,35.6816924709,High
24857,2961,Martin,68,21503.0,Coastal,48.3,2717.4,High,-77.109232267,35.843213981,High
24839,2926,Greene,68,19978.0,Coastal,76.7,1640.3,High,-77.6757626742,35.4849957203,High
24998,5123,Yadkin,69,36925.0,Northern,111.1,1820.8,High,-80.6652439331,36.1605336919,High
24969,4053,Pasquotank,69,40966.0,Coastal,178.8,2078.8,High,-76.2492413613,36.2650187228,High
24917,24272,Catawba,69,162841.0,Northern,400.2,2802.5,High,-81.2150705598,35.662042354,High
24900,22485,Alamance,69,175029.0,Northern,404.8,3065.6,High,-79.3994248175,36.0437098766,High
24905,2377,Avery,69,17347.0,Western,72.0,1003.4,High,-81.9226013745,36.0766050343,High
24936,873,Gates,69,10324.0,Coastal,30.8,750.9,High,-76.7005266521,36.4449435708,High
24988,464,Tyrrell,69,3315.0,Coastal,8.3,957.2,High,-76.1704523585,35.8694070017,High
24965,2193,Northampton,69,16953.0,Eastern,32.6,2092.6,High,-77.3968212099,36.4177312434,High
24987,3240,Transylvania,69,32825.0,Western,87.2,978.5,High,-82.7983001279,35.2021778635,High
24945,2439,Hertford,69,20374.0,Coastal,61.0,2281.6,High,-76.9807147831,36.3586360305,High
24918,6017,Chatham,69,77095.0,Eastern,111.9,1456.0,High,-79.2552758614,35.7025721296,High
24968,1353,Pamlico,69,12215.0,Coastal,36.5,2321.5,High,-76.6694598427,35.151021226,High
24929,5264,Davie,69,43127.0,Northern,162.0,1665.25,High,-80.5444636482,35.929110866,High
24916,2634,Caswell,69,22400.0,Eastern,53.5,317.5,High,-79.3335234769,36.3932742158,High
24930,8484,Duplin,69,48249.0,Coastal,59.8,2911.6,High,-77.9330277459,34.9365348363,High
24906,5796,Beaufort,69,44150.0,Coastal,53.6,2157.95,High,-76.8453144055,35.486983815,High
24935,33569,Gaston,69,233387.0,Central,640.7,2912.4,High,-81.1802416273,35.2943489527,High
24946,6263,Hoke,69,53783.0,Eastern,133.5,2028.14,High,-79.237290715,35.0175290075,High
24970,7513,Pender,69,62250.0,Coastal,69.1,1461.9,High,-77.8884355846,34.5150997489,High
24967,10301,Orange,69,148331.0,Eastern,374.0,1991.9,High,-79.120649356,36.0611182361,High
24944,12941,Henderson,69,117429.0,Western,311.8,2039.7,High,-82.4799463782,35.3362263031,High
24966,23223,Onslow,69,207928.0,Coastal,268.4,2191.23,High,-77.4157658244,34.709836363,High
24996,8967,Wilkes,69,65151.0,Northern,87.5,1887.3,High,-81.1633856618,36.2062757623,High
24990,5670,Vance,69,41665.0,Eastern,168.7,3584.5,High,-78.4079288849,36.3649169333,High
24959,139478,Mecklenburg,69,1128426.0,Central,2130.4,3736.1,High,-80.8327311406,35.2467670437,High
24981,9977,Sampson,69,58371.0,Coastal,62.4,2241.9,High,-78.3713906105,34.9915361594,High
24984,5155,Stokes,69,44422.0,Northern,99.1,2146.85,High,-80.2395157151,36.4019040049,High
24913,11339,Caldwell,69,81319.0,Northern,170.9,2504.8,High,-81.5464366451,35.9530379334,High
24974,1901,Polk,69,19461.0,Western,81.3,1596.5,High,-82.1696779265,35.2792789622,High
24938,6972,Granville,69,60720.0,Eastern,114.6,1466.3,High,-78.6527194252,36.3040698262,High
24904,2858,Ashe,69,26506.0,Northern,62.3,1123.1,High,-81.5005211955,36.434424701,High
24960,1738,Mitchell,69,14783.0,Western,67.4,458.42,High,-82.1635815487,36.0132038869,High
24925,38637,Cumberland,69,341793.0,Eastern,512.9,3748.5,High,-78.8275607671,35.048611942,High
24927,3184,Dare,69,37817.0,Coastal,96.3,1872.9,High,-75.6852333134,35.664936694,High
24994,5754,Watauga,69,54804.0,Northern,173.1,1191.8,High,-81.6964250718,36.2311062795,High
24989,30943,Union,69,244960.0,Central,376.6,1582.3,High,-80.5307400446,34.9883574887,High
24908,4914,Bladen,69,29171.0,Coastal,33.8,2578.5,High,-78.5636493115,34.6145873342,High
24978,9822,Rockingham,69,90457.0,Northern,161.0,2130.4,High,-79.7749871967,36.3960127906,High
24941,6794,Halifax,69,47859.0,Coastal,67.2,2754.7,High,-77.6517329831,36.2574485453,High
24912,28532,Cabarrus,69,232873.0,Central,625.1,1374.8,High,-80.5518508851,35.3867940405,High
24949,4632,Jackson,69,41919.0,Western,87.8,1864.6,High,-83.1408496187,35.2875866253,High
24952,8023,Lee,69,64360.0,Eastern,248.1,1631.1,High,-79.1714836119,35.4751864248,High
24902,1319,Alleghany,69,11057.0,Northern,46.4,697.2,High,-81.1278593427,36.4912704378,High
24950,28425,Johnston,69,224833.0,Coastal,272.7,1547.3,High,-78.3657109025,35.5178069265,High
24964,25201,New Hanover,69,230423.0,Coastal,1174.0,2612.3,High,-77.865597569,34.1815553357,High
24939,2948,Greene,69,19978.0,Coastal,76.7,1640.3,High,-77.6757626742,35.4849957203,High
24992,2029,Warren,69,18621.0,Eastern,43.4,2235.0,High,-78.1067171324,36.3965102811,High
24957,3041,Martin,69,21503.0,Coastal,48.3,2717.4,High,-77.109232267,35.843213981,High
24976,6188,Richmond,69,43006.0,Eastern,90.7,5508.4,High,-79.7477780226,35.0060483545,High
24982,4902,Scotland,69,33662.0,Eastern,107.1,3528.0,High,-79.4804292418,34.8408848102,High
24951,1082,Jones,69,9076.0,Coastal,19.5,0.0,High,-77.3551679748,35.0217248029,High
24995,13728,Wayne,69,115895.0,Coastal,211.8,2813.0,High,-78.0039971272,35.3639599672,High
24958,6940,McDowell,69,44151.0,Western,101.3,2610.9,High,-82.0493124426,35.6816924709,High
24921,1270,Clay,69,11238.0,Western,51.6,2288.34,High,-83.7501767115,35.0571811284,High
24923,9036,Columbus,69,49795.0,Coastal,54.0,2887.71,High,-78.6550308717,34.2656450828,High
24983,9835,Stanly,69,62143.0,Central,158.2,2425.2,High,-80.2509863077,35.3119550622,High
24977,22443,Robeson,69,115899.0,Coastal,123.0,5137.4,High,-79.1038649277,34.6402420514,High
24931,30929,Durham,69,331347.0,Eastern,1133.7,3966.0,High,-78.8765926949,36.0360299243,High
24933,44568,Forsyth,69,387703.0,Northern,938.1,4129.5,High,-80.256300016,36.1306195485,High
24922,15107,Cleveland,69,99332.0,Western,214.4,2001.7,High,-81.5555471412,35.3341018022,High
24956,2180,Madison,69,21146.0,Western,47.1,1247.6,High,-82.7057582627,35.8580358086,High
24975,18165,Randolph,69,143325.0,Northern,184.3,1615.5,High,-79.8060069064,35.7103417044,High
24942,15537,Harnett,69,134986.0,Eastern,224.5,2172.6,High,-78.8694125204,35.3686291614,High
24926,2089,Currituck,69,29385.0,Coastal,107.3,1344.3,High,-75.936949201,36.3672994836,High
24973,25401,Pitt,69,173536.0,Coastal,261.0,2238.9,High,-77.3744965519,35.5932989746,High
24909,13460,Brunswick,69,144821.0,Coastal,160.8,1537.1,High,-78.2274071617,34.0388755841,High
24934,8425,Franklin,69,70655.0,Eastern,139.4,1314.6,High,-78.2856965824,36.0827733527,High
24940,57863,Guilford,69,545484.0,Northern,838.0,3371.1,High,-79.7889042685,36.0794717315,High
24907,2147,Bertie,69,17302.0,Coastal,25.7,1594.6,High,-76.9667121404,36.0656302022,High
24910,23001,Buncombe,69,271638.0,Western,410.4,3012.8,High,-82.5301070587,35.611177887,High
24947,752,Hyde,69,4595.0,Coastal,7.5,0.0,High,-76.1449651093,35.4081187361,High
24901,5507,Alexander,69,36172.0,Northern,140.2,1440.7,High,-81.1770268506,35.9210263138,High
24914,828,Camden,69,10537.0,Coastal,43.1,793.0,High,-76.1609504039,36.3411216216,High
24915,6791,Carteret,69,69039.0,Coastal,133.3,1912.1,High,-76.5357430669,34.8612598084,High
24993,1354,Washington,69,10708.0,Coastal,31.8,1746.8,High,-76.5693098876,35.8392646425,High
24928,21758,Davidson,69,171752.0,Northern,305.4,1757.8,High,-80.2127487756,35.7933524917,High
24924,11786,Craven,69,102568.0,Coastal,142.5,2112.3,High,-77.082003837,35.117685821,High
24903,3217,Anson,69,22028.0,Central,41.5,2802.1,High,-80.102712026,34.9737894417,High
24954,12643,Lincoln,69,88742.0,Central,293.4,1745.2,High,-81.2235326264,35.4855950234,High
24979,23017,Rowan,69,148565.0,Northern,287.1,2292.8,High,-80.5247717485,35.6394734632,High
24971,1265,Perquimans,69,13049.0,Coastal,52.6,684.8,High,-76.4076199893,36.1772228503,High
24986,1560,Swain,69,14046.0,Western,26.8,3517.8,High,-83.4927393736,35.4868150519,High
24943,5912,Haywood,69,62831.0,Western,112.2,3591.8,High,-82.9821729698,35.5560557128,High
24963,13352,Nash,69,96101.0,Coastal,175.7,1838.5,High,-77.9864448378,35.9672502839,High
24937,1042,Graham,69,7935.0,Western,27.5,8085.4,High,-83.833581803,35.350171951,High
24955,3972,Macon,69,37041.0,Western,71.8,2077.4,High,-83.4221767088,35.1504672096,High
24919,3841,Cherokee,69,28738.0,Western,63.2,3613.3,High,-84.063444228,35.1338574515,High
24991,115068,Wake,69,1154170.0,Eastern,1353.3,1846.0,High,-78.6503081729,35.7902443741,High
24961,3965,Montgomery,69,25485.0,Eastern,52.4,2480.1,High,-79.9054790812,35.332466935,High
24911,12981,Burke,69,88398.0,Western,173.0,1836.1,High,-81.7047784739,35.7496106399,High
24980,9334,Rutherford,69,63870.0,Western,114.0,2009.9,High,-81.9198334642,35.4025956291,High
24920,1865,Chowan,69,13646.0,Coastal,79.4,1402.6,High,-76.6021303656,36.1265615389,High
24985,10277,Surry,69,70573.0,Northern,134.0,1507.5,High,-80.6880779273,36.4148205561,High
24997,11517,Wilson,69,79078.0,Coastal,214.3,2386.9,High,-77.9186629547,35.7051457145,High
24932,6701,Edgecombe,69,48604.0,Coastal,96.7,2366.3,High,-77.5970588882,35.912880671,High
24948,24316,Iredell,69,192986.0,Northern,325.0,1866.4,High,-80.8734378255,35.8070259189,High
24962,11619,Moore,69,102966.0,Eastern,142.9,1617.3,High,-79.4813744392,35.3106538555,High
24953,7900,Lenoir,69,54323.0,Coastal,138.1,3246.04,High,-77.6412486292,35.2387731611,High
24972,4259,Person,69,39048.0,Eastern,99.7,1862.8,High,-78.9718051426,36.3900951244,High
24999,2322,Yancey,69,18320.0,Western,59.1,557.0,High,-82.3076279784,35.8989479924,High
25082,4924,Scotland,70,33662.0,Eastern,107.1,3528.0,High,-79.4804292418,34.8408848102,High
25080,9389,Rutherford,70,63870.0,Western,114.0,2009.9,High,-81.9198334642,35.4025956291,High
25010,23095,Buncombe,70,271638.0,Western,410.4,3012.8,High,-82.5301070587,35.611177887,High
25057,3062,Martin,70,21503.0,Coastal,48.3,2717.4,High,-77.109232267,35.843213981,High
25023,9065,Columbus,70,49795.0,Coastal,54.0,2887.71,High,-78.6550308717,34.2656450828,High
25078,9861,Rockingham,70,90457.0,Northern,161.0,2130.4,High,-79.7749871967,36.3960127906,High
25079,23091,Rowan,70,148565.0,Northern,287.1,2292.8,High,-80.5247717485,35.6394734632,High
25077,22506,Robeson,70,115899.0,Coastal,123.0,5137.4,High,-79.1038649277,34.6402420514,High
25056,2210,Madison,70,21146.0,Western,47.1,1247.6,High,-82.7057582627,35.8580358086,High
25024,11839,Craven,70,102568.0,Coastal,142.5,2112.3,High,-77.082003837,35.117685821,High
25052,8069,Lee,70,64360.0,Eastern,248.1,1631.1,High,-79.1714836119,35.4751864248,High
25081,9986,Sampson,70,58371.0,Coastal,62.4,2241.9,High,-78.3713906105,34.9915361594,High
25088,464,Tyrrell,70,3315.0,Coastal,8.3,957.2,High,-76.1704523585,35.8694070017,High
25025,38829,Cumberland,70,341793.0,Eastern,512.9,3748.5,High,-78.8275607671,35.048611942,High
25045,2447,Hertford,70,20374.0,Coastal,61.0,2281.6,High,-76.9807147831,36.3586360305,High
25053,7931,Lenoir,70,54323.0,Coastal,138.1,3246.04,High,-77.6412486292,35.2387731611,High
25055,3990,Macon,70,37041.0,Western,71.8,2077.4,High,-83.4221767088,35.1504672096,High
25067,10336,Orange,70,148331.0,Eastern,374.0,1991.9,High,-79.120649356,36.0611182361,High
25011,13033,Burke,70,88398.0,Western,173.0,1836.1,High,-81.7047784739,35.7496106399,High
25054,12663,Lincoln,70,88742.0,Central,293.4,1745.2,High,-81.2235326264,35.4855950234,High
25017,24375,Catawba,70,162841.0,Northern,400.2,2802.5,High,-81.2150705598,35.662042354,High
25050,28529,Johnston,70,224833.0,Coastal,272.7,1547.3,High,-78.3657109025,35.5178069265,High
25012,28672,Cabarrus,70,232873.0,Central,625.1,1374.8,High,-80.5518508851,35.3867940405,High
25014,842,Camden,70,10537.0,Coastal,43.1,793.0,High,-76.1609504039,36.3411216216,High
25061,3979,Montgomery,70,25485.0,Eastern,52.4,2480.1,High,-79.9054790812,35.332466935,High
25020,1872,Chowan,70,13646.0,Coastal,79.4,1402.6,High,-76.6021303656,36.1265615389,High
25085,10294,Surry,70,70573.0,Northern,134.0,1507.5,High,-80.6880779273,36.4148205561,High
25048,24440,Iredell,70,192986.0,Northern,325.0,1866.4,High,-80.8734378255,35.8070259189,High
25062,11687,Moore,70,102966.0,Eastern,142.9,1617.3,High,-79.4813744392,35.3106538555,High
25072,4288,Person,70,39048.0,Eastern,99.7,1862.8,High,-78.9718051426,36.3900951244,High
25007,2158,Bertie,70,17302.0,Coastal,25.7,1594.6,High,-76.9667121404,36.0656302022,High
25015,6854,Carteret,70,69039.0,Coastal,133.3,1912.1,High,-76.5357430669,34.8612598084,High
25016,2638,Caswell,70,22400.0,Eastern,53.5,317.5,High,-79.3335234769,36.3932742158,High
25028,21900,Davidson,70,171752.0,Northern,305.4,1757.8,High,-80.2127487756,35.7933524917,High
25064,25324,New Hanover,70,230423.0,Coastal,1174.0,2612.3,High,-77.865597569,34.1815553357,High
25086,1585,Swain,70,14046.0,Western,26.8,3517.8,High,-83.4927393736,35.4868150519,High
25071,1271,Perquimans,70,13049.0,Coastal,52.6,684.8,High,-76.4076199893,36.1772228503,High
25046,6281,Hoke,70,53783.0,Eastern,133.5,2028.14,High,-79.237290715,35.0175290075,High
25047,752,Hyde,70,4595.0,Coastal,7.5,0.0,High,-76.1449651093,35.4081187361,High
25006,5826,Beaufort,70,44150.0,Coastal,53.6,2157.95,High,-76.8453144055,35.486983815,High
25087,3259,Transylvania,70,32825.0,Western,87.2,978.5,High,-82.7983001279,35.2021778635,High
25063,13372,Nash,70,96101.0,Coastal,175.7,1838.5,High,-77.9864448378,35.9672502839,High
25019,3856,Cherokee,70,28738.0,Western,63.2,3613.3,High,-84.063444228,35.1338574515,High
25070,7548,Pender,70,62250.0,Coastal,69.1,1461.9,High,-77.8884355846,34.5150997489,High
25009,13538,Brunswick,70,144821.0,Coastal,160.8,1537.1,High,-78.2274071617,34.0388755841,High
25073,25493,Pitt,70,173536.0,Coastal,261.0,2238.9,High,-77.3744965519,35.5932989746,High
25021,1276,Clay,70,11238.0,Western,51.6,2288.34,High,-83.7501767115,35.0571811284,High
25076,6211,Richmond,70,43006.0,Eastern,90.7,5508.4,High,-79.7477780226,35.0060483545,High
25051,1082,Jones,70,9076.0,Coastal,19.5,0.0,High,-77.3551679748,35.0217248029,High
25029,5281,Davie,70,43127.0,Northern,162.0,1665.25,High,-80.5444636482,35.929110866,High
25058,6981,McDowell,70,44151.0,Western,101.3,2610.9,High,-82.0493124426,35.6816924709,High
25066,23331,Onslow,70,207928.0,Coastal,268.4,2191.23,High,-77.4157658244,34.709836363,High
25083,9871,Stanly,70,62143.0,Central,158.2,2425.2,High,-80.2509863077,35.3119550622,High
25022,15183,Cleveland,70,99332.0,Western,214.4,2001.7,High,-81.5555471412,35.3341018022,High
25068,1351,Pamlico,70,12215.0,Coastal,36.5,2321.5,High,-76.6694598427,35.151021226,High
25075,18227,Randolph,70,143325.0,Northern,184.3,1615.5,High,-79.8060069064,35.7103417044,High
25049,4658,Jackson,70,41919.0,Western,87.8,1864.6,High,-83.1408496187,35.2875866253,High
25018,6027,Chatham,70,77095.0,Eastern,111.9,1456.0,High,-79.2552758614,35.7025721296,High
25008,4914,Bladen,70,29171.0,Coastal,33.8,2578.5,High,-78.5636493115,34.6145873342,High
25059,139839,Mecklenburg,70,1128426.0,Central,2130.4,3736.1,High,-80.8327311406,35.2467670437,High
25084,5172,Stokes,70,44422.0,Northern,99.1,2146.85,High,-80.2395157151,36.4019040049,High
25013,11396,Caldwell,70,81319.0,Northern,170.9,2504.8,High,-81.5464366451,35.9530379334,High
25074,1921,Polk,70,19461.0,Western,81.3,1596.5,High,-82.1696779265,35.2792789622,High
25060,1756,Mitchell,70,14783.0,Western,67.4,458.42,High,-82.1635815487,36.0132038869,High
25027,3190,Dare,70,37817.0,Coastal,96.3,1872.9,High,-75.6852333134,35.664936694,High
25099,2352,Yancey,70,18320.0,Western,59.1,557.0,High,-82.3076279784,35.8989479924,High
25069,4088,Pasquotank,70,40966.0,Coastal,178.8,2078.8,High,-76.2492413613,36.2650187228,High
25065,2199,Northampton,70,16953.0,Eastern,32.6,2092.6,High,-77.3968212099,36.4177312434,High
25089,31103,Union,70,244960.0,Central,376.6,1582.3,High,-80.5307400446,34.9883574887,High
25026,2110,Currituck,70,29385.0,Coastal,107.3,1344.3,High,-75.936949201,36.3672994836,High
25035,33681,Gaston,70,233387.0,Central,640.7,2912.4,High,-81.1802416273,35.2943489527,High
25001,5530,Alexander,70,36172.0,Northern,140.2,1440.7,High,-81.1770268506,35.9210263138,High
25039,2952,Greene,70,19978.0,Coastal,76.7,1640.3,High,-77.6757626742,35.4849957203,High
25004,2871,Ashe,70,26506.0,Northern,62.3,1123.1,High,-81.5005211955,36.434424701,High
25030,8529,Duplin,70,48249.0,Coastal,59.8,2911.6,High,-77.9330277459,34.9365348363,High
25037,1057,Graham,70,7935.0,Western,27.5,8085.4,High,-83.833581803,35.350171951,High
25090,5701,Vance,70,41665.0,Eastern,168.7,3584.5,High,-78.4079288849,36.3649169333,High
25031,31340,Durham,70,331347.0,Eastern,1133.7,3966.0,High,-78.8765926949,36.0360299243,High
25044,12991,Henderson,70,117429.0,Western,311.8,2039.7,High,-82.4799463782,35.3362263031,High
25003,3230,Anson,70,22028.0,Central,41.5,2802.1,High,-80.102712026,34.9737894417,High
25098,5146,Yadkin,70,36925.0,Northern,111.1,1820.8,High,-80.6652439331,36.1605336919,High
25038,6983,Granville,70,60720.0,Eastern,114.6,1466.3,High,-78.6527194252,36.3040698262,High
25042,15604,Harnett,70,134986.0,Eastern,224.5,2172.6,High,-78.8694125204,35.3686291614,High
25036,877,Gates,70,10324.0,Coastal,30.8,750.9,High,-76.7005266521,36.4449435708,High
25092,2029,Warren,70,18621.0,Eastern,43.4,2235.0,High,-78.1067171324,36.3965102811,High
25096,9020,Wilkes,70,65151.0,Northern,87.5,1887.3,High,-81.1633856618,36.2062757623,High
25041,6804,Halifax,70,47859.0,Coastal,67.2,2754.7,High,-77.6517329831,36.2574485453,High
25034,8440,Franklin,70,70655.0,Eastern,139.4,1314.6,High,-78.2856965824,36.0827733527,High
25094,5761,Watauga,70,54804.0,Northern,173.1,1191.8,High,-81.6964250718,36.2311062795,High
25091,115237,Wake,70,1154170.0,Eastern,1353.3,1846.0,High,-78.6503081729,35.7902443741,High
25032,6724,Edgecombe,70,48604.0,Coastal,96.7,2366.3,High,-77.5970588882,35.912880671,High
25093,1360,Washington,70,10708.0,Coastal,31.8,1746.8,High,-76.5693098876,35.8392646425,High
25040,58026,Guilford,70,545484.0,Northern,838.0,3371.1,High,-79.7889042685,36.0794717315,High
25097,11580,Wilson,70,79078.0,Coastal,214.3,2386.9,High,-77.9186629547,35.7051457145,High
25043,5944,Haywood,70,62831.0,Western,112.2,3591.8,High,-82.9821729698,35.5560557128,High
25005,2389,Avery,70,17347.0,Western,72.0,1003.4,High,-81.9226013745,36.0766050343,High
25095,13794,Wayne,70,115895.0,Coastal,211.8,2813.0,High,-78.0039971272,35.3639599672,High
25002,1329,Alleghany,70,11057.0,Northern,46.4,697.2,High,-81.1278593427,36.4912704378,High
25033,44743,Forsyth,70,387703.0,Northern,938.1,4129.5,High,-80.256300016,36.1306195485,High
25000,22594,Alamance,70,175029.0,Northern,404.8,3065.6,High,-79.3994248175,36.0437098766,High
25179,23186,Rowan,71,148565.0,Northern,287.1,2292.8,High,-80.5247717485,35.6394734632,High
25111,13116,Burke,71,88398.0,Western,173.0,1836.1,High,-81.7047784739,35.7496106399,High
25155,4017,Macon,71,37041.0,Western,71.8,2077.4,High,-83.4221767088,35.1504672096,High
25140,58193,Guilford,71,545484.0,Northern,838.0,3371.1,High,-79.7889042685,36.0794717315,High
25130,8574,Duplin,71,48249.0,Coastal,59.8,2911.6,High,-77.9330277459,34.9365348363,High
25132,6745,Edgecombe,71,48604.0,Coastal,96.7,2366.3,High,-77.5970588882,35.912880671,High
25124,11969,Craven,71,102568.0,Coastal,142.5,2112.3,High,-77.082003837,35.117685821,High
25198,5169,Yadkin,71,36925.0,Northern,111.1,1820.8,High,-80.6652439331,36.1605336919,High
25178,9897,Rockingham,71,90457.0,Northern,161.0,2130.4,High,-79.7749871967,36.3960127906,High
25129,5299,Davie,71,43127.0,Northern,162.0,1665.25,High,-80.5444636482,35.929110866,High
25133,44897,Forsyth,71,387703.0,Northern,938.1,4129.5,High,-80.256300016,36.1306195485,High
25158,7066,McDowell,71,44151.0,Western,101.3,2610.9,High,-82.0493124426,35.6816924709,High
25195,13872,Wayne,71,115895.0,Coastal,211.8,2813.0,High,-78.0039971272,35.3639599672,High
25102,1332,Alleghany,71,11057.0,Northern,46.4,697.2,High,-81.1278593427,36.4912704378,High
25176,6283,Richmond,71,43006.0,Eastern,90.7,5508.4,High,-79.7477780226,35.0060483545,High
25164,25485,New Hanover,71,230423.0,Coastal,1174.0,2612.3,High,-77.865597569,34.1815553357,High
25188,464,Tyrrell,71,3315.0,Coastal,8.3,957.2,High,-76.1704523585,35.8694070017,High
25105,2403,Avery,71,17347.0,Western,72.0,1003.4,High,-81.9226013745,36.0766050343,High
25112,28772,Cabarrus,71,232873.0,Central,625.1,1374.8,High,-80.5518508851,35.3867940405,High
25139,2961,Greene,71,19978.0,Coastal,76.7,1640.3,High,-77.6757626742,35.4849957203,High
25157,3068,Martin,71,21503.0,Coastal,48.3,2717.4,High,-77.109232267,35.843213981,High
25170,7569,Pender,71,62250.0,Coastal,69.1,1461.9,High,-77.8884355846,34.5150997489,High
25123,9108,Columbus,71,49795.0,Coastal,54.0,2887.71,High,-78.6550308717,34.2656450828,High
25177,22606,Robeson,71,115899.0,Coastal,123.0,5137.4,High,-79.1038649277,34.6402420514,High
25136,888,Gates,71,10324.0,Coastal,30.8,750.9,High,-76.7005266521,36.4449435708,High
25156,2235,Madison,71,21146.0,Western,47.1,1247.6,High,-82.7057582627,35.8580358086,High
25116,2644,Caswell,71,22400.0,Eastern,53.5,317.5,High,-79.3335234769,36.3932742158,High
25194,5794,Watauga,71,54804.0,Northern,173.1,1191.8,High,-81.6964250718,36.2311062795,High
25146,6320,Hoke,71,53783.0,Eastern,133.5,2028.14,High,-79.237290715,35.0175290075,High
25165,2214,Northampton,71,16953.0,Eastern,32.6,2092.6,High,-77.3968212099,36.4177312434,High
25154,12725,Lincoln,71,88742.0,Central,293.4,1745.2,High,-81.2235326264,35.4855950234,High
25118,6050,Chatham,71,77095.0,Eastern,111.9,1456.0,High,-79.2552758614,35.7025721296,High
25184,5185,Stokes,71,44422.0,Northern,99.1,2146.85,High,-80.2395157151,36.4019040049,High
25190,5719,Vance,71,41665.0,Eastern,168.7,3584.5,High,-78.4079288849,36.3649169333,High
25104,2881,Ashe,71,26506.0,Northern,62.3,1123.1,High,-81.5005211955,36.434424701,High
25127,3208,Dare,71,37817.0,Coastal,96.3,1872.9,High,-75.6852333134,35.664936694,High
25168,1369,Pamlico,71,12215.0,Coastal,36.5,2321.5,High,-76.6694598427,35.151021226,High
25149,4688,Jackson,71,41919.0,Western,87.8,1864.6,High,-83.1408496187,35.2875866253,High
25166,23473,Onslow,71,207928.0,Coastal,268.4,2191.23,High,-77.4157658244,34.709836363,High
25108,4942,Bladen,71,29171.0,Coastal,33.8,2578.5,High,-78.5636493115,34.6145873342,High
25191,116086,Wake,71,1154170.0,Eastern,1353.3,1846.0,High,-78.6503081729,35.7902443741,High
25147,753,Hyde,71,4595.0,Coastal,7.5,0.0,High,-76.1449651093,35.4081187361,High
25148,24585,Iredell,71,192986.0,Northern,325.0,1866.4,High,-80.8734378255,35.8070259189,High
25143,5981,Haywood,71,62831.0,Western,112.2,3591.8,High,-82.9821729698,35.5560557128,High
25107,2167,Bertie,71,17302.0,Coastal,25.7,1594.6,High,-76.9667121404,36.0656302022,High
25100,22690,Alamance,71,175029.0,Northern,404.8,3065.6,High,-79.3994248175,36.0437098766,High
25128,22060,Davidson,71,171752.0,Northern,305.4,1757.8,High,-80.2127487756,35.7933524917,High
25186,1592,Swain,71,14046.0,Western,26.8,3517.8,High,-83.4927393736,35.4868150519,High
25117,24517,Catawba,71,162841.0,Northern,400.2,2802.5,High,-81.2150705598,35.662042354,High
25185,10363,Surry,71,70573.0,Northern,134.0,1507.5,High,-80.6880779273,36.4148205561,High
25187,3284,Transylvania,71,32825.0,Western,87.2,978.5,High,-82.7983001279,35.2021778635,High
25142,15701,Harnett,71,134986.0,Eastern,224.5,2172.6,High,-78.8694125204,35.3686291614,High
25150,28627,Johnston,71,224833.0,Coastal,272.7,1547.3,High,-78.3657109025,35.5178069265,High
25103,3251,Anson,71,22028.0,Central,41.5,2802.1,High,-80.102712026,34.9737894417,High
25180,9423,Rutherford,71,63870.0,Western,114.0,2009.9,High,-81.9198334642,35.4025956291,High
25110,23249,Buncombe,71,271638.0,Western,410.4,3012.8,High,-82.5301070587,35.611177887,High
25193,1360,Washington,71,10708.0,Coastal,31.8,1746.8,High,-76.5693098876,35.8392646425,High
25119,3887,Cherokee,71,28738.0,Western,63.2,3613.3,High,-84.063444228,35.1338574515,High
25106,5850,Beaufort,71,44150.0,Coastal,53.6,2157.95,High,-76.8453144055,35.486983815,High
25153,7993,Lenoir,71,54323.0,Coastal,138.1,3246.04,High,-77.6412486292,35.2387731611,High
25141,6840,Halifax,71,47859.0,Coastal,67.2,2754.7,High,-77.6517329831,36.2574485453,High
25125,39033,Cumberland,71,341793.0,Eastern,512.9,3748.5,High,-78.8275607671,35.048611942,High
25181,10030,Sampson,71,58371.0,Coastal,62.4,2241.9,High,-78.3713906105,34.9915361594,High
25152,8105,Lee,71,64360.0,Eastern,248.1,1631.1,High,-79.1714836119,35.4751864248,High
25182,4966,Scotland,71,33662.0,Eastern,107.1,3528.0,High,-79.4804292418,34.8408848102,High
25109,13608,Brunswick,71,144821.0,Coastal,160.8,1537.1,High,-78.2274071617,34.0388755841,High
25192,2037,Warren,71,18621.0,Eastern,43.4,2235.0,High,-78.1067171324,36.3965102811,High
25151,1086,Jones,71,9076.0,Coastal,19.5,0.0,High,-77.3551679748,35.0217248029,High
25126,2132,Currituck,71,29385.0,Coastal,107.3,1344.3,High,-75.936949201,36.3672994836,High
25131,31672,Durham,71,331347.0,Eastern,1133.7,3966.0,High,-78.8765926949,36.0360299243,High
25183,9921,Stanly,71,62143.0,Central,158.2,2425.2,High,-80.2509863077,35.3119550622,High
25199,2377,Yancey,71,18320.0,Western,59.1,557.0,High,-82.3076279784,35.8989479924,High
25169,4116,Pasquotank,71,40966.0,Coastal,178.8,2078.8,High,-76.2492413613,36.2650187228,High
25167,10380,Orange,71,148331.0,Eastern,374.0,1991.9,High,-79.120649356,36.0611182361,High
25144,13079,Henderson,71,117429.0,Western,311.8,2039.7,High,-82.4799463782,35.3362263031,High
25137,1080,Graham,71,7935.0,Western,27.5,8085.4,High,-83.833581803,35.350171951,High
25113,11437,Caldwell,71,81319.0,Northern,170.9,2504.8,High,-81.5464366451,35.9530379334,High
25115,6845,Carteret,71,69039.0,Coastal,133.3,1912.1,High,-76.5357430669,34.8612598084,High
25173,25671,Pitt,71,173536.0,Coastal,261.0,2238.9,High,-77.3744965519,35.5932989746,High
25162,11763,Moore,71,102966.0,Eastern,142.9,1617.3,High,-79.4813744392,35.3106538555,High
25134,8481,Franklin,71,70655.0,Eastern,139.4,1314.6,High,-78.2856965824,36.0827733527,High
25163,13433,Nash,71,96101.0,Coastal,175.7,1838.5,High,-77.9864448378,35.9672502839,High
25114,851,Camden,71,10537.0,Coastal,43.1,793.0,High,-76.1609504039,36.3411216216,High
25161,3997,Montgomery,71,25485.0,Eastern,52.4,2480.1,High,-79.9054790812,35.332466935,High
25121,1280,Clay,71,11238.0,Western,51.6,2288.34,High,-83.7501767115,35.0571811284,High
25174,1944,Polk,71,19461.0,Western,81.3,1596.5,High,-82.1696779265,35.2792789622,High
25101,5561,Alexander,71,36172.0,Northern,140.2,1440.7,High,-81.1770268506,35.9210263138,High
25159,140432,Mecklenburg,71,1128426.0,Central,2130.4,3736.1,High,-80.8327311406,35.2467670437,High
25175,18309,Randolph,71,143325.0,Northern,184.3,1615.5,High,-79.8060069064,35.7103417044,High
25120,1876,Chowan,71,13646.0,Coastal,79.4,1402.6,High,-76.6021303656,36.1265615389,High
25196,9084,Wilkes,71,65151.0,Northern,87.5,1887.3,High,-81.1633856618,36.2062757623,High
25160,1762,Mitchell,71,14783.0,Western,67.4,458.42,High,-82.1635815487,36.0132038869,High
25135,33802,Gaston,71,233387.0,Central,640.7,2912.4,High,-81.1802416273,35.2943489527,High
25189,31286,Union,71,244960.0,Central,376.6,1582.3,High,-80.5307400446,34.9883574887,High
25138,7003,Granville,71,60720.0,Eastern,114.6,1466.3,High,-78.6527194252,36.3040698262,High
25197,11613,Wilson,71,79078.0,Coastal,214.3,2386.9,High,-77.9186629547,35.7051457145,High
25145,2461,Hertford,71,20374.0,Coastal,61.0,2281.6,High,-76.9807147831,36.3586360305,High
25172,4310,Person,71,39048.0,Eastern,99.7,1862.8,High,-78.9718051426,36.3900951244,High
25122,15248,Cleveland,71,99332.0,Western,214.4,2001.7,High,-81.5555471412,35.3341018022,High
25171,1276,Perquimans,71,13049.0,Coastal,52.6,684.8,High,-76.4076199893,36.1772228503,High
25245,2462,Hertford,72,20374.0,Coastal,61.0,2281.6,High,-76.9807147831,36.3586360305,High
25218,6055,Chatham,72,77095.0,Eastern,111.9,1456.0,High,-79.2552758614,35.7025721296,High
25230,8613,Duplin,72,48249.0,Coastal,59.8,2911.6,High,-77.9330277459,34.9365348363,High
25289,31458,Union,72,244960.0,Central,376.6,1582.3,High,-80.5307400446,34.9883574887,High
25250,28690,Johnston,72,224833.0,Coastal,272.7,1547.3,High,-78.3657109025,35.5178069265,High
25221,1285,Clay,72,11238.0,Western,51.6,2288.34,High,-83.7501767115,35.0571811284,High
25284,5206,Stokes,72,44422.0,Northern,99.1,2146.85,High,-80.2395157151,36.4019040049,High
25232,6764,Edgecombe,72,48604.0,Coastal,96.7,2366.3,High,-77.5970588882,35.912880671,High
25208,4970,Bladen,72,29171.0,Coastal,33.8,2578.5,High,-78.5636493115,34.6145873342,High
25296,9165,Wilkes,72,65151.0,Northern,87.5,1887.3,High,-81.1633856618,36.2062757623,High
25217,24669,Catawba,72,162841.0,Northern,400.2,2802.5,High,-81.2150705598,35.662042354,High
25244,13136,Henderson,72,117429.0,Western,311.8,2039.7,High,-82.4799463782,35.3362263031,High
25255,4019,Macon,72,37041.0,Western,71.8,2077.4,High,-83.4221767088,35.1504672096,High
25235,33993,Gaston,72,233387.0,Central,640.7,2912.4,High,-81.1802416273,35.2943489527,High
25242,15813,Harnett,72,134986.0,Eastern,224.5,2172.6,High,-78.8694125204,35.3686291614,High
25278,9945,Rockingham,72,90457.0,Northern,161.0,2130.4,High,-79.7749871967,36.3960127906,High
25211,13175,Burke,72,88398.0,Western,173.0,1836.1,High,-81.7047784739,35.7496106399,High
25287,3302,Transylvania,72,32825.0,Western,87.2,978.5,High,-82.7983001279,35.2021778635,High
25237,1092,Graham,72,7935.0,Western,27.5,8085.4,High,-83.833581803,35.350171951,High
25283,9953,Stanly,72,62143.0,Central,158.2,2425.2,High,-80.2509863077,35.3119550622,High
25267,10394,Orange,72,148331.0,Eastern,374.0,1991.9,High,-79.120649356,36.0611182361,High
25231,31811,Durham,72,331347.0,Eastern,1133.7,3966.0,High,-78.8765926949,36.0360299243,High
25272,4322,Person,72,39048.0,Eastern,99.7,1862.8,High,-78.9718051426,36.3900951244,High
25253,8032,Lenoir,72,54323.0,Coastal,138.1,3246.04,High,-77.6412486292,35.2387731611,High
25206,5870,Beaufort,72,44150.0,Coastal,53.6,2157.95,High,-76.8453144055,35.486983815,High
25225,39208,Cumberland,72,341793.0,Eastern,512.9,3748.5,High,-78.8275607671,35.048611942,High
25265,2222,Northampton,72,16953.0,Eastern,32.6,2092.6,High,-77.3968212099,36.4177312434,High
25220,1893,Chowan,72,13646.0,Coastal,79.4,1402.6,High,-76.6021303656,36.1265615389,High
25281,10071,Sampson,72,58371.0,Coastal,62.4,2241.9,High,-78.3713906105,34.9915361594,High
25293,1361,Washington,72,10708.0,Coastal,31.8,1746.8,High,-76.5693098876,35.8392646425,High
25210,23387,Buncombe,72,271638.0,Western,410.4,3012.8,High,-82.5301070587,35.611177887,High
25252,8164,Lee,72,64360.0,Eastern,248.1,1631.1,High,-79.1714836119,35.4751864248,High
25282,5008,Scotland,72,33662.0,Eastern,107.1,3528.0,High,-79.4804292418,34.8408848102,High
25280,9452,Rutherford,72,63870.0,Western,114.0,2009.9,High,-81.9198334642,35.4025956291,High
25261,4008,Montgomery,72,25485.0,Eastern,52.4,2480.1,High,-79.9054790812,35.332466935,High
25299,2386,Yancey,72,18320.0,Western,59.1,557.0,High,-82.3076279784,35.8989479924,High
25203,3277,Anson,72,22028.0,Central,41.5,2802.1,High,-80.102712026,34.9737894417,High
25209,13666,Brunswick,72,144821.0,Coastal,160.8,1537.1,High,-78.2274071617,34.0388755841,High
25214,859,Camden,72,10537.0,Coastal,43.1,793.0,High,-76.1609504039,36.3411216216,High
25254,12772,Lincoln,72,88742.0,Central,293.4,1745.2,High,-81.2235326264,35.4855950234,High
25292,2042,Warren,72,18621.0,Eastern,43.4,2235.0,High,-78.1067171324,36.3965102811,High
25263,13489,Nash,72,96101.0,Coastal,175.7,1838.5,High,-77.9864448378,35.9672502839,High
25298,5188,Yadkin,72,36925.0,Northern,111.1,1820.8,High,-80.6652439331,36.1605336919,High
25269,4123,Pasquotank,72,40966.0,Coastal,178.8,2078.8,High,-76.2492413613,36.2650187228,High
25251,1103,Jones,72,9076.0,Coastal,19.5,0.0,High,-77.3551679748,35.0217248029,High
25246,6349,Hoke,72,53783.0,Eastern,133.5,2028.14,High,-79.237290715,35.0175290075,High
25262,11824,Moore,72,102966.0,Eastern,142.9,1617.3,High,-79.4813744392,35.3106538555,High
25216,2660,Caswell,72,22400.0,Eastern,53.5,317.5,High,-79.3335234769,36.3932742158,High
25273,25706,Pitt,72,173536.0,Coastal,261.0,2238.9,High,-77.3744965519,35.5932989746,High
25226,2158,Currituck,72,29385.0,Coastal,107.3,1344.3,High,-75.936949201,36.3672994836,High
25224,12045,Craven,72,102568.0,Coastal,142.5,2112.3,High,-77.082003837,35.117685821,High
25240,58331,Guilford,72,545484.0,Northern,838.0,3371.1,High,-79.7889042685,36.0794717315,High
25279,23271,Rowan,72,148565.0,Northern,287.1,2292.8,High,-80.5247717485,35.6394734632,High
25294,5817,Watauga,72,54804.0,Northern,173.1,1191.8,High,-81.6964250718,36.2311062795,High
25290,5735,Vance,72,41665.0,Eastern,168.7,3584.5,High,-78.4079288849,36.3649169333,High
25212,28902,Cabarrus,72,232873.0,Central,625.1,1374.8,High,-80.5518508851,35.3867940405,High
25291,116764,Wake,72,1154170.0,Eastern,1353.3,1846.0,High,-78.6503081729,35.7902443741,High
25213,11483,Caldwell,72,81319.0,Northern,170.9,2504.8,High,-81.5464366451,35.9530379334,High
25288,465,Tyrrell,72,3315.0,Coastal,8.3,957.2,High,-76.1704523585,35.8694070017,High
25215,6900,Carteret,72,69039.0,Coastal,133.3,1912.1,High,-76.5357430669,34.8612598084,High
25229,5325,Davie,72,43127.0,Northern,162.0,1665.25,High,-80.5444636482,35.929110866,High
25264,25581,New Hanover,72,230423.0,Coastal,1174.0,2612.3,High,-77.865597569,34.1815553357,High
25238,7017,Granville,72,60720.0,Eastern,114.6,1466.3,High,-78.6527194252,36.3040698262,High
25248,24780,Iredell,72,192986.0,Northern,325.0,1866.4,High,-80.8734378255,35.8070259189,High
25276,6308,Richmond,72,43006.0,Eastern,90.7,5508.4,High,-79.7477780226,35.0060483545,High
25247,754,Hyde,72,4595.0,Coastal,7.5,0.0,High,-76.1449651093,35.4081187361,High
25202,1336,Alleghany,72,11057.0,Northern,46.4,697.2,High,-81.1278593427,36.4912704378,High
25243,6020,Haywood,72,62831.0,Western,112.2,3591.8,High,-82.9821729698,35.5560557128,High
25295,13918,Wayne,72,115895.0,Coastal,211.8,2813.0,High,-78.0039971272,35.3639599672,High
25259,140746,Mecklenburg,72,1128426.0,Central,2130.4,3736.1,High,-80.8327311406,35.2467670437,High
25258,7102,McDowell,72,44151.0,Western,101.3,2610.9,High,-82.0493124426,35.6816924709,High
25207,2169,Bertie,72,17302.0,Coastal,25.7,1594.6,High,-76.9667121404,36.0656302022,High
25271,1281,Perquimans,72,13049.0,Coastal,52.6,684.8,High,-76.4076199893,36.1772228503,High
25233,45059,Forsyth,72,387703.0,Northern,938.1,4129.5,High,-80.256300016,36.1306195485,High
25200,22767,Alamance,72,175029.0,Northern,404.8,3065.6,High,-79.3994248175,36.0437098766,High
25275,18387,Randolph,72,143325.0,Northern,184.3,1615.5,High,-79.8060069064,35.7103417044,High
25219,3906,Cherokee,72,28738.0,Western,63.2,3613.3,High,-84.063444228,35.1338574515,High
25297,11633,Wilson,72,79078.0,Coastal,214.3,2386.9,High,-77.9186629547,35.7051457145,High
25228,22146,Davidson,72,171752.0,Northern,305.4,1757.8,High,-80.2127487756,35.7933524917,High
25205,2406,Avery,72,17347.0,Western,72.0,1003.4,High,-81.9226013745,36.0766050343,High
25286,1609,Swain,72,14046.0,Western,26.8,3517.8,High,-83.4927393736,35.4868150519,High
25222,15311,Cleveland,72,99332.0,Western,214.4,2001.7,High,-81.5555471412,35.3341018022,High
25266,23624,Onslow,72,207928.0,Coastal,268.4,2191.23,High,-77.4157658244,34.709836363,High
25239,2967,Greene,72,19978.0,Coastal,76.7,1640.3,High,-77.6757626742,35.4849957203,High
25285,10399,Surry,72,70573.0,Northern,134.0,1507.5,High,-80.6880779273,36.4148205561,High
25241,6859,Halifax,72,47859.0,Coastal,67.2,2754.7,High,-77.6517329831,36.2574485453,High
25277,22710,Robeson,72,115899.0,Coastal,123.0,5137.4,High,-79.1038649277,34.6402420514,High
25256,2245,Madison,72,21146.0,Western,47.1,1247.6,High,-82.7057582627,35.8580358086,High
25270,7591,Pender,72,62250.0,Coastal,69.1,1461.9,High,-77.8884355846,34.5150997489,High
25260,1764,Mitchell,72,14783.0,Western,67.4,458.42,High,-82.1635815487,36.0132038869,High
25268,1381,Pamlico,72,12215.0,Coastal,36.5,2321.5,High,-76.6694598427,35.151021226,High
25257,3079,Martin,72,21503.0,Coastal,48.3,2717.4,High,-77.109232267,35.843213981,High
25223,9180,Columbus,72,49795.0,Coastal,54.0,2887.71,High,-78.6550308717,34.2656450828,High
25227,3209,Dare,72,37817.0,Coastal,96.3,1872.9,High,-75.6852333134,35.664936694,High
25236,893,Gates,72,10324.0,Coastal,30.8,750.9,High,-76.7005266521,36.4449435708,High
25249,4709,Jackson,72,41919.0,Western,87.8,1864.6,High,-83.1408496187,35.2875866253,High
25201,5622,Alexander,72,36172.0,Northern,140.2,1440.7,High,-81.1770268506,35.9210263138,High
25234,8520,Franklin,72,70655.0,Eastern,139.4,1314.6,High,-78.2856965824,36.0827733527,High
25204,2891,Ashe,72,26506.0,Northern,62.3,1123.1,High,-81.5005211955,36.434424701,High
25274,1959,Polk,72,19461.0,Western,81.3,1596.5,High,-82.1696779265,35.2792789622,High
25343,6020,Haywood,73,62831.0,Western,112.2,3591.8,High,-82.9821729698,35.5560557128,High
25382,5008,Scotland,73,33662.0,Eastern,107.1,3528.0,High,-79.4804292418,34.8408848102,High
25308,4970,Bladen,73,29171.0,Coastal,33.8,2578.5,High,-78.5636493115,34.6145873342,High
25352,8164,Lee,73,64360.0,Eastern,248.1,1631.1,High,-79.1714836119,35.4751864248,High
25399,2386,Yancey,73,18320.0,Western,59.1,557.0,High,-82.3076279784,35.8989479924,High
25300,22767,Alamance,73,175029.0,Northern,404.8,3065.6,High,-79.3994248175,36.0437098766,High
25341,6859,Halifax,73,47859.0,Coastal,67.2,2754.7,High,-77.6517329831,36.2574485453,High
25384,5206,Stokes,73,44422.0,Northern,99.1,2146.85,High,-80.2395157151,36.4019040049,High
25381,10071,Sampson,73,58371.0,Coastal,62.4,2241.9,High,-78.3713906105,34.9915361594,High
25365,2222,Northampton,73,16953.0,Eastern,32.6,2092.6,High,-77.3968212099,36.4177312434,High
25325,39208,Cumberland,73,341793.0,Eastern,512.9,3748.5,High,-78.8275607671,35.048611942,High
25328,22146,Davidson,73,171752.0,Northern,305.4,1757.8,High,-80.2127487756,35.7933524917,High
25397,11633,Wilson,73,79078.0,Coastal,214.3,2386.9,High,-77.9186629547,35.7051457145,High
25320,1893,Chowan,73,13646.0,Coastal,79.4,1402.6,High,-76.6021303656,36.1265615389,High
25389,31458,Union,73,244960.0,Central,376.6,1582.3,High,-80.5307400446,34.9883574887,High
25390,5735,Vance,73,41665.0,Eastern,168.7,3584.5,High,-78.4079288849,36.3649169333,High
25386,1609,Swain,73,14046.0,Western,26.8,3517.8,High,-83.4927393736,35.4868150519,High
25301,5622,Alexander,73,36172.0,Northern,140.2,1440.7,High,-81.1770268506,35.9210263138,High
25304,2891,Ashe,73,26506.0,Northern,62.3,1123.1,High,-81.5005211955,36.434424701,High
25318,6055,Chatham,73,77095.0,Eastern,111.9,1456.0,High,-79.2552758614,35.7025721296,High
25387,3302,Transylvania,73,32825.0,Western,87.2,978.5,High,-82.7983001279,35.2021778635,High
25383,9953,Stanly,73,62143.0,Central,158.2,2425.2,High,-80.2509863077,35.3119550622,High
25366,23624,Onslow,73,207928.0,Coastal,268.4,2191.23,High,-77.4157658244,34.709836363,High
25350,28690,Johnston,73,224833.0,Coastal,272.7,1547.3,High,-78.3657109025,35.5178069265,High
25391,116764,Wake,73,1154170.0,Eastern,1353.3,1846.0,High,-78.6503081729,35.7902443741,High
25362,11824,Moore,73,102966.0,Eastern,142.9,1617.3,High,-79.4813744392,35.3106538555,High
25331,31811,Durham,73,331347.0,Eastern,1133.7,3966.0,High,-78.8765926949,36.0360299243,High
25349,4709,Jackson,73,41919.0,Western,87.8,1864.6,High,-83.1408496187,35.2875866253,High
25326,2158,Currituck,73,29385.0,Coastal,107.3,1344.3,High,-75.936949201,36.3672994836,High
25315,6900,Carteret,73,69039.0,Coastal,133.3,1912.1,High,-76.5357430669,34.8612598084,High
25385,10399,Surry,73,70573.0,Northern,134.0,1507.5,High,-80.6880779273,36.4148205561,High
25309,13666,Brunswick,73,144821.0,Coastal,160.8,1537.1,High,-78.2274071617,34.0388755841,High
25368,1381,Pamlico,73,12215.0,Coastal,36.5,2321.5,High,-76.6694598427,35.151021226,High
25348,24780,Iredell,73,192986.0,Northern,325.0,1866.4,High,-80.8734378255,35.8070259189,High
25351,1103,Jones,73,9076.0,Coastal,19.5,0.0,High,-77.3551679748,35.0217248029,High
25334,8520,Franklin,73,70655.0,Eastern,139.4,1314.6,High,-78.2856965824,36.0827733527,High
25327,3209,Dare,73,37817.0,Coastal,96.3,1872.9,High,-75.6852333134,35.664936694,High
25347,754,Hyde,73,4595.0,Coastal,7.5,0.0,High,-76.1449651093,35.4081187361,High
25392,2042,Warren,73,18621.0,Eastern,43.4,2235.0,High,-78.1067171324,36.3965102811,High
25363,13489,Nash,73,96101.0,Coastal,175.7,1838.5,High,-77.9864448378,35.9672502839,High
25371,1281,Perquimans,73,13049.0,Coastal,52.6,684.8,High,-76.4076199893,36.1772228503,High
25337,1092,Graham,73,7935.0,Western,27.5,8085.4,High,-83.833581803,35.350171951,High
25307,2169,Bertie,73,17302.0,Coastal,25.7,1594.6,High,-76.9667121404,36.0656302022,High
25335,33993,Gaston,73,233387.0,Central,640.7,2912.4,High,-81.1802416273,35.2943489527,High
25342,15813,Harnett,73,134986.0,Eastern,224.5,2172.6,High,-78.8694125204,35.3686291614,High
25393,1361,Washington,73,10708.0,Coastal,31.8,1746.8,High,-76.5693098876,35.8392646425,High
25317,24669,Catawba,73,162841.0,Northern,400.2,2802.5,High,-81.2150705598,35.662042354,High
25373,25706,Pitt,73,173536.0,Coastal,261.0,2238.9,High,-77.3744965519,35.5932989746,High
25302,1336,Alleghany,73,11057.0,Northern,46.4,697.2,High,-81.1278593427,36.4912704378,High
25340,58331,Guilford,73,545484.0,Northern,838.0,3371.1,High,-79.7889042685,36.0794717315,High
25338,7017,Granville,73,60720.0,Eastern,114.6,1466.3,High,-78.6527194252,36.3040698262,High
25376,6308,Richmond,73,43006.0,Eastern,90.7,5508.4,High,-79.7477780226,35.0060483545,High
25321,1285,Clay,73,11238.0,Western,51.6,2288.34,High,-83.7501767115,35.0571811284,High
25332,6764,Edgecombe,73,48604.0,Coastal,96.7,2366.3,High,-77.5970588882,35.912880671,High
25364,25581,New Hanover,73,230423.0,Coastal,1174.0,2612.3,High,-77.865597569,34.1815553357,High
25330,8613,Duplin,73,48249.0,Coastal,59.8,2911.6,High,-77.9330277459,34.9365348363,High
25396,9165,Wilkes,73,65151.0,Northern,87.5,1887.3,High,-81.1633856618,36.2062757623,High
25344,13136,Henderson,73,117429.0,Western,311.8,2039.7,High,-82.4799463782,35.3362263031,High
25355,4019,Macon,73,37041.0,Western,71.8,2077.4,High,-83.4221767088,35.1504672096,High
25388,465,Tyrrell,73,3315.0,Coastal,8.3,957.2,High,-76.1704523585,35.8694070017,High
25305,2406,Avery,73,17347.0,Western,72.0,1003.4,High,-81.9226013745,36.0766050343,High
25324,12045,Craven,73,102568.0,Coastal,142.5,2112.3,High,-77.082003837,35.117685821,High
25311,13175,Burke,73,88398.0,Western,173.0,1836.1,High,-81.7047784739,35.7496106399,High
25312,28902,Cabarrus,73,232873.0,Central,625.1,1374.8,High,-80.5518508851,35.3867940405,High
25378,9945,Rockingham,73,90457.0,Northern,161.0,2130.4,High,-79.7749871967,36.3960127906,High
25394,5817,Watauga,73,54804.0,Northern,173.1,1191.8,High,-81.6964250718,36.2311062795,High
25370,7591,Pender,73,62250.0,Coastal,69.1,1461.9,High,-77.8884355846,34.5150997489,High
25316,2660,Caswell,73,22400.0,Eastern,53.5,317.5,High,-79.3335234769,36.3932742158,High
25345,2462,Hertford,73,20374.0,Coastal,61.0,2281.6,High,-76.9807147831,36.3586360305,High
25329,5325,Davie,73,43127.0,Northern,162.0,1665.25,High,-80.5444636482,35.929110866,High
25360,1764,Mitchell,73,14783.0,Western,67.4,458.42,High,-82.1635815487,36.0132038869,High
25356,2245,Madison,73,21146.0,Western,47.1,1247.6,High,-82.7057582627,35.8580358086,High
25339,2967,Greene,73,19978.0,Coastal,76.7,1640.3,High,-77.6757626742,35.4849957203,High
25336,893,Gates,73,10324.0,Coastal,30.8,750.9,High,-76.7005266521,36.4449435708,High
25377,22710,Robeson,73,115899.0,Coastal,123.0,5137.4,High,-79.1038649277,34.6402420514,High
25357,3079,Martin,73,21503.0,Coastal,48.3,2717.4,High,-77.109232267,35.843213981,High
25323,9180,Columbus,73,49795.0,Coastal,54.0,2887.71,High,-78.6550308717,34.2656450828,High
25313,11483,Caldwell,73,81319.0,Northern,170.9,2504.8,High,-81.5464366451,35.9530379334,High
25379,23271,Rowan,73,148565.0,Northern,287.1,2292.8,High,-80.5247717485,35.6394734632,High
25374,1959,Polk,73,19461.0,Western,81.3,1596.5,High,-82.1696779265,35.2792789622,High
25367,10394,Orange,73,148331.0,Eastern,374.0,1991.9,High,-79.120649356,36.0611182361,High
25310,23387,Buncombe,73,271638.0,Western,410.4,3012.8,High,-82.5301070587,35.611177887,High
25319,3906,Cherokee,73,28738.0,Western,63.2,3613.3,High,-84.063444228,35.1338574515,High
25346,6349,Hoke,73,53783.0,Eastern,133.5,2028.14,High,-79.237290715,35.0175290075,High
25380,9452,Rutherford,73,63870.0,Western,114.0,2009.9,High,-81.9198334642,35.4025956291,High
25375,18387,Randolph,73,143325.0,Northern,184.3,1615.5,High,-79.8060069064,35.7103417044,High
25333,45059,Forsyth,73,387703.0,Northern,938.1,4129.5,High,-80.256300016,36.1306195485,High
25303,3277,Anson,73,22028.0,Central,41.5,2802.1,High,-80.102712026,34.9737894417,High
25322,15311,Cleveland,73,99332.0,Western,214.4,2001.7,High,-81.5555471412,35.3341018022,High
25314,859,Camden,73,10537.0,Coastal,43.1,793.0,High,-76.1609504039,36.3411216216,High
25354,12772,Lincoln,73,88742.0,Central,293.4,1745.2,High,-81.2235326264,35.4855950234,High
25361,4008,Montgomery,73,25485.0,Eastern,52.4,2480.1,High,-79.9054790812,35.332466935,High
25306,5870,Beaufort,73,44150.0,Coastal,53.6,2157.95,High,-76.8453144055,35.486983815,High
25372,4322,Person,73,39048.0,Eastern,99.7,1862.8,High,-78.9718051426,36.3900951244,High
25358,7102,McDowell,73,44151.0,Western,101.3,2610.9,High,-82.0493124426,35.6816924709,High
25398,5188,Yadkin,73,36925.0,Northern,111.1,1820.8,High,-80.6652439331,36.1605336919,High
25353,8032,Lenoir,73,54323.0,Coastal,138.1,3246.04,High,-77.6412486292,35.2387731611,High
25395,13918,Wayne,73,115895.0,Coastal,211.8,2813.0,High,-78.0039971272,35.3639599672,High
25369,4123,Pasquotank,73,40966.0,Coastal,178.8,2078.8,High,-76.2492413613,36.2650187228,High
25359,140746,Mecklenburg,73,1128426.0,Central,2130.4,3736.1,High,-80.8327311406,35.2467670437,High
25497,11633,Wilson,74,79078.0,Coastal,214.3,2386.9,High,-77.9186629547,35.7051457145,High
25413,11483,Caldwell,74,81319.0,Northern,170.9,2504.8,High,-81.5464366451,35.9530379334,High
25475,18387,Randolph,74,143325.0,Northern,184.3,1615.5,High,-79.8060069064,35.7103417044,High
25449,4709,Jackson,74,41919.0,Western,87.8,1864.6,High,-83.1408496187,35.2875866253,High
25428,22146,Davidson,74,171752.0,Northern,305.4,1757.8,High,-80.2127487756,35.7933524917,High
25422,15311,Cleveland,74,99332.0,Western,214.4,2001.7,High,-81.5555471412,35.3341018022,High
25457,3079,Martin,74,21503.0,Coastal,48.3,2717.4,High,-77.109232267,35.843213981,High
25419,3906,Cherokee,74,28738.0,Western,63.2,3613.3,High,-84.063444228,35.1338574515,High
25486,1609,Swain,74,14046.0,Western,26.8,3517.8,High,-83.4927393736,35.4868150519,High
25439,2967,Greene,74,19978.0,Coastal,76.7,1640.3,High,-77.6757626742,35.4849957203,High
25470,7591,Pender,74,62250.0,Coastal,69.1,1461.9,High,-77.8884355846,34.5150997489,High
25459,140746,Mecklenburg,74,1128426.0,Central,2130.4,3736.1,High,-80.8327311406,35.2467670437,High
25433,45059,Forsyth,74,387703.0,Northern,938.1,4129.5,High,-80.256300016,36.1306195485,High
25491,116764,Wake,74,1154170.0,Eastern,1353.3,1846.0,High,-78.6503081729,35.7902443741,High
25438,7017,Granville,74,60720.0,Eastern,114.6,1466.3,High,-78.6527194252,36.3040698262,High
25407,2169,Bertie,74,17302.0,Coastal,25.7,1594.6,High,-76.9667121404,36.0656302022,High
25471,1281,Perquimans,74,13049.0,Coastal,52.6,684.8,High,-76.4076199893,36.1772228503,High
25434,8520,Franklin,74,70655.0,Eastern,139.4,1314.6,High,-78.2856965824,36.0827733527,High
25474,1959,Polk,74,19461.0,Western,81.3,1596.5,High,-82.1696779265,35.2792789622,High
25458,7102,McDowell,74,44151.0,Western,101.3,2610.9,High,-82.0493124426,35.6816924709,High
25476,6308,Richmond,74,43006.0,Eastern,90.7,5508.4,High,-79.7477780226,35.0060483545,High
25448,24780,Iredell,74,192986.0,Northern,325.0,1866.4,High,-80.8734378255,35.8070259189,High
25485,10399,Surry,74,70573.0,Northern,134.0,1507.5,High,-80.6880779273,36.4148205561,High
25464,25581,New Hanover,74,230423.0,Coastal,1174.0,2612.3,High,-77.865597569,34.1815553357,High
25415,6900,Carteret,74,69039.0,Coastal,133.3,1912.1,High,-76.5357430669,34.8612598084,High
25443,6020,Haywood,74,62831.0,Western,112.2,3591.8,High,-82.9821729698,35.5560557128,High
25400,22767,Alamance,74,175029.0,Northern,404.8,3065.6,High,-79.3994248175,36.0437098766,High
25412,28902,Cabarrus,74,232873.0,Central,625.1,1374.8,High,-80.5518508851,35.3867940405,High
25495,13918,Wayne,74,115895.0,Coastal,211.8,2813.0,High,-78.0039971272,35.3639599672,High
25466,23624,Onslow,74,207928.0,Coastal,268.4,2191.23,High,-77.4157658244,34.709836363,High
25402,1336,Alleghany,74,11057.0,Northern,46.4,697.2,High,-81.1278593427,36.4912704378,High
25441,6859,Halifax,74,47859.0,Coastal,67.2,2754.7,High,-77.6517329831,36.2574485453,High
25484,5206,Stokes,74,44422.0,Northern,99.1,2146.85,High,-80.2395157151,36.4019040049,High
25424,12045,Craven,74,102568.0,Coastal,142.5,2112.3,High,-77.082003837,35.117685821,High
25479,23271,Rowan,74,148565.0,Northern,287.1,2292.8,High,-80.5247717485,35.6394734632,High
25469,4123,Pasquotank,74,40966.0,Coastal,178.8,2078.8,High,-76.2492413613,36.2650187228,High
25451,1103,Jones,74,9076.0,Coastal,19.5,0.0,High,-77.3551679748,35.0217248029,High
25498,5188,Yadkin,74,36925.0,Northern,111.1,1820.8,High,-80.6652439331,36.1605336919,High
25454,12772,Lincoln,74,88742.0,Central,293.4,1745.2,High,-81.2235326264,35.4855950234,High
25492,2042,Warren,74,18621.0,Eastern,43.4,2235.0,High,-78.1067171324,36.3965102811,High
25409,13666,Brunswick,74,144821.0,Coastal,160.8,1537.1,High,-78.2274071617,34.0388755841,High
25403,3277,Anson,74,22028.0,Central,41.5,2802.1,High,-80.102712026,34.9737894417,High
25482,5008,Scotland,74,33662.0,Eastern,107.1,3528.0,High,-79.4804292418,34.8408848102,High
25426,2158,Currituck,74,29385.0,Coastal,107.3,1344.3,High,-75.936949201,36.3672994836,High
25499,2386,Yancey,74,18320.0,Western,59.1,557.0,High,-82.3076279784,35.8989479924,High
25410,23387,Buncombe,74,271638.0,Western,410.4,3012.8,High,-82.5301070587,35.611177887,High
25452,8164,Lee,74,64360.0,Eastern,248.1,1631.1,High,-79.1714836119,35.4751864248,High
25493,1361,Washington,74,10708.0,Coastal,31.8,1746.8,High,-76.5693098876,35.8392646425,High
25481,10071,Sampson,74,58371.0,Coastal,62.4,2241.9,High,-78.3713906105,34.9915361594,High
25461,4008,Montgomery,74,25485.0,Eastern,52.4,2480.1,High,-79.9054790812,35.332466935,High
25414,859,Camden,74,10537.0,Coastal,43.1,793.0,High,-76.1609504039,36.3411216216,High
25472,4322,Person,74,39048.0,Eastern,99.7,1862.8,High,-78.9718051426,36.3900951244,High
25465,2222,Northampton,74,16953.0,Eastern,32.6,2092.6,High,-77.3968212099,36.4177312434,High
25453,8032,Lenoir,74,54323.0,Coastal,138.1,3246.04,High,-77.6412486292,35.2387731611,High
25425,39208,Cumberland,74,341793.0,Eastern,512.9,3748.5,High,-78.8275607671,35.048611942,High
25463,13489,Nash,74,96101.0,Coastal,175.7,1838.5,High,-77.9864448378,35.9672502839,High
25431,31811,Durham,74,331347.0,Eastern,1133.7,3966.0,High,-78.8765926949,36.0360299243,High
25440,58331,Guilford,74,545484.0,Northern,838.0,3371.1,High,-79.7889042685,36.0794717315,High
25462,11824,Moore,74,102966.0,Eastern,142.9,1617.3,High,-79.4813744392,35.3106538555,High
25427,3209,Dare,74,37817.0,Coastal,96.3,1872.9,High,-75.6852333134,35.664936694,High
25423,9180,Columbus,74,49795.0,Coastal,54.0,2887.71,High,-78.6550308717,34.2656450828,High
25404,2891,Ashe,74,26506.0,Northern,62.3,1123.1,High,-81.5005211955,36.434424701,High
25477,22710,Robeson,74,115899.0,Coastal,123.0,5137.4,High,-79.1038649277,34.6402420514,High
25436,893,Gates,74,10324.0,Coastal,30.8,750.9,High,-76.7005266521,36.4449435708,High
25456,2245,Madison,74,21146.0,Western,47.1,1247.6,High,-82.7057582627,35.8580358086,High
25401,5622,Alexander,74,36172.0,Northern,140.2,1440.7,High,-81.1770268506,35.9210263138,High
25420,1893,Chowan,74,13646.0,Coastal,79.4,1402.6,High,-76.6021303656,36.1265615389,High
25494,5817,Watauga,74,54804.0,Northern,173.1,1191.8,High,-81.6964250718,36.2311062795,High
25478,9945,Rockingham,74,90457.0,Northern,161.0,2130.4,High,-79.7749871967,36.3960127906,High
25408,4970,Bladen,74,29171.0,Coastal,33.8,2578.5,High,-78.5636493115,34.6145873342,High
25442,15813,Harnett,74,134986.0,Eastern,224.5,2172.6,High,-78.8694125204,35.3686291614,High
25411,13175,Burke,74,88398.0,Western,173.0,1836.1,High,-81.7047784739,35.7496106399,High
25460,1764,Mitchell,74,14783.0,Western,67.4,458.42,High,-82.1635815487,36.0132038869,High
25455,4019,Macon,74,37041.0,Western,71.8,2077.4,High,-83.4221767088,35.1504672096,High
25496,9165,Wilkes,74,65151.0,Northern,87.5,1887.3,High,-81.1633856618,36.2062757623,High
25450,28690,Johnston,74,224833.0,Coastal,272.7,1547.3,High,-78.3657109025,35.5178069265,High
25421,1285,Clay,74,11238.0,Western,51.6,2288.34,High,-83.7501767115,35.0571811284,High
25432,6764,Edgecombe,74,48604.0,Coastal,96.7,2366.3,High,-77.5970588882,35.912880671,High
25418,6055,Chatham,74,77095.0,Eastern,111.9,1456.0,High,-79.2552758614,35.7025721296,High
25483,9953,Stanly,74,62143.0,Central,158.2,2425.2,High,-80.2509863077,35.3119550622,High
25473,25706,Pitt,74,173536.0,Coastal,261.0,2238.9,High,-77.3744965519,35.5932989746,High
25437,1092,Graham,74,7935.0,Western,27.5,8085.4,High,-83.833581803,35.350171951,High
25468,1381,Pamlico,74,12215.0,Coastal,36.5,2321.5,High,-76.6694598427,35.151021226,High
25416,2660,Caswell,74,22400.0,Eastern,53.5,317.5,High,-79.3335234769,36.3932742158,High
25480,9452,Rutherford,74,63870.0,Western,114.0,2009.9,High,-81.9198334642,35.4025956291,High
25489,31458,Union,74,244960.0,Central,376.6,1582.3,High,-80.5307400446,34.9883574887,High
25488,465,Tyrrell,74,3315.0,Coastal,8.3,957.2,High,-76.1704523585,35.8694070017,High
25435,33993,Gaston,74,233387.0,Central,640.7,2912.4,High,-81.1802416273,35.2943489527,High
25446,6349,Hoke,74,53783.0,Eastern,133.5,2028.14,High,-79.237290715,35.0175290075,High
25406,5870,Beaufort,74,44150.0,Coastal,53.6,2157.95,High,-76.8453144055,35.486983815,High
25447,754,Hyde,74,4595.0,Coastal,7.5,0.0,High,-76.1449651093,35.4081187361,High
25430,8613,Duplin,74,48249.0,Coastal,59.8,2911.6,High,-77.9330277459,34.9365348363,High
25487,3302,Transylvania,74,32825.0,Western,87.2,978.5,High,-82.7983001279,35.2021778635,High
25490,5735,Vance,74,41665.0,Eastern,168.7,3584.5,High,-78.4079288849,36.3649169333,High
25444,13136,Henderson,74,117429.0,Western,311.8,2039.7,High,-82.4799463782,35.3362263031,High
25445,2462,Hertford,74,20374.0,Coastal,61.0,2281.6,High,-76.9807147831,36.3586360305,High
25417,24669,Catawba,74,162841.0,Northern,400.2,2802.5,High,-81.2150705598,35.662042354,High
25429,5325,Davie,74,43127.0,Northern,162.0,1665.25,High,-80.5444636482,35.929110866,High
25405,2406,Avery,74,17347.0,Western,72.0,1003.4,High,-81.9226013745,36.0766050343,High
25467,10394,Orange,74,148331.0,Eastern,374.0,1991.9,High,-79.120649356,36.0611182361,High
25510,23842,Buncombe,75,271638.0,Western,410.4,3012.8,High,-82.5301070587,35.611177887,High
25543,6161,Haywood,75,62831.0,Western,112.2,3591.8,High,-82.9821729698,35.5560557128,High
25575,18765,Randolph,75,143325.0,Northern,184.3,1615.5,High,-79.8060069064,35.7103417044,High
25585,10577,Surry,75,70573.0,Northern,134.0,1507.5,High,-80.6880779273,36.4148205561,High
25580,9723,Rutherford,75,63870.0,Western,114.0,2009.9,High,-81.9198334642,35.4025956291,High
25595,14176,Wayne,75,115895.0,Coastal,211.8,2813.0,High,-78.0039971272,35.3639599672,High
25522,15711,Cleveland,75,99332.0,Western,214.4,2001.7,High,-81.5555471412,35.3341018022,High
25533,45776,Forsyth,75,387703.0,Northern,938.1,4129.5,High,-80.256300016,36.1306195485,High
25593,1382,Washington,75,10708.0,Coastal,31.8,1746.8,High,-76.5693098876,35.8392646425,High
25503,3387,Anson,75,22028.0,Central,41.5,2802.1,High,-80.102712026,34.9737894417,High
25517,25165,Catawba,75,162841.0,Northern,400.2,2802.5,High,-81.2150705598,35.662042354,High
25519,4045,Cherokee,75,28738.0,Western,63.2,3613.3,High,-84.063444228,35.1338574515,High
25507,2217,Bertie,75,17302.0,Coastal,25.7,1594.6,High,-76.9667121404,36.0656302022,High
25553,8312,Lenoir,75,54323.0,Coastal,138.1,3246.04,High,-77.6412486292,35.2387731611,High
25506,6054,Beaufort,75,44150.0,Coastal,53.6,2157.95,High,-76.8453144055,35.486983815,High
25559,142727,Mecklenburg,75,1128426.0,Central,2130.4,3736.1,High,-80.8327311406,35.2467670437,High
25541,6971,Halifax,75,47859.0,Coastal,67.2,2754.7,High,-77.6517329831,36.2574485453,High
25538,7104,Granville,75,60720.0,Eastern,114.6,1466.3,High,-78.6527194252,36.3040698262,High
25594,5911,Watauga,75,54804.0,Northern,173.1,1191.8,High,-81.6964250718,36.2311062795,High
25525,39754,Cumberland,75,341793.0,Eastern,512.9,3748.5,High,-78.8275607671,35.048611942,High
25500,23168,Alamance,75,175029.0,Northern,404.8,3065.6,High,-79.3994248175,36.0437098766,High
25570,7851,Pender,75,62250.0,Coastal,69.1,1461.9,High,-77.8884355846,34.5150997489,High
25591,118147,Wake,75,1154170.0,Eastern,1353.3,1846.0,High,-78.6503081729,35.7902443741,High
25567,10593,Orange,75,148331.0,Eastern,374.0,1991.9,High,-79.120649356,36.0611182361,High
25598,5273,Yadkin,75,36925.0,Northern,111.1,1820.8,High,-80.6652439331,36.1605336919,High
25576,6450,Richmond,75,43006.0,Eastern,90.7,5508.4,High,-79.7477780226,35.0060483545,High
25554,13016,Lincoln,75,88742.0,Central,293.4,1745.2,High,-81.2235326264,35.4855950234,High
25516,2754,Caswell,75,22400.0,Eastern,53.5,317.5,High,-79.3335234769,36.3932742158,High
25529,5441,Davie,75,43127.0,Northern,162.0,1665.25,High,-80.5444636482,35.929110866,High
25511,13564,Burke,75,88398.0,Western,173.0,1836.1,High,-81.7047784739,35.7496106399,High
25556,2323,Madison,75,21146.0,Western,47.1,1247.6,High,-82.7057582627,35.8580358086,High
25555,4134,Macon,75,37041.0,Western,71.8,2077.4,High,-83.4221767088,35.1504672096,High
25536,908,Gates,75,10324.0,Coastal,30.8,750.9,High,-76.7005266521,36.4449435708,High
25544,13346,Henderson,75,117429.0,Western,311.8,2039.7,High,-82.4799463782,35.3362263031,High
25577,23021,Robeson,75,115899.0,Coastal,123.0,5137.4,High,-79.1038649277,34.6402420514,High
25532,6945,Edgecombe,75,48604.0,Coastal,96.7,2366.3,High,-77.5970588882,35.912880671,High
25523,9315,Columbus,75,49795.0,Coastal,54.0,2887.71,High,-78.6550308717,34.2656450828,High
25557,3175,Martin,75,21503.0,Coastal,48.3,2717.4,High,-77.109232267,35.843213981,High
25530,8811,Duplin,75,48249.0,Coastal,59.8,2911.6,High,-77.9330277459,34.9365348363,High
25558,7313,McDowell,75,44151.0,Western,101.3,2610.9,High,-82.0493124426,35.6816924709,High
25540,59248,Guilford,75,545484.0,Northern,838.0,3371.1,High,-79.7889042685,36.0794717315,High
25512,29453,Cabarrus,75,232873.0,Central,625.1,1374.8,High,-80.5518508851,35.3867940405,High
25524,12350,Craven,75,102568.0,Coastal,142.5,2112.3,High,-77.082003837,35.117685821,High
25548,25435,Iredell,75,192986.0,Northern,325.0,1866.4,High,-80.8734378255,35.8070259189,High
25579,23765,Rowan,75,148565.0,Northern,287.1,2292.8,High,-80.5247717485,35.6394734632,High
25564,26022,New Hanover,75,230423.0,Coastal,1174.0,2612.3,High,-77.865597569,34.1815553357,High
25588,475,Tyrrell,75,3315.0,Coastal,8.3,957.2,High,-76.1704523585,35.8694070017,High
25599,2443,Yancey,75,18320.0,Western,59.1,557.0,High,-82.3076279784,35.8989479924,High
25569,4232,Pasquotank,75,40966.0,Coastal,178.8,2078.8,High,-76.2492413613,36.2650187228,High
25565,2281,Northampton,75,16953.0,Eastern,32.6,2092.6,High,-77.3968212099,36.4177312434,High
25546,6435,Hoke,75,53783.0,Eastern,133.5,2028.14,High,-79.237290715,35.0175290075,High
25502,1390,Alleghany,75,11057.0,Northern,46.4,697.2,High,-81.1278593427,36.4912704378,High
25547,763,Hyde,75,4595.0,Coastal,7.5,0.0,High,-76.1449651093,35.4081187361,High
25539,3008,Greene,75,19978.0,Coastal,76.7,1640.3,High,-77.6757626742,35.4849957203,High
25574,1995,Polk,75,19461.0,Western,81.3,1596.5,High,-82.1696779265,35.2792789622,High
25513,11709,Caldwell,75,81319.0,Northern,170.9,2504.8,High,-81.5464366451,35.9530379334,High
25578,10187,Rockingham,75,90457.0,Northern,161.0,2130.4,High,-79.7749871967,36.3960127906,High
25508,5025,Bladen,75,29171.0,Coastal,33.8,2578.5,High,-78.5636493115,34.6145873342,High
25561,4094,Montgomery,75,25485.0,Eastern,52.4,2480.1,High,-79.9054790812,35.332466935,High
25568,1442,Pamlico,75,12215.0,Coastal,36.5,2321.5,High,-76.6694598427,35.151021226,High
25586,1626,Swain,75,14046.0,Western,26.8,3517.8,High,-83.4927393736,35.4868150519,High
25551,1140,Jones,75,9076.0,Coastal,19.5,0.0,High,-77.3551679748,35.0217248029,High
25514,883,Camden,75,10537.0,Coastal,43.1,793.0,High,-76.1609504039,36.3411216216,High
25526,2231,Currituck,75,29385.0,Coastal,107.3,1344.3,High,-75.936949201,36.3672994836,High
25501,5687,Alexander,75,36172.0,Northern,140.2,1440.7,High,-81.1770268506,35.9210263138,High
25549,4803,Jackson,75,41919.0,Western,87.8,1864.6,High,-83.1408496187,35.2875866253,High
25531,31811,Durham,75,331347.0,Eastern,1133.7,3966.0,High,-78.8765926949,36.0360299243,High
25573,26376,Pitt,75,173536.0,Coastal,261.0,2238.9,High,-77.3744965519,35.5932989746,High
25572,4418,Person,75,39048.0,Eastern,99.7,1862.8,High,-78.9718051426,36.3900951244,High
25583,10202,Stanly,75,62143.0,Central,158.2,2425.2,High,-80.2509863077,35.3119550622,High
25589,32147,Union,75,244960.0,Central,376.6,1582.3,High,-80.5307400446,34.9883574887,High
25537,1123,Graham,75,7935.0,Western,27.5,8085.4,High,-83.833581803,35.350171951,High
25563,13766,Nash,75,96101.0,Coastal,175.7,1838.5,High,-77.9864448378,35.9672502839,High
25518,6138,Chatham,75,77095.0,Eastern,111.9,1456.0,High,-79.2552758614,35.7025721296,High
25542,16164,Harnett,75,134986.0,Eastern,224.5,2172.6,High,-78.8694125204,35.3686291614,High
25587,3367,Transylvania,75,32825.0,Western,87.2,978.5,High,-82.7983001279,35.2021778635,High
25520,1967,Chowan,75,13646.0,Coastal,79.4,1402.6,High,-76.6021303656,36.1265615389,High
25550,29190,Johnston,75,224833.0,Coastal,272.7,1547.3,High,-78.3657109025,35.5178069265,High
25535,34709,Gaston,75,233387.0,Central,640.7,2912.4,High,-81.1802416273,35.2943489527,High
25566,24207,Onslow,75,207928.0,Coastal,268.4,2191.23,High,-77.4157658244,34.709836363,High
25534,8693,Franklin,75,70655.0,Eastern,139.4,1314.6,High,-78.2856965824,36.0827733527,High
25515,7063,Carteret,75,69039.0,Coastal,133.3,1912.1,High,-76.5357430669,34.8612598084,High
25504,2967,Ashe,75,26506.0,Northern,62.3,1123.1,High,-81.5005211955,36.434424701,High
25590,5848,Vance,75,41665.0,Eastern,168.7,3584.5,High,-78.4079288849,36.3649169333,High
25581,10179,Sampson,75,58371.0,Coastal,62.4,2241.9,High,-78.3713906105,34.9915361594,High
25528,22639,Davidson,75,171752.0,Northern,305.4,1757.8,High,-80.2127487756,35.7933524917,High
25584,5312,Stokes,75,44422.0,Northern,99.1,2146.85,High,-80.2395157151,36.4019040049,High
25597,11841,Wilson,75,79078.0,Coastal,214.3,2386.9,High,-77.9186629547,35.7051457145,High
25545,2508,Hertford,75,20374.0,Coastal,61.0,2281.6,High,-76.9807147831,36.3586360305,High
25560,1799,Mitchell,75,14783.0,Western,67.4,458.42,High,-82.1635815487,36.0132038869,High
25571,1321,Perquimans,75,13049.0,Coastal,52.6,684.8,High,-76.4076199893,36.1772228503,High
25552,8349,Lee,75,64360.0,Eastern,248.1,1631.1,High,-79.1714836119,35.4751864248,High
25505,2435,Avery,75,17347.0,Western,72.0,1003.4,High,-81.9226013745,36.0766050343,High
25582,5093,Scotland,75,33662.0,Eastern,107.1,3528.0,High,-79.4804292418,34.8408848102,High
25562,12057,Moore,75,102966.0,Eastern,142.9,1617.3,High,-79.4813744392,35.3106538555,High
25596,9352,Wilkes,75,65151.0,Northern,87.5,1887.3,High,-81.1633856618,36.2062757623,High
25592,2082,Warren,75,18621.0,Eastern,43.4,2235.0,High,-78.1067171324,36.3965102811,High
25521,1349,Clay,75,11238.0,Western,51.6,2288.34,High,-83.7501767115,35.0571811284,High
25527,3336,Dare,75,37817.0,Coastal,96.3,1872.9,High,-75.6852333134,35.664936694,High
25509,13950,Brunswick,75,144821.0,Coastal,160.8,1537.1,High,-78.2274071617,34.0388755841,High
25617,25282,Catawba,76,162841.0,Northern,400.2,2802.5,High,-81.2150705598,35.662042354,High
25678,10226,Rockingham,76,90457.0,Northern,161.0,2130.4,High,-79.7749871967,36.3960127906,High
25699,2456,Yancey,76,18320.0,Western,59.1,557.0,High,-82.3076279784,35.8989479924,High
25684,5329,Stokes,76,44422.0,Northern,99.1,2146.85,High,-80.2395157151,36.4019040049,High
25687,3387,Transylvania,76,32825.0,Western,87.2,978.5,High,-82.7983001279,35.2021778635,High
25604,2980,Ashe,76,26506.0,Northern,62.3,1123.1,High,-81.5005211955,36.434424701,High
25640,59393,Guilford,76,545484.0,Northern,838.0,3371.1,High,-79.7889042685,36.0794717315,High
25630,8842,Duplin,76,48249.0,Coastal,59.8,2911.6,High,-77.9330277459,34.9365348363,High
25632,6982,Edgecombe,76,48604.0,Coastal,96.7,2366.3,High,-77.5970588882,35.912880671,High
25611,13624,Burke,76,88398.0,Western,173.0,1836.1,High,-81.7047784739,35.7496106399,High
25655,4200,Macon,76,37041.0,Western,71.8,2077.4,High,-83.4221767088,35.1504672096,High
25644,13393,Henderson,76,117429.0,Western,311.8,2039.7,High,-82.4799463782,35.3362263031,High
25649,4871,Jackson,76,41919.0,Western,87.8,1864.6,High,-83.1408496187,35.2875866253,High
25608,5041,Bladen,76,29171.0,Coastal,33.8,2578.5,High,-78.5636493115,34.6145873342,High
25642,16269,Harnett,76,134986.0,Eastern,224.5,2172.6,High,-78.8694125204,35.3686291614,High
25665,2286,Northampton,76,16953.0,Eastern,32.6,2092.6,High,-77.3968212099,36.4177312434,High
25679,23848,Rowan,76,148565.0,Northern,287.1,2292.8,High,-80.5247717485,35.6394734632,High
25690,5872,Vance,76,41665.0,Eastern,168.7,3584.5,High,-78.4079288849,36.3649169333,High
25625,39868,Cumberland,76,341793.0,Eastern,512.9,3748.5,High,-78.8275607671,35.048611942,High
25691,118769,Wake,76,1154170.0,Eastern,1353.3,1846.0,High,-78.6503081729,35.7902443741,High
25681,10194,Sampson,76,58371.0,Coastal,62.4,2241.9,High,-78.3713906105,34.9915361594,High
25641,6986,Halifax,76,47859.0,Coastal,67.2,2754.7,High,-77.6517329831,36.2574485453,High
25652,8369,Lee,76,64360.0,Eastern,248.1,1631.1,High,-79.1714836119,35.4751864248,High
25606,6089,Beaufort,76,44150.0,Coastal,53.6,2157.95,High,-76.8453144055,35.486983815,High
25682,5112,Scotland,76,33662.0,Eastern,107.1,3528.0,High,-79.4804292418,34.8408848102,High
25653,8362,Lenoir,76,54323.0,Coastal,138.1,3246.04,High,-77.6412486292,35.2387731611,High
25609,14011,Brunswick,76,144821.0,Coastal,160.8,1537.1,High,-78.2274071617,34.0388755841,High
25692,2085,Warren,76,18621.0,Eastern,43.4,2235.0,High,-78.1067171324,36.3965102811,High
25685,10631,Surry,76,70573.0,Northern,134.0,1507.5,High,-80.6880779273,36.4148205561,High
25693,1385,Washington,76,10708.0,Coastal,31.8,1746.8,High,-76.5693098876,35.8392646425,High
25668,1450,Pamlico,76,12215.0,Coastal,36.5,2321.5,High,-76.6694598427,35.151021226,High
25610,23928,Buncombe,76,271638.0,Western,410.4,3012.8,High,-82.5301070587,35.611177887,High
25680,9756,Rutherford,76,63870.0,Western,114.0,2009.9,High,-81.9198334642,35.4025956291,High
25603,3403,Anson,76,22028.0,Central,41.5,2802.1,High,-80.102712026,34.9737894417,High
25651,1133,Jones,76,9076.0,Coastal,19.5,0.0,High,-77.3551679748,35.0217248029,High
25698,5301,Yadkin,76,36925.0,Northern,111.1,1820.8,High,-80.6652439331,36.1605336919,High
25626,2237,Currituck,76,29385.0,Coastal,107.3,1344.3,High,-75.936949201,36.3672994836,High
25631,32055,Durham,76,331347.0,Eastern,1133.7,3966.0,High,-78.8765926949,36.0360299243,High
25654,13062,Lincoln,76,88742.0,Central,293.4,1745.2,High,-81.2235326264,35.4855950234,High
25683,10251,Stanly,76,62143.0,Central,158.2,2425.2,High,-80.2509863077,35.3119550622,High
25618,6150,Chatham,76,77095.0,Eastern,111.9,1456.0,High,-79.2552758614,35.7025721296,High
25669,4244,Pasquotank,76,40966.0,Coastal,178.8,2078.8,High,-76.2492413613,36.2650187228,High
25666,24275,Onslow,76,207928.0,Coastal,268.4,2191.23,High,-77.4157658244,34.709836363,High
25650,29236,Johnston,76,224833.0,Coastal,272.7,1547.3,High,-78.3657109025,35.5178069265,High
25624,12390,Craven,76,102568.0,Coastal,142.5,2112.3,High,-77.082003837,35.117685821,High
25646,6451,Hoke,76,53783.0,Eastern,133.5,2028.14,High,-79.237290715,35.0175290075,High
25656,2341,Madison,76,21146.0,Western,47.1,1247.6,High,-82.7057582627,35.8580358086,High
25616,2757,Caswell,76,22400.0,Eastern,53.5,317.5,High,-79.3335234769,36.3932742158,High
25628,22751,Davidson,76,171752.0,Northern,305.4,1757.8,High,-80.2127487756,35.7933524917,High
25645,2512,Hertford,76,20374.0,Coastal,61.0,2281.6,High,-76.9807147831,36.3586360305,High
25633,45966,Forsyth,76,387703.0,Northern,938.1,4129.5,High,-80.256300016,36.1306195485,High
25674,2006,Polk,76,19461.0,Western,81.3,1596.5,High,-82.1696779265,35.2792789622,High
25670,7876,Pender,76,62250.0,Coastal,69.1,1461.9,High,-77.8884355846,34.5150997489,High
25613,11768,Caldwell,76,81319.0,Northern,170.9,2504.8,High,-81.5464366451,35.9530379334,High
25659,143083,Mecklenburg,76,1128426.0,Central,2130.4,3736.1,High,-80.8327311406,35.2467670437,High
25660,1807,Mitchell,76,14783.0,Western,67.4,458.42,High,-82.1635815487,36.0132038869,High
25638,7120,Granville,76,60720.0,Eastern,114.6,1466.3,High,-78.6527194252,36.3040698262,High
25667,10614,Orange,76,148331.0,Eastern,374.0,1991.9,High,-79.120649356,36.0611182361,High
25622,15789,Cleveland,76,99332.0,Western,214.4,2001.7,High,-81.5555471412,35.3341018022,High
25675,18814,Randolph,76,143325.0,Northern,184.3,1615.5,High,-79.8060069064,35.7103417044,High
25643,6209,Haywood,76,62831.0,Western,112.2,3591.8,High,-82.9821729698,35.5560557128,High
25695,14219,Wayne,76,115895.0,Coastal,211.8,2813.0,High,-78.0039971272,35.3639599672,High
25658,7348,McDowell,76,44151.0,Western,101.3,2610.9,High,-82.0493124426,35.6816924709,High
25607,2220,Bertie,76,17302.0,Coastal,25.7,1594.6,High,-76.9667121404,36.0656302022,High
25619,4068,Cherokee,76,28738.0,Western,63.2,3613.3,High,-84.063444228,35.1338574515,High
25647,764,Hyde,76,4595.0,Coastal,7.5,0.0,High,-76.1449651093,35.4081187361,High
25605,2437,Avery,76,17347.0,Western,72.0,1003.4,High,-81.9226013745,36.0766050343,High
25621,1356,Clay,76,11238.0,Western,51.6,2288.34,High,-83.7501767115,35.0571811284,High
25697,11887,Wilson,76,79078.0,Coastal,214.3,2386.9,High,-77.9186629547,35.7051457145,High
25671,1326,Perquimans,76,13049.0,Coastal,52.6,684.8,High,-76.4076199893,36.1772228503,High
25634,8709,Franklin,76,70655.0,Eastern,139.4,1314.6,High,-78.2856965824,36.0827733527,High
25615,7110,Carteret,76,69039.0,Coastal,133.3,1912.1,High,-76.5357430669,34.8612598084,High
25689,32308,Union,76,244960.0,Central,376.6,1582.3,High,-80.5307400446,34.9883574887,High
25601,5705,Alexander,76,36172.0,Northern,140.2,1440.7,High,-81.1770268506,35.9210263138,High
25637,1142,Graham,76,7935.0,Western,27.5,8085.4,High,-83.833581803,35.350171951,High
25696,9385,Wilkes,76,65151.0,Northern,87.5,1887.3,High,-81.1633856618,36.2062757623,High
25662,12094,Moore,76,102966.0,Eastern,142.9,1617.3,High,-79.4813744392,35.3106538555,High
25620,1986,Chowan,76,13646.0,Coastal,79.4,1402.6,High,-76.6021303656,36.1265615389,High
25663,13798,Nash,76,96101.0,Coastal,175.7,1838.5,High,-77.9864448378,35.9672502839,High
25672,4442,Person,76,39048.0,Eastern,99.7,1862.8,High,-78.9718051426,36.3900951244,High
25614,886,Camden,76,10537.0,Coastal,43.1,793.0,High,-76.1609504039,36.3411216216,High
25686,1650,Swain,76,14046.0,Western,26.8,3517.8,High,-83.4927393736,35.4868150519,High
25661,4097,Montgomery,76,25485.0,Eastern,52.4,2480.1,High,-79.9054790812,35.332466935,High
25673,26461,Pitt,76,173536.0,Coastal,261.0,2238.9,High,-77.3744965519,35.5932989746,High
25635,34858,Gaston,76,233387.0,Central,640.7,2912.4,High,-81.1802416273,35.2943489527,High
25600,23234,Alamance,76,175029.0,Northern,404.8,3065.6,High,-79.3994248175,36.0437098766,High
25627,3350,Dare,76,37817.0,Coastal,96.3,1872.9,High,-75.6852333134,35.664936694,High
25623,9321,Columbus,76,49795.0,Coastal,54.0,2887.71,High,-78.6550308717,34.2656450828,High
25648,25566,Iredell,76,192986.0,Northern,325.0,1866.4,High,-80.8734378255,35.8070259189,High
25664,26099,New Hanover,76,230423.0,Coastal,1174.0,2612.3,High,-77.865597569,34.1815553357,High
25677,23061,Robeson,76,115899.0,Coastal,123.0,5137.4,High,-79.1038649277,34.6402420514,High
25688,476,Tyrrell,76,3315.0,Coastal,8.3,957.2,High,-76.1704523585,35.8694070017,High
25629,5487,Davie,76,43127.0,Northern,162.0,1665.25,High,-80.5444636482,35.929110866,High
25612,29546,Cabarrus,76,232873.0,Central,625.1,1374.8,High,-80.5518508851,35.3867940405,High
25636,912,Gates,76,10324.0,Coastal,30.8,750.9,High,-76.7005266521,36.4449435708,High
25639,3011,Greene,76,19978.0,Coastal,76.7,1640.3,High,-77.6757626742,35.4849957203,High
25602,1401,Alleghany,76,11057.0,Northern,46.4,697.2,High,-81.1278593427,36.4912704378,High
25657,3183,Martin,76,21503.0,Coastal,48.3,2717.4,High,-77.109232267,35.843213981,High
25694,5935,Watauga,76,54804.0,Northern,173.1,1191.8,High,-81.6964250718,36.2311062795,High
25676,6470,Richmond,76,43006.0,Eastern,90.7,5508.4,High,-79.7477780226,35.0060483545,High
25761,4130,Montgomery,77,25485.0,Eastern,52.4,2480.1,High,-79.9054790812,35.332466935,High
25777,23210,Robeson,77,115899.0,Coastal,123.0,5137.4,High,-79.1038649277,34.6402420514,High
25718,6167,Chatham,77,77095.0,Eastern,111.9,1456.0,High,-79.2552758614,35.7025721296,High
25783,10296,Stanly,77,62143.0,Central,158.2,2425.2,High,-80.2509863077,35.3119550622,High
25763,13875,Nash,77,96101.0,Coastal,175.7,1838.5,High,-77.9864448378,35.9672502839,High
25735,35093,Gaston,77,233387.0,Central,640.7,2912.4,High,-81.1802416273,35.2943489527,High
25772,4489,Person,77,39048.0,Eastern,99.7,1862.8,High,-78.9718051426,36.3900951244,High
25768,1465,Pamlico,77,12215.0,Coastal,36.5,2321.5,High,-76.6694598427,35.151021226,High
25731,32194,Durham,77,331347.0,Eastern,1133.7,3966.0,High,-78.8765926949,36.0360299243,High
25723,9338,Columbus,77,49795.0,Coastal,54.0,2887.71,High,-78.6550308717,34.2656450828,High
25726,2259,Currituck,77,29385.0,Coastal,107.3,1344.3,High,-75.936949201,36.3672994836,High
25714,901,Camden,77,10537.0,Coastal,43.1,793.0,High,-76.1609504039,36.3411216216,High
25732,7006,Edgecombe,77,48604.0,Coastal,96.7,2366.3,High,-77.5970588882,35.912880671,High
25736,922,Gates,77,10324.0,Coastal,30.8,750.9,High,-76.7005266521,36.4449435708,High
25751,1150,Jones,77,9076.0,Coastal,19.5,0.0,High,-77.3551679748,35.0217248029,High
25720,1999,Chowan,77,13646.0,Coastal,79.4,1402.6,High,-76.6021303656,36.1265615389,High
25746,6467,Hoke,77,53783.0,Eastern,133.5,2028.14,High,-79.237290715,35.0175290075,High
25799,2482,Yancey,77,18320.0,Western,59.1,557.0,High,-82.3076279784,35.8989479924,High
25797,11942,Wilson,77,79078.0,Coastal,214.3,2386.9,High,-77.9186629547,35.7051457145,High
25778,10298,Rockingham,77,90457.0,Northern,161.0,2130.4,High,-79.7749871967,36.3960127906,High
25771,1333,Perquimans,77,13049.0,Coastal,52.6,684.8,High,-76.4076199893,36.1772228503,High
25704,2990,Ashe,77,26506.0,Northern,62.3,1123.1,High,-81.5005211955,36.434424701,High
25734,8763,Franklin,77,70655.0,Eastern,139.4,1314.6,High,-78.2856965824,36.0827733527,High
25794,5961,Watauga,77,54804.0,Northern,173.1,1191.8,High,-81.6964250718,36.2311062795,High
25717,25443,Catawba,77,162841.0,Northern,400.2,2802.5,High,-81.2150705598,35.662042354,High
25715,7230,Carteret,77,69039.0,Coastal,133.3,1912.1,High,-76.5357430669,34.8612598084,High
25711,13702,Burke,77,88398.0,Western,173.0,1836.1,High,-81.7047784739,35.7496106399,High
25750,29403,Johnston,77,224833.0,Coastal,272.7,1547.3,High,-78.3657109025,35.5178069265,High
25789,32518,Union,77,244960.0,Central,376.6,1582.3,High,-80.5307400446,34.9883574887,High
25742,16334,Harnett,77,134986.0,Eastern,224.5,2172.6,High,-78.8694125204,35.3686291614,High
25729,5512,Davie,77,43127.0,Northern,162.0,1665.25,High,-80.5444636482,35.929110866,High
25701,5767,Alexander,77,36172.0,Northern,140.2,1440.7,High,-81.1770268506,35.9210263138,High
25744,13486,Henderson,77,117429.0,Western,311.8,2039.7,High,-82.4799463782,35.3362263031,High
25737,1160,Graham,77,7935.0,Western,27.5,8085.4,High,-83.833581803,35.350171951,High
25762,12165,Moore,77,102966.0,Eastern,142.9,1617.3,High,-79.4813744392,35.3106538555,High
25784,5375,Stokes,77,44422.0,Northern,99.1,2146.85,High,-80.2395157151,36.4019040049,High
25787,3405,Transylvania,77,32825.0,Western,87.2,978.5,High,-82.7983001279,35.2021778635,High
25773,26570,Pitt,77,173536.0,Coastal,261.0,2238.9,High,-77.3744965519,35.5932989746,High
25708,5062,Bladen,77,29171.0,Coastal,33.8,2578.5,High,-78.5636493115,34.6145873342,High
25756,2351,Madison,77,21146.0,Western,47.1,1247.6,High,-82.7057582627,35.8580358086,High
25709,14156,Brunswick,77,144821.0,Coastal,160.8,1537.1,High,-78.2274071617,34.0388755841,High
25796,9453,Wilkes,77,65151.0,Northern,87.5,1887.3,High,-81.1633856618,36.2062757623,High
25764,26246,New Hanover,77,230423.0,Coastal,1174.0,2612.3,High,-77.865597569,34.1815553357,High
25738,7158,Granville,77,60720.0,Eastern,114.6,1466.3,High,-78.6527194252,36.3040698262,High
25719,4136,Cherokee,77,28738.0,Western,63.2,3613.3,High,-84.063444228,35.1338574515,High
25753,8419,Lenoir,77,54323.0,Coastal,138.1,3246.04,High,-77.6412486292,35.2387731611,High
25779,23973,Rowan,77,148565.0,Northern,287.1,2292.8,High,-80.5247717485,35.6394734632,High
25722,15893,Cleveland,77,99332.0,Western,214.4,2001.7,High,-81.5555471412,35.3341018022,High
25767,10649,Orange,77,148331.0,Eastern,374.0,1991.9,High,-79.120649356,36.0611182361,High
25793,1387,Washington,77,10708.0,Coastal,31.8,1746.8,High,-76.5693098876,35.8392646425,High
25769,4265,Pasquotank,77,40966.0,Coastal,178.8,2078.8,High,-76.2492413613,36.2650187228,High
25775,19008,Randolph,77,143325.0,Northern,184.3,1615.5,High,-79.8060069064,35.7103417044,High
25710,24080,Buncombe,77,271638.0,Western,410.4,3012.8,High,-82.5301070587,35.611177887,High
25780,9826,Rutherford,77,63870.0,Western,114.0,2009.9,High,-81.9198334642,35.4025956291,High
25788,480,Tyrrell,77,3315.0,Coastal,8.3,957.2,High,-76.1704523585,35.8694070017,High
25795,14294,Wayne,77,115895.0,Coastal,211.8,2813.0,High,-78.0039971272,35.3639599672,High
25703,3419,Anson,77,22028.0,Central,41.5,2802.1,High,-80.102712026,34.9737894417,High
25776,6507,Richmond,77,43006.0,Eastern,90.7,5508.4,High,-79.7477780226,35.0060483545,High
25758,7382,McDowell,77,44151.0,Western,101.3,2610.9,High,-82.0493124426,35.6816924709,High
25798,5327,Yadkin,77,36925.0,Northern,111.1,1820.8,High,-80.6652439331,36.1605336919,High
25702,1403,Alleghany,77,11057.0,Northern,46.4,697.2,High,-81.1278593427,36.4912704378,High
25712,29685,Cabarrus,77,232873.0,Central,625.1,1374.8,High,-80.5518508851,35.3867940405,High
25792,2096,Warren,77,18621.0,Eastern,43.4,2235.0,High,-78.1067171324,36.3965102811,High
25706,6132,Beaufort,77,44150.0,Coastal,53.6,2157.95,High,-76.8453144055,35.486983815,High
25724,12494,Craven,77,102568.0,Coastal,142.5,2112.3,High,-77.082003837,35.117685821,High
25754,13167,Lincoln,77,88742.0,Central,293.4,1745.2,High,-81.2235326264,35.4855950234,High
25782,5137,Scotland,77,33662.0,Eastern,107.1,3528.0,High,-79.4804292418,34.8408848102,High
25705,2449,Avery,77,17347.0,Western,72.0,1003.4,High,-81.9226013745,36.0766050343,High
25757,3196,Martin,77,21503.0,Coastal,48.3,2717.4,High,-77.109232267,35.843213981,High
25760,1808,Mitchell,77,14783.0,Western,67.4,458.42,High,-82.1635815487,36.0132038869,High
25730,8893,Duplin,77,48249.0,Coastal,59.8,2911.6,High,-77.9330277459,34.9365348363,High
25752,8424,Lee,77,64360.0,Eastern,248.1,1631.1,High,-79.1714836119,35.4751864248,High
25781,10253,Sampson,77,58371.0,Coastal,62.4,2241.9,High,-78.3713906105,34.9915361594,High
25739,3020,Greene,77,19978.0,Coastal,76.7,1640.3,High,-77.6757626742,35.4849957203,High
25765,2305,Northampton,77,16953.0,Eastern,32.6,2092.6,High,-77.3968212099,36.4177312434,High
25733,46197,Forsyth,77,387703.0,Northern,938.1,4129.5,High,-80.256300016,36.1306195485,High
25740,59760,Guilford,77,545484.0,Northern,838.0,3371.1,High,-79.7889042685,36.0794717315,High
25721,1373,Clay,77,11238.0,Western,51.6,2288.34,High,-83.7501767115,35.0571811284,High
25745,2522,Hertford,77,20374.0,Coastal,61.0,2281.6,High,-76.9807147831,36.3586360305,High
25725,40071,Cumberland,77,341793.0,Eastern,512.9,3748.5,High,-78.8275607671,35.048611942,High
25774,2036,Polk,77,19461.0,Western,81.3,1596.5,High,-82.1696779265,35.2792789622,High
25770,7938,Pender,77,62250.0,Coastal,69.1,1461.9,High,-77.8884355846,34.5150997489,High
25716,2773,Caswell,77,22400.0,Eastern,53.5,317.5,High,-79.3335234769,36.3932742158,High
25741,7036,Halifax,77,47859.0,Coastal,67.2,2754.7,High,-77.6517329831,36.2574485453,High
25759,143760,Mecklenburg,77,1128426.0,Central,2130.4,3736.1,High,-80.8327311406,35.2467670437,High
25713,11826,Caldwell,77,81319.0,Northern,170.9,2504.8,High,-81.5464366451,35.9530379334,High
25755,4213,Macon,77,37041.0,Western,71.8,2077.4,High,-83.4221767088,35.1504672096,High
25749,4898,Jackson,77,41919.0,Western,87.8,1864.6,High,-83.1408496187,35.2875866253,High
25700,23408,Alamance,77,175029.0,Northern,404.8,3065.6,High,-79.3994248175,36.0437098766,High
25747,765,Hyde,77,4595.0,Coastal,7.5,0.0,High,-76.1449651093,35.4081187361,High
25790,5915,Vance,77,41665.0,Eastern,168.7,3584.5,High,-78.4079288849,36.3649169333,High
25727,3367,Dare,77,37817.0,Coastal,96.3,1872.9,High,-75.6852333134,35.664936694,High
25785,10706,Surry,77,70573.0,Northern,134.0,1507.5,High,-80.6880779273,36.4148205561,High
25766,24424,Onslow,77,207928.0,Coastal,268.4,2191.23,High,-77.4157658244,34.709836363,High
25743,6260,Haywood,77,62831.0,Western,112.2,3591.8,High,-82.9821729698,35.5560557128,High
25791,118769,Wake,77,1154170.0,Eastern,1353.3,1846.0,High,-78.6503081729,35.7902443741,High
25707,2231,Bertie,77,17302.0,Coastal,25.7,1594.6,High,-76.9667121404,36.0656302022,High
25748,25758,Iredell,77,192986.0,Northern,325.0,1866.4,High,-80.8734378255,35.8070259189,High
25786,1667,Swain,77,14046.0,Western,26.8,3517.8,High,-83.4927393736,35.4868150519,High
25728,22910,Davidson,77,171752.0,Northern,305.4,1757.8,High,-80.2127487756,35.7933524917,High
25802,1409,Alleghany,78,11057.0,Northern,46.4,697.2,High,-81.1278593427,36.4912704378,High
25816,2786,Caswell,78,22400.0,Eastern,53.5,317.5,High,-79.3335234769,36.3932742158,High
25878,10356,Rockingham,78,90457.0,Northern,161.0,2130.4,High,-79.7749871967,36.3960127906,High
25807,2247,Bertie,78,17302.0,Coastal,25.7,1594.6,High,-76.9667121404,36.0656302022,High
25868,1470,Pamlico,78,12215.0,Coastal,36.5,2321.5,High,-76.6694598427,35.151021226,High
25808,5084,Bladen,78,29171.0,Coastal,33.8,2578.5,High,-78.5636493115,34.6145873342,High
25849,4933,Jackson,78,41919.0,Western,87.8,1864.6,High,-83.1408496187,35.2875866253,High
25892,2109,Warren,78,18621.0,Eastern,43.4,2235.0,High,-78.1067171324,36.3965102811,High
25894,5973,Watauga,78,54804.0,Northern,173.1,1191.8,High,-81.6964250718,36.2311062795,High
25830,8921,Duplin,78,48249.0,Coastal,59.8,2911.6,High,-77.9330277459,34.9365348363,High
25896,9526,Wilkes,78,65151.0,Northern,87.5,1887.3,High,-81.1633856618,36.2062757623,High
25847,767,Hyde,78,4595.0,Coastal,7.5,0.0,High,-76.1449651093,35.4081187361,High
25809,14231,Brunswick,78,144821.0,Coastal,160.8,1537.1,High,-78.2274071617,34.0388755841,High
25858,7416,McDowell,78,44151.0,Western,101.3,2610.9,High,-82.0493124426,35.6816924709,High
25844,13549,Henderson,78,117429.0,Western,311.8,2039.7,High,-82.4799463782,35.3362263031,High
25862,12241,Moore,78,102966.0,Eastern,142.9,1617.3,High,-79.4813744392,35.3106538555,High
25855,4233,Macon,78,37041.0,Western,71.8,2077.4,High,-83.4221767088,35.1504672096,High
25832,7046,Edgecombe,78,48604.0,Coastal,96.7,2366.3,High,-77.5970588882,35.912880671,High
25840,59932,Guilford,78,545484.0,Northern,838.0,3371.1,High,-79.7889042685,36.0794717315,High
25882,5166,Scotland,78,33662.0,Eastern,107.1,3528.0,High,-79.4804292418,34.8408848102,High
25895,14316,Wayne,78,115895.0,Coastal,211.8,2813.0,High,-78.0039971272,35.3639599672,High
25824,12636,Craven,78,102568.0,Coastal,142.5,2112.3,High,-77.082003837,35.117685821,High
25801,5782,Alexander,78,36172.0,Northern,140.2,1440.7,High,-81.1770268506,35.9210263138,High
25820,2016,Chowan,78,13646.0,Coastal,79.4,1402.6,High,-76.6021303656,36.1265615389,High
25811,13793,Burke,78,88398.0,Western,173.0,1836.1,High,-81.7047784739,35.7496106399,High
25870,7965,Pender,78,62250.0,Coastal,69.1,1461.9,High,-77.8884355846,34.5150997489,High
25829,5554,Davie,78,43127.0,Northern,162.0,1665.25,High,-80.5444636482,35.929110866,High
25851,1166,Jones,78,9076.0,Coastal,19.5,0.0,High,-77.3551679748,35.0217248029,High
25812,29809,Cabarrus,78,232873.0,Central,625.1,1374.8,High,-80.5518508851,35.3867940405,High
25848,25891,Iredell,78,192986.0,Northern,325.0,1866.4,High,-80.8734378255,35.8070259189,High
25839,3032,Greene,78,19978.0,Coastal,76.7,1640.3,High,-77.6757626742,35.4849957203,High
25845,2541,Hertford,78,20374.0,Coastal,61.0,2281.6,High,-76.9807147831,36.3586360305,High
25857,3222,Martin,78,21503.0,Coastal,48.3,2717.4,High,-77.109232267,35.843213981,High
25883,10371,Stanly,78,62143.0,Central,158.2,2425.2,High,-80.2509863077,35.3119550622,High
25864,26326,New Hanover,78,230423.0,Coastal,1174.0,2612.3,High,-77.865597569,34.1815553357,High
25821,1389,Clay,78,11238.0,Western,51.6,2288.34,High,-83.7501767115,35.0571811284,High
25899,2506,Yancey,78,18320.0,Western,59.1,557.0,High,-82.3076279784,35.8989479924,High
25833,46416,Forsyth,78,387703.0,Northern,938.1,4129.5,High,-80.256300016,36.1306195485,High
25823,9384,Columbus,78,49795.0,Coastal,54.0,2887.71,High,-78.6550308717,34.2656450828,High
25831,32325,Durham,78,331347.0,Eastern,1133.7,3966.0,High,-78.8765926949,36.0360299243,High
25874,2058,Polk,78,19461.0,Western,81.3,1596.5,High,-82.1696779265,35.2792789622,High
25888,481,Tyrrell,78,3315.0,Coastal,8.3,957.2,High,-76.1704523585,35.8694070017,High
25889,32693,Union,78,244960.0,Central,376.6,1582.3,High,-80.5307400446,34.9883574887,High
25836,927,Gates,78,10324.0,Coastal,30.8,750.9,High,-76.7005266521,36.4449435708,High
25837,1172,Graham,78,7935.0,Western,27.5,8085.4,High,-83.833581803,35.350171951,High
25877,23303,Robeson,78,115899.0,Coastal,123.0,5137.4,High,-79.1038649277,34.6402420514,High
25876,6534,Richmond,78,43006.0,Eastern,90.7,5508.4,High,-79.7477780226,35.0060483545,High
25828,23002,Davidson,78,171752.0,Northern,305.4,1757.8,High,-80.2127487756,35.7933524917,High
25826,2281,Currituck,78,29385.0,Coastal,107.3,1344.3,High,-75.936949201,36.3672994836,High
25850,29541,Johnston,78,224833.0,Coastal,272.7,1547.3,High,-78.3657109025,35.5178069265,High
25827,3376,Dare,78,37817.0,Coastal,96.3,1872.9,High,-75.6852333134,35.664936694,High
25860,1811,Mitchell,78,14783.0,Western,67.4,458.42,High,-82.1635815487,36.0132038869,High
25856,2361,Madison,78,21146.0,Western,47.1,1247.6,High,-82.7057582627,35.8580358086,High
25887,3416,Transylvania,78,32825.0,Western,87.2,978.5,High,-82.7983001279,35.2021778635,High
25834,8806,Franklin,78,70655.0,Eastern,139.4,1314.6,High,-78.2856965824,36.0827733527,High
25817,25560,Catawba,78,162841.0,Northern,400.2,2802.5,High,-81.2150705598,35.662042354,High
25805,2453,Avery,78,17347.0,Western,72.0,1003.4,High,-81.9226013745,36.0766050343,High
25842,16394,Harnett,78,134986.0,Eastern,224.5,2172.6,High,-78.8694125204,35.3686291614,High
25873,26669,Pitt,78,173536.0,Coastal,261.0,2238.9,High,-77.3744965519,35.5932989746,High
25818,6187,Chatham,78,77095.0,Eastern,111.9,1456.0,High,-79.2552758614,35.7025721296,High
25804,2995,Ashe,78,26506.0,Northern,62.3,1123.1,High,-81.5005211955,36.434424701,High
25898,5346,Yadkin,78,36925.0,Northern,111.1,1820.8,High,-80.6652439331,36.1605336919,High
25897,12016,Wilson,78,79078.0,Coastal,214.3,2386.9,High,-77.9186629547,35.7051457145,High
25813,11896,Caldwell,78,81319.0,Northern,170.9,2504.8,High,-81.5464366451,35.9530379334,High
25886,1676,Swain,78,14046.0,Western,26.8,3517.8,High,-83.4927393736,35.4868150519,High
25872,4509,Person,78,39048.0,Eastern,99.7,1862.8,High,-78.9718051426,36.3900951244,High
25865,2312,Northampton,78,16953.0,Eastern,32.6,2092.6,High,-77.3968212099,36.4177312434,High
25814,920,Camden,78,10537.0,Coastal,43.1,793.0,High,-76.1609504039,36.3411216216,High
25875,19101,Randolph,78,143325.0,Northern,184.3,1615.5,High,-79.8060069064,35.7103417044,High
25843,6324,Haywood,78,62831.0,Western,112.2,3591.8,High,-82.9821729698,35.5560557128,High
25861,4161,Montgomery,78,25485.0,Eastern,52.4,2480.1,High,-79.9054790812,35.332466935,High
25815,7263,Carteret,78,69039.0,Coastal,133.3,1912.1,High,-76.5357430669,34.8612598084,High
25880,9883,Rutherford,78,63870.0,Western,114.0,2009.9,High,-81.9198334642,35.4025956291,High
25885,10769,Surry,78,70573.0,Northern,134.0,1507.5,High,-80.6880779273,36.4148205561,High
25871,1338,Perquimans,78,13049.0,Coastal,52.6,684.8,High,-76.4076199893,36.1772228503,High
25867,10666,Orange,78,148331.0,Eastern,374.0,1991.9,High,-79.120649356,36.0611182361,High
25819,4161,Cherokee,78,28738.0,Western,63.2,3613.3,High,-84.063444228,35.1338574515,High
25893,1390,Washington,78,10708.0,Coastal,31.8,1746.8,High,-76.5693098876,35.8392646425,High
25810,24251,Buncombe,78,271638.0,Western,410.4,3012.8,High,-82.5301070587,35.611177887,High
25835,35250,Gaston,78,233387.0,Central,640.7,2912.4,High,-81.1802416273,35.2943489527,High
25822,15994,Cleveland,78,99332.0,Western,214.4,2001.7,High,-81.5555471412,35.3341018022,High
25800,23534,Alamance,78,175029.0,Northern,404.8,3065.6,High,-79.3994248175,36.0437098766,High
25854,13239,Lincoln,78,88742.0,Central,293.4,1745.2,High,-81.2235326264,35.4855950234,High
25884,5394,Stokes,78,44422.0,Northern,99.1,2146.85,High,-80.2395157151,36.4019040049,High
25803,3441,Anson,78,22028.0,Central,41.5,2802.1,High,-80.102712026,34.9737894417,High
25846,6490,Hoke,78,53783.0,Eastern,133.5,2028.14,High,-79.237290715,35.0175290075,High
25841,7053,Halifax,78,47859.0,Coastal,67.2,2754.7,High,-77.6517329831,36.2574485453,High
25879,24047,Rowan,78,148565.0,Northern,287.1,2292.8,High,-80.5247717485,35.6394734632,High
25890,5929,Vance,78,41665.0,Eastern,168.7,3584.5,High,-78.4079288849,36.3649169333,High
25866,24567,Onslow,78,207928.0,Coastal,268.4,2191.23,High,-77.4157658244,34.709836363,High
25891,119500,Wake,78,1154170.0,Eastern,1353.3,1846.0,High,-78.6503081729,35.7902443741,High
25869,4288,Pasquotank,78,40966.0,Coastal,178.8,2078.8,High,-76.2492413613,36.2650187228,High
25853,8484,Lenoir,78,54323.0,Coastal,138.1,3246.04,High,-77.6412486292,35.2387731611,High
25825,40229,Cumberland,78,341793.0,Eastern,512.9,3748.5,High,-78.8275607671,35.048611942,High
25881,10293,Sampson,78,58371.0,Coastal,62.4,2241.9,High,-78.3713906105,34.9915361594,High
25806,6191,Beaufort,78,44150.0,Coastal,53.6,2157.95,High,-76.8453144055,35.486983815,High
25852,8465,Lee,78,64360.0,Eastern,248.1,1631.1,High,-79.1714836119,35.4751864248,High
25838,7190,Granville,78,60720.0,Eastern,114.6,1466.3,High,-78.6527194252,36.3040698262,High
25859,144158,Mecklenburg,78,1128426.0,Central,2130.4,3736.1,High,-80.8327311406,35.2467670437,High
25863,13924,Nash,78,96101.0,Coastal,175.7,1838.5,High,-77.9864448378,35.9672502839,High
25989,32905,Union,79,244960.0,Central,376.6,1582.3,High,-80.5307400446,34.9883574887,High
25941,7089,Halifax,79,47859.0,Coastal,67.2,2754.7,High,-77.6517329831,36.2574485453,High
25953,8578,Lenoir,79,54323.0,Coastal,138.1,3246.04,High,-77.6412486292,35.2387731611,High
25993,1406,Washington,79,10708.0,Coastal,31.8,1746.8,High,-76.5693098876,35.8392646425,High
25990,5962,Vance,79,41665.0,Eastern,168.7,3584.5,High,-78.4079288849,36.3649169333,High
25948,26107,Iredell,79,192986.0,Northern,325.0,1866.4,High,-80.8734378255,35.8070259189,High
25926,2300,Currituck,79,29385.0,Coastal,107.3,1344.3,High,-75.936949201,36.3672994836,High
25928,23264,Davidson,79,171752.0,Northern,305.4,1757.8,High,-80.2127487756,35.7933524917,High
25965,2341,Northampton,79,16953.0,Eastern,32.6,2092.6,High,-77.3968212099,36.4177312434,High
25939,3052,Greene,79,19978.0,Coastal,76.7,1640.3,High,-77.6757626742,35.4849957203,High
25977,23397,Robeson,79,115899.0,Coastal,123.0,5137.4,High,-79.1038649277,34.6402420514,High
25957,3250,Martin,79,21503.0,Coastal,48.3,2717.4,High,-77.109232267,35.843213981,High
25986,1689,Swain,79,14046.0,Western,26.8,3517.8,High,-83.4927393736,35.4868150519,High
25991,120039,Wake,79,1154170.0,Eastern,1353.3,1846.0,High,-78.6503081729,35.7902443741,High
25937,1183,Graham,79,7935.0,Western,27.5,8085.4,High,-83.833581803,35.350171951,High
25931,32579,Durham,79,331347.0,Eastern,1133.7,3966.0,High,-78.8765926949,36.0360299243,High
25983,10437,Stanly,79,62143.0,Central,158.2,2425.2,High,-80.2509863077,35.3119550622,High
25925,40418,Cumberland,79,341793.0,Eastern,512.9,3748.5,High,-78.8275607671,35.048611942,High
25914,930,Camden,79,10537.0,Coastal,43.1,793.0,High,-76.1609504039,36.3411216216,High
25936,930,Gates,79,10324.0,Coastal,30.8,750.9,High,-76.7005266521,36.4449435708,High
25923,9453,Columbus,79,49795.0,Coastal,54.0,2887.71,High,-78.6550308717,34.2656450828,High
25921,1403,Clay,79,11238.0,Western,51.6,2288.34,High,-83.7501767115,35.0571811284,High
25906,6245,Beaufort,79,44150.0,Coastal,53.6,2157.95,High,-76.8453144055,35.486983815,High
25933,46763,Forsyth,79,387703.0,Northern,938.1,4129.5,High,-80.256300016,36.1306195485,High
25905,2471,Avery,79,17347.0,Western,72.0,1003.4,High,-81.9226013745,36.0766050343,High
25929,5595,Davie,79,43127.0,Northern,162.0,1665.25,High,-80.5444636482,35.929110866,High
25952,8536,Lee,79,64360.0,Eastern,248.1,1631.1,High,-79.1714836119,35.4751864248,High
25962,12337,Moore,79,102966.0,Eastern,142.9,1617.3,High,-79.4813744392,35.3106538555,High
25955,4282,Macon,79,37041.0,Western,71.8,2077.4,High,-83.4221767088,35.1504672096,High
25963,14019,Nash,79,96101.0,Coastal,175.7,1838.5,High,-77.9864448378,35.9672502839,High
25932,7113,Edgecombe,79,48604.0,Coastal,96.7,2366.3,High,-77.5970588882,35.912880671,High
25918,6211,Chatham,79,77095.0,Eastern,111.9,1456.0,High,-79.2552758614,35.7025721296,High
25930,9010,Duplin,79,48249.0,Coastal,59.8,2911.6,High,-77.9330277459,34.9365348363,High
25946,6525,Hoke,79,53783.0,Eastern,133.5,2028.14,High,-79.237290715,35.0175290075,High
25982,5208,Scotland,79,33662.0,Eastern,107.1,3528.0,High,-79.4804292418,34.8408848102,High
25940,60325,Guilford,79,545484.0,Northern,838.0,3371.1,High,-79.7889042685,36.0794717315,High
25969,4311,Pasquotank,79,40966.0,Coastal,178.8,2078.8,High,-76.2492413613,36.2650187228,High
25924,12760,Craven,79,102568.0,Coastal,142.5,2112.3,High,-77.082003837,35.117685821,High
25901,5868,Alexander,79,36172.0,Northern,140.2,1440.7,High,-81.1770268506,35.9210263138,High
25973,26864,Pitt,79,173536.0,Coastal,261.0,2238.9,High,-77.3744965519,35.5932989746,High
25979,24176,Rowan,79,148565.0,Northern,287.1,2292.8,High,-80.5247717485,35.6394734632,High
25920,2038,Chowan,79,13646.0,Coastal,79.4,1402.6,High,-76.6021303656,36.1265615389,High
25909,14373,Brunswick,79,144821.0,Coastal,160.8,1537.1,High,-78.2274071617,34.0388755841,High
25944,13633,Henderson,79,117429.0,Western,311.8,2039.7,High,-82.4799463782,35.3362263031,High
25954,13329,Lincoln,79,88742.0,Central,293.4,1745.2,High,-81.2235326264,35.4855950234,High
25998,5383,Yadkin,79,36925.0,Northern,111.1,1820.8,High,-80.6652439331,36.1605336919,High
25911,13905,Burke,79,88398.0,Western,173.0,1836.1,High,-81.7047784739,35.7496106399,High
25981,10320,Sampson,79,58371.0,Coastal,62.4,2241.9,High,-78.3713906105,34.9915361594,High
25985,10859,Surry,79,70573.0,Northern,134.0,1507.5,High,-80.6880779273,36.4148205561,High
25927,3394,Dare,79,37817.0,Coastal,96.3,1872.9,High,-75.6852333134,35.664936694,High
25910,24475,Buncombe,79,271638.0,Western,410.4,3012.8,High,-82.5301070587,35.611177887,High
25951,1171,Jones,79,9076.0,Coastal,19.5,0.0,High,-77.3551679748,35.0217248029,High
25966,24807,Onslow,79,207928.0,Coastal,268.4,2191.23,High,-77.4157658244,34.709836363,High
25980,9973,Rutherford,79,63870.0,Western,114.0,2009.9,High,-81.9198334642,35.4025956291,High
25996,9604,Wilkes,79,65151.0,Northern,87.5,1887.3,High,-81.1633856618,36.2062757623,High
25960,1822,Mitchell,79,14783.0,Western,67.4,458.42,High,-82.1635815487,36.0132038869,High
25994,6016,Watauga,79,54804.0,Northern,173.1,1191.8,High,-81.6964250718,36.2311062795,High
25907,2262,Bertie,79,17302.0,Coastal,25.7,1594.6,High,-76.9667121404,36.0656302022,High
25978,10459,Rockingham,79,90457.0,Northern,161.0,2130.4,High,-79.7749871967,36.3960127906,High
25935,35481,Gaston,79,233387.0,Central,640.7,2912.4,High,-81.1802416273,35.2943489527,High
25968,1494,Pamlico,79,12215.0,Coastal,36.5,2321.5,High,-76.6694598427,35.151021226,High
25903,3463,Anson,79,22028.0,Central,41.5,2802.1,High,-80.102712026,34.9737894417,High
25972,4558,Person,79,39048.0,Eastern,99.7,1862.8,High,-78.9718051426,36.3900951244,High
25916,2822,Caswell,79,22400.0,Eastern,53.5,317.5,High,-79.3335234769,36.3932742158,High
25992,2121,Warren,79,18621.0,Eastern,43.4,2235.0,High,-78.1067171324,36.3965102811,High
25961,4167,Montgomery,79,25485.0,Eastern,52.4,2480.1,High,-79.9054790812,35.332466935,High
25915,7335,Carteret,79,69039.0,Coastal,133.3,1912.1,High,-76.5357430669,34.8612598084,High
25956,2398,Madison,79,21146.0,Western,47.1,1247.6,High,-82.7057582627,35.8580358086,High
25904,3041,Ashe,79,26506.0,Northern,62.3,1123.1,High,-81.5005211955,36.434424701,High
25984,5450,Stokes,79,44422.0,Northern,99.1,2146.85,High,-80.2395157151,36.4019040049,High
25938,7231,Granville,79,60720.0,Eastern,114.6,1466.3,High,-78.6527194252,36.3040698262,High
25971,1350,Perquimans,79,13049.0,Coastal,52.6,684.8,High,-76.4076199893,36.1772228503,High
25997,12092,Wilson,79,79078.0,Coastal,214.3,2386.9,High,-77.9186629547,35.7051457145,High
25967,10706,Orange,79,148331.0,Eastern,374.0,1991.9,High,-79.120649356,36.0611182361,High
25976,6565,Richmond,79,43006.0,Eastern,90.7,5508.4,High,-79.7477780226,35.0060483545,High
25964,26505,New Hanover,79,230423.0,Coastal,1174.0,2612.3,High,-77.865597569,34.1815553357,High
25902,1437,Alleghany,79,11057.0,Northern,46.4,697.2,High,-81.1278593427,36.4912704378,High
25949,4950,Jackson,79,41919.0,Western,87.8,1864.6,High,-83.1408496187,35.2875866253,High
25987,3432,Transylvania,79,32825.0,Western,87.2,978.5,High,-82.7983001279,35.2021778635,High
25934,8857,Franklin,79,70655.0,Eastern,139.4,1314.6,High,-78.2856965824,36.0827733527,High
25999,2532,Yancey,79,18320.0,Western,59.1,557.0,High,-82.3076279784,35.8989479924,High
25917,25744,Catawba,79,162841.0,Northern,400.2,2802.5,High,-81.2150705598,35.662042354,High
25919,4212,Cherokee,79,28738.0,Western,63.2,3613.3,High,-84.063444228,35.1338574515,High
25913,11991,Caldwell,79,81319.0,Northern,170.9,2504.8,High,-81.5464366451,35.9530379334,High
25995,14416,Wayne,79,115895.0,Coastal,211.8,2813.0,High,-78.0039971272,35.3639599672,High
25945,2554,Hertford,79,20374.0,Coastal,61.0,2281.6,High,-76.9807147831,36.3586360305,High
25942,16512,Harnett,79,134986.0,Eastern,224.5,2172.6,High,-78.8694125204,35.3686291614,High
25988,484,Tyrrell,79,3315.0,Coastal,8.3,957.2,High,-76.1704523585,35.8694070017,High
25950,29695,Johnston,79,224833.0,Coastal,272.7,1547.3,High,-78.3657109025,35.5178069265,High
25970,8049,Pender,79,62250.0,Coastal,69.1,1461.9,High,-77.8884355846,34.5150997489,High
25912,29995,Cabarrus,79,232873.0,Central,625.1,1374.8,High,-80.5518508851,35.3867940405,High
25922,16174,Cleveland,79,99332.0,Western,214.4,2001.7,High,-81.5555471412,35.3341018022,High
25975,19234,Randolph,79,143325.0,Northern,184.3,1615.5,High,-79.8060069064,35.7103417044,High
25959,144795,Mecklenburg,79,1128426.0,Central,2130.4,3736.1,High,-80.8327311406,35.2467670437,High
25958,7537,McDowell,79,44151.0,Western,101.3,2610.9,High,-82.0493124426,35.6816924709,High
25943,6383,Haywood,79,62831.0,Western,112.2,3591.8,High,-82.9821729698,35.5560557128,High
25947,774,Hyde,79,4595.0,Coastal,7.5,0.0,High,-76.1449651093,35.4081187361,High
25974,2079,Polk,79,19461.0,Western,81.3,1596.5,High,-82.1696779265,35.2792789622,High
25900,23669,Alamance,79,175029.0,Northern,404.8,3065.6,High,-79.3994248175,36.0437098766,High
25908,5106,Bladen,79,29171.0,Coastal,33.8,2578.5,High,-78.5636493115,34.6145873342,High
26067,10706,Orange,80,148331.0,Eastern,374.0,1991.9,High,-79.120649356,36.0611182361,High
26042,16512,Harnett,80,134986.0,Eastern,224.5,2172.6,High,-78.8694125204,35.3686291614,High
26069,4311,Pasquotank,80,40966.0,Coastal,178.8,2078.8,High,-76.2492413613,36.2650187228,High
26051,1171,Jones,80,9076.0,Coastal,19.5,0.0,High,-77.3551679748,35.0217248029,High
26046,6525,Hoke,80,53783.0,Eastern,133.5,2028.14,High,-79.237290715,35.0175290075,High
26056,2398,Madison,80,21146.0,Western,47.1,1247.6,High,-82.7057582627,35.8580358086,High
26027,3394,Dare,80,37817.0,Coastal,96.3,1872.9,High,-75.6852333134,35.664936694,High
26054,13329,Lincoln,80,88742.0,Central,293.4,1745.2,High,-81.2235326264,35.4855950234,High
26013,11991,Caldwell,80,81319.0,Northern,170.9,2504.8,High,-81.5464366451,35.9530379334,High
26052,8536,Lee,80,64360.0,Eastern,248.1,1631.1,High,-79.1714836119,35.4751864248,High
26084,5450,Stokes,80,44422.0,Northern,99.1,2146.85,High,-80.2395157151,36.4019040049,High
26098,5383,Yadkin,80,36925.0,Northern,111.1,1820.8,High,-80.6652439331,36.1605336919,High
26060,1822,Mitchell,80,14783.0,Western,67.4,458.42,High,-82.1635815487,36.0132038869,High
26087,3432,Transylvania,80,32825.0,Western,87.2,978.5,High,-82.7983001279,35.2021778635,High
26029,5595,Davie,80,43127.0,Northern,162.0,1665.25,High,-80.5444636482,35.929110866,High
26063,14019,Nash,80,96101.0,Coastal,175.7,1838.5,High,-77.9864448378,35.9672502839,High
26055,4282,Macon,80,37041.0,Western,71.8,2077.4,High,-83.4221767088,35.1504672096,High
26034,8857,Franklin,80,70655.0,Eastern,139.4,1314.6,High,-78.2856965824,36.0827733527,High
26094,6016,Watauga,80,54804.0,Northern,173.1,1191.8,High,-81.6964250718,36.2311062795,High
26012,29995,Cabarrus,80,232873.0,Central,625.1,1374.8,High,-80.5518508851,35.3867940405,High
26070,8049,Pender,80,62250.0,Coastal,69.1,1461.9,High,-77.8884355846,34.5150997489,High
26032,7113,Edgecombe,80,48604.0,Coastal,96.7,2366.3,High,-77.5970588882,35.912880671,High
26099,2532,Yancey,80,18320.0,Western,59.1,557.0,High,-82.3076279784,35.8989479924,High
26062,12337,Moore,80,102966.0,Eastern,142.9,1617.3,High,-79.4813744392,35.3106538555,High
26047,774,Hyde,80,4595.0,Coastal,7.5,0.0,High,-76.1449651093,35.4081187361,High
26005,2471,Avery,80,17347.0,Western,72.0,1003.4,High,-81.9226013745,36.0766050343,High
26058,7537,McDowell,80,44151.0,Western,101.3,2610.9,High,-82.0493124426,35.6816924709,High
26044,13633,Henderson,80,117429.0,Western,311.8,2039.7,High,-82.4799463782,35.3362263031,High
26030,9010,Duplin,80,48249.0,Coastal,59.8,2911.6,High,-77.9330277459,34.9365348363,High
26011,13905,Burke,80,88398.0,Western,173.0,1836.1,High,-81.7047784739,35.7496106399,High
26082,5208,Scotland,80,33662.0,Eastern,107.1,3528.0,High,-79.4804292418,34.8408848102,High
26040,60325,Guilford,80,545484.0,Northern,838.0,3371.1,High,-79.7889042685,36.0794717315,High
26095,14416,Wayne,80,115895.0,Coastal,211.8,2813.0,High,-78.0039971272,35.3639599672,High
26092,2121,Warren,80,18621.0,Eastern,43.4,2235.0,High,-78.1067171324,36.3965102811,High
26001,5868,Alexander,80,36172.0,Northern,140.2,1440.7,High,-81.1770268506,35.9210263138,High
26002,1437,Alleghany,80,11057.0,Northern,46.4,697.2,High,-81.1278593427,36.4912704378,High
26049,4950,Jackson,80,41919.0,Western,87.8,1864.6,High,-83.1408496187,35.2875866253,High
26016,2822,Caswell,80,22400.0,Eastern,53.5,317.5,High,-79.3335234769,36.3932742158,High
26073,26864,Pitt,80,173536.0,Coastal,261.0,2238.9,High,-77.3744965519,35.5932989746,High
26017,25744,Catawba,80,162841.0,Northern,400.2,2802.5,High,-81.2150705598,35.662042354,High
26096,9604,Wilkes,80,65151.0,Northern,87.5,1887.3,High,-81.1633856618,36.2062757623,High
26020,2038,Chowan,80,13646.0,Coastal,79.4,1402.6,High,-76.6021303656,36.1265615389,High
26009,14373,Brunswick,80,144821.0,Coastal,160.8,1537.1,High,-78.2274071617,34.0388755841,High
26068,1494,Pamlico,80,12215.0,Coastal,36.5,2321.5,High,-76.6694598427,35.151021226,High
26008,5106,Bladen,80,29171.0,Coastal,33.8,2578.5,High,-78.5636493115,34.6145873342,High
26078,10459,Rockingham,80,90457.0,Northern,161.0,2130.4,High,-79.7749871967,36.3960127906,High
26066,24807,Onslow,80,207928.0,Coastal,268.4,2191.23,High,-77.4157658244,34.709836363,High
26072,4558,Person,80,39048.0,Eastern,99.7,1862.8,High,-78.9718051426,36.3900951244,High
26004,3041,Ashe,80,26506.0,Northern,62.3,1123.1,High,-81.5005211955,36.434424701,High
26007,2262,Bertie,80,17302.0,Coastal,25.7,1594.6,High,-76.9667121404,36.0656302022,High
26079,24176,Rowan,80,148565.0,Northern,287.1,2292.8,High,-80.5247717485,35.6394734632,High
26024,12760,Craven,80,102568.0,Coastal,142.5,2112.3,High,-77.082003837,35.117685821,High
26035,35481,Gaston,80,233387.0,Central,640.7,2912.4,High,-81.1802416273,35.2943489527,High
26086,1689,Swain,80,14046.0,Western,26.8,3517.8,High,-83.4927393736,35.4868150519,High
26053,8578,Lenoir,80,54323.0,Coastal,138.1,3246.04,High,-77.6412486292,35.2387731611,High
26065,2341,Northampton,80,16953.0,Eastern,32.6,2092.6,High,-77.3968212099,36.4177312434,High
26025,40418,Cumberland,80,341793.0,Eastern,512.9,3748.5,High,-78.8275607671,35.048611942,High
26064,26505,New Hanover,80,230423.0,Coastal,1174.0,2612.3,High,-77.865597569,34.1815553357,High
26045,2554,Hertford,80,20374.0,Coastal,61.0,2281.6,High,-76.9807147831,36.3586360305,High
26010,24475,Buncombe,80,271638.0,Western,410.4,3012.8,High,-82.5301070587,35.611177887,High
26023,9453,Columbus,80,49795.0,Coastal,54.0,2887.71,High,-78.6550308717,34.2656450828,High
26014,930,Camden,80,10537.0,Coastal,43.1,793.0,High,-76.1609504039,36.3411216216,High
26090,5962,Vance,80,41665.0,Eastern,168.7,3584.5,High,-78.4079288849,36.3649169333,High
26074,2079,Polk,80,19461.0,Western,81.3,1596.5,High,-82.1696779265,35.2792789622,High
26031,32579,Durham,80,331347.0,Eastern,1133.7,3966.0,High,-78.8765926949,36.0360299243,High
26085,10859,Surry,80,70573.0,Northern,134.0,1507.5,High,-80.6880779273,36.4148205561,High
26019,4212,Cherokee,80,28738.0,Western,63.2,3613.3,High,-84.063444228,35.1338574515,High
26015,7335,Carteret,80,69039.0,Coastal,133.3,1912.1,High,-76.5357430669,34.8612598084,High
26033,46763,Forsyth,80,387703.0,Northern,938.1,4129.5,High,-80.256300016,36.1306195485,High
26093,1406,Washington,80,10708.0,Coastal,31.8,1746.8,High,-76.5693098876,35.8392646425,High
26057,3250,Martin,80,21503.0,Coastal,48.3,2717.4,High,-77.109232267,35.843213981,High
26006,6245,Beaufort,80,44150.0,Coastal,53.6,2157.95,High,-76.8453144055,35.486983815,High
26022,16174,Cleveland,80,99332.0,Western,214.4,2001.7,High,-81.5555471412,35.3341018022,High
26089,32905,Union,80,244960.0,Central,376.6,1582.3,High,-80.5307400446,34.9883574887,High
26036,930,Gates,80,10324.0,Coastal,30.8,750.9,High,-76.7005266521,36.4449435708,High
26097,12092,Wilson,80,79078.0,Coastal,214.3,2386.9,High,-77.9186629547,35.7051457145,High
26039,3052,Greene,80,19978.0,Coastal,76.7,1640.3,High,-77.6757626742,35.4849957203,High
26081,10320,Sampson,80,58371.0,Coastal,62.4,2241.9,High,-78.3713906105,34.9915361594,High
26075,19234,Randolph,80,143325.0,Northern,184.3,1615.5,High,-79.8060069064,35.7103417044,High
26059,144795,Mecklenburg,80,1128426.0,Central,2130.4,3736.1,High,-80.8327311406,35.2467670437,High
26041,7089,Halifax,80,47859.0,Coastal,67.2,2754.7,High,-77.6517329831,36.2574485453,High
26091,120039,Wake,80,1154170.0,Eastern,1353.3,1846.0,High,-78.6503081729,35.7902443741,High
26038,7231,Granville,80,60720.0,Eastern,114.6,1466.3,High,-78.6527194252,36.3040698262,High
26050,29695,Johnston,80,224833.0,Coastal,272.7,1547.3,High,-78.3657109025,35.5178069265,High
26003,3463,Anson,80,22028.0,Central,41.5,2802.1,High,-80.102712026,34.9737894417,High
26026,2300,Currituck,80,29385.0,Coastal,107.3,1344.3,High,-75.936949201,36.3672994836,High
26028,23264,Davidson,80,171752.0,Northern,305.4,1757.8,High,-80.2127487756,35.7933524917,High
26021,1403,Clay,80,11238.0,Western,51.6,2288.34,High,-83.7501767115,35.0571811284,High
26088,484,Tyrrell,80,3315.0,Coastal,8.3,957.2,High,-76.1704523585,35.8694070017,High
26061,4167,Montgomery,80,25485.0,Eastern,52.4,2480.1,High,-79.9054790812,35.332466935,High
26048,26107,Iredell,80,192986.0,Northern,325.0,1866.4,High,-80.8734378255,35.8070259189,High
26071,1350,Perquimans,80,13049.0,Coastal,52.6,684.8,High,-76.4076199893,36.1772228503,High
26000,23669,Alamance,80,175029.0,Northern,404.8,3065.6,High,-79.3994248175,36.0437098766,High
26077,23397,Robeson,80,115899.0,Coastal,123.0,5137.4,High,-79.1038649277,34.6402420514,High
26076,6565,Richmond,80,43006.0,Eastern,90.7,5508.4,High,-79.7477780226,35.0060483545,High
26043,6383,Haywood,80,62831.0,Western,112.2,3591.8,High,-82.9821729698,35.5560557128,High
26037,1183,Graham,80,7935.0,Western,27.5,8085.4,High,-83.833581803,35.350171951,High
26080,9973,Rutherford,80,63870.0,Western,114.0,2009.9,High,-81.9198334642,35.4025956291,High
26083,10437,Stanly,80,62143.0,Central,158.2,2425.2,High,-80.2509863077,35.3119550622,High
26018,6211,Chatham,80,77095.0,Eastern,111.9,1456.0,High,-79.2552758614,35.7025721296,High
26114,930,Camden,81,10537.0,Coastal,43.1,793.0,High,-76.1609504039,36.3411216216,High
26153,8578,Lenoir,81,54323.0,Coastal,138.1,3246.04,High,-77.6412486292,35.2387731611,High
26135,35481,Gaston,81,233387.0,Central,640.7,2912.4,High,-81.1802416273,35.2943489527,High
26125,40418,Cumberland,81,341793.0,Eastern,512.9,3748.5,High,-78.8275607671,35.048611942,High
26195,14416,Wayne,81,115895.0,Coastal,211.8,2813.0,High,-78.0039971272,35.3639599672,High
26140,60325,Guilford,81,545484.0,Northern,838.0,3371.1,High,-79.7889042685,36.0794717315,High
26190,5962,Vance,81,41665.0,Eastern,168.7,3584.5,High,-78.4079288849,36.3649169333,High
26149,4950,Jackson,81,41919.0,Western,87.8,1864.6,High,-83.1408496187,35.2875866253,High
26182,5208,Scotland,81,33662.0,Eastern,107.1,3528.0,High,-79.4804292418,34.8408848102,High
26130,9010,Duplin,81,48249.0,Coastal,59.8,2911.6,High,-77.9330277459,34.9365348363,High
26147,774,Hyde,81,4595.0,Coastal,7.5,0.0,High,-76.1449651093,35.4081187361,High
26173,26864,Pitt,81,173536.0,Coastal,261.0,2238.9,High,-77.3744965519,35.5932989746,High
26100,23669,Alamance,81,175029.0,Northern,404.8,3065.6,High,-79.3994248175,36.0437098766,High
26197,12092,Wilson,81,79078.0,Coastal,214.3,2386.9,High,-77.9186629547,35.7051457145,High
26106,6245,Beaufort,81,44150.0,Coastal,53.6,2157.95,High,-76.8453144055,35.486983815,High
26159,144795,Mecklenburg,81,1128426.0,Central,2130.4,3736.1,High,-80.8327311406,35.2467670437,High
26132,7113,Edgecombe,81,48604.0,Coastal,96.7,2366.3,High,-77.5970588882,35.912880671,High
26117,25744,Catawba,81,162841.0,Northern,400.2,2802.5,High,-81.2150705598,35.662042354,High
26138,7231,Granville,81,60720.0,Eastern,114.6,1466.3,High,-78.6527194252,36.3040698262,High
26143,6383,Haywood,81,62831.0,Western,112.2,3591.8,High,-82.9821729698,35.5560557128,High
26103,3463,Anson,81,22028.0,Central,41.5,2802.1,High,-80.102712026,34.9737894417,High
26101,5868,Alexander,81,36172.0,Northern,140.2,1440.7,High,-81.1770268506,35.9210263138,High
26172,4558,Person,81,39048.0,Eastern,99.7,1862.8,High,-78.9718051426,36.3900951244,High
26175,19234,Randolph,81,143325.0,Northern,184.3,1615.5,High,-79.8060069064,35.7103417044,High
26186,1689,Swain,81,14046.0,Western,26.8,3517.8,High,-83.4927393736,35.4868150519,High
26198,5383,Yadkin,81,36925.0,Northern,111.1,1820.8,High,-80.6652439331,36.1605336919,High
26171,1350,Perquimans,81,13049.0,Coastal,52.6,684.8,High,-76.4076199893,36.1772228503,High
26184,5450,Stokes,81,44422.0,Northern,99.1,2146.85,High,-80.2395157151,36.4019040049,High
26161,4167,Montgomery,81,25485.0,Eastern,52.4,2480.1,High,-79.9054790812,35.332466935,High
26152,8536,Lee,81,64360.0,Eastern,248.1,1631.1,High,-79.1714836119,35.4751864248,High
26180,9973,Rutherford,81,63870.0,Western,114.0,2009.9,High,-81.9198334642,35.4025956291,High
26113,11991,Caldwell,81,81319.0,Northern,170.9,2504.8,High,-81.5464366451,35.9530379334,High
26165,2341,Northampton,81,16953.0,Eastern,32.6,2092.6,High,-77.3968212099,36.4177312434,High
26154,13329,Lincoln,81,88742.0,Central,293.4,1745.2,High,-81.2235326264,35.4855950234,High
26146,6525,Hoke,81,53783.0,Eastern,133.5,2028.14,High,-79.237290715,35.0175290075,High
26163,14019,Nash,81,96101.0,Coastal,175.7,1838.5,High,-77.9864448378,35.9672502839,High
26110,24475,Buncombe,81,271638.0,Western,410.4,3012.8,High,-82.5301070587,35.611177887,High
26185,10859,Surry,81,70573.0,Northern,134.0,1507.5,High,-80.6880779273,36.4148205561,High
26167,10706,Orange,81,148331.0,Eastern,374.0,1991.9,High,-79.120649356,36.0611182361,High
26104,3041,Ashe,81,26506.0,Northern,62.3,1123.1,High,-81.5005211955,36.434424701,High
26169,4311,Pasquotank,81,40966.0,Coastal,178.8,2078.8,High,-76.2492413613,36.2650187228,High
26179,24176,Rowan,81,148565.0,Northern,287.1,2292.8,High,-80.5247717485,35.6394734632,High
26122,16174,Cleveland,81,99332.0,Western,214.4,2001.7,High,-81.5555471412,35.3341018022,High
26115,7335,Carteret,81,69039.0,Coastal,133.3,1912.1,High,-76.5357430669,34.8612598084,High
26181,10320,Sampson,81,58371.0,Coastal,62.4,2241.9,High,-78.3713906105,34.9915361594,High
26193,1406,Washington,81,10708.0,Coastal,31.8,1746.8,High,-76.5693098876,35.8392646425,High
26166,24807,Onslow,81,207928.0,Coastal,268.4,2191.23,High,-77.4157658244,34.709836363,High
26109,14373,Brunswick,81,144821.0,Coastal,160.8,1537.1,High,-78.2274071617,34.0388755841,High
26119,4212,Cherokee,81,28738.0,Western,63.2,3613.3,High,-84.063444228,35.1338574515,High
26120,2038,Chowan,81,13646.0,Coastal,79.4,1402.6,High,-76.6021303656,36.1265615389,High
26124,12760,Craven,81,102568.0,Coastal,142.5,2112.3,High,-77.082003837,35.117685821,High
26155,4282,Macon,81,37041.0,Western,71.8,2077.4,High,-83.4221767088,35.1504672096,High
26141,7089,Halifax,81,47859.0,Coastal,67.2,2754.7,High,-77.6517329831,36.2574485453,High
26187,3432,Transylvania,81,32825.0,Western,87.2,978.5,High,-82.7983001279,35.2021778635,High
26183,10437,Stanly,81,62143.0,Central,158.2,2425.2,High,-80.2509863077,35.3119550622,High
26127,3394,Dare,81,37817.0,Coastal,96.3,1872.9,High,-75.6852333134,35.664936694,High
26192,2121,Warren,81,18621.0,Eastern,43.4,2235.0,High,-78.1067171324,36.3965102811,High
26134,8857,Franklin,81,70655.0,Eastern,139.4,1314.6,High,-78.2856965824,36.0827733527,High
26116,2822,Caswell,81,22400.0,Eastern,53.5,317.5,High,-79.3335234769,36.3932742158,High
26199,2532,Yancey,81,18320.0,Western,59.1,557.0,High,-82.3076279784,35.8989479924,High
26164,26505,New Hanover,81,230423.0,Coastal,1174.0,2612.3,High,-77.865597569,34.1815553357,High
26145,2554,Hertford,81,20374.0,Coastal,61.0,2281.6,High,-76.9807147831,36.3586360305,High
26177,23397,Robeson,81,115899.0,Coastal,123.0,5137.4,High,-79.1038649277,34.6402420514,High
26196,9604,Wilkes,81,65151.0,Northern,87.5,1887.3,High,-81.1633856618,36.2062757623,High
26151,1171,Jones,81,9076.0,Coastal,19.5,0.0,High,-77.3551679748,35.0217248029,High
26123,9453,Columbus,81,49795.0,Coastal,54.0,2887.71,High,-78.6550308717,34.2656450828,High
26133,46763,Forsyth,81,387703.0,Northern,938.1,4129.5,High,-80.256300016,36.1306195485,High
26178,10459,Rockingham,81,90457.0,Northern,161.0,2130.4,High,-79.7749871967,36.3960127906,High
26129,5595,Davie,81,43127.0,Northern,162.0,1665.25,High,-80.5444636482,35.929110866,High
26168,1494,Pamlico,81,12215.0,Coastal,36.5,2321.5,High,-76.6694598427,35.151021226,High
26102,1437,Alleghany,81,11057.0,Northern,46.4,697.2,High,-81.1278593427,36.4912704378,High
26108,5106,Bladen,81,29171.0,Coastal,33.8,2578.5,High,-78.5636493115,34.6145873342,High
26136,930,Gates,81,10324.0,Coastal,30.8,750.9,High,-76.7005266521,36.4449435708,High
26189,32905,Union,81,244960.0,Central,376.6,1582.3,High,-80.5307400446,34.9883574887,High
26107,2262,Bertie,81,17302.0,Coastal,25.7,1594.6,High,-76.9667121404,36.0656302022,High
26191,120039,Wake,81,1154170.0,Eastern,1353.3,1846.0,High,-78.6503081729,35.7902443741,High
26174,2079,Polk,81,19461.0,Western,81.3,1596.5,High,-82.1696779265,35.2792789622,High
26194,6016,Watauga,81,54804.0,Northern,173.1,1191.8,High,-81.6964250718,36.2311062795,High
26176,6565,Richmond,81,43006.0,Eastern,90.7,5508.4,High,-79.7477780226,35.0060483545,High
26121,1403,Clay,81,11238.0,Western,51.6,2288.34,High,-83.7501767115,35.0571811284,High
26142,16512,Harnett,81,134986.0,Eastern,224.5,2172.6,High,-78.8694125204,35.3686291614,High
26170,8049,Pender,81,62250.0,Coastal,69.1,1461.9,High,-77.8884355846,34.5150997489,High
26162,12337,Moore,81,102966.0,Eastern,142.9,1617.3,High,-79.4813744392,35.3106538555,High
26188,484,Tyrrell,81,3315.0,Coastal,8.3,957.2,High,-76.1704523585,35.8694070017,High
26105,2471,Avery,81,17347.0,Western,72.0,1003.4,High,-81.9226013745,36.0766050343,High
26150,29695,Johnston,81,224833.0,Coastal,272.7,1547.3,High,-78.3657109025,35.5178069265,High
26144,13633,Henderson,81,117429.0,Western,311.8,2039.7,High,-82.4799463782,35.3362263031,High
26131,32579,Durham,81,331347.0,Eastern,1133.7,3966.0,High,-78.8765926949,36.0360299243,High
26157,3250,Martin,81,21503.0,Coastal,48.3,2717.4,High,-77.109232267,35.843213981,High
26158,7537,McDowell,81,44151.0,Western,101.3,2610.9,High,-82.0493124426,35.6816924709,High
26128,23264,Davidson,81,171752.0,Northern,305.4,1757.8,High,-80.2127487756,35.7933524917,High
26137,1183,Graham,81,7935.0,Western,27.5,8085.4,High,-83.833581803,35.350171951,High
26139,3052,Greene,81,19978.0,Coastal,76.7,1640.3,High,-77.6757626742,35.4849957203,High
26111,13905,Burke,81,88398.0,Western,173.0,1836.1,High,-81.7047784739,35.7496106399,High
26160,1822,Mitchell,81,14783.0,Western,67.4,458.42,High,-82.1635815487,36.0132038869,High
26112,29995,Cabarrus,81,232873.0,Central,625.1,1374.8,High,-80.5518508851,35.3867940405,High
26126,2300,Currituck,81,29385.0,Coastal,107.3,1344.3,High,-75.936949201,36.3672994836,High
26118,6211,Chatham,81,77095.0,Eastern,111.9,1456.0,High,-79.2552758614,35.7025721296,High
26156,2398,Madison,81,21146.0,Western,47.1,1247.6,High,-82.7057582627,35.8580358086,High
26148,26107,Iredell,81,192986.0,Northern,325.0,1866.4,High,-80.8734378255,35.8070259189,High
26263,14197,Nash,82,96101.0,Coastal,175.7,1838.5,High,-77.9864448378,35.9672502839,High
26280,10122,Rutherford,82,63870.0,Western,114.0,2009.9,High,-81.9198334642,35.4025956291,High
26275,19485,Randolph,82,143325.0,Northern,184.3,1615.5,High,-79.8060069064,35.7103417044,High
26274,2111,Polk,82,19461.0,Western,81.3,1596.5,High,-82.1696779265,35.2792789622,High
26286,1706,Swain,82,14046.0,Western,26.8,3517.8,High,-83.4927393736,35.4868150519,High
26250,30016,Johnston,82,224833.0,Coastal,272.7,1547.3,High,-78.3657109025,35.5178069265,High
26265,2394,Northampton,82,16953.0,Eastern,32.6,2092.6,High,-77.3968212099,36.4177312434,High
26276,6633,Richmond,82,43006.0,Eastern,90.7,5508.4,High,-79.7477780226,35.0060483545,High
26272,4642,Person,82,39048.0,Eastern,99.7,1862.8,High,-78.9718051426,36.3900951244,High
26228,23538,Davidson,82,171752.0,Northern,305.4,1757.8,High,-80.2127487756,35.7933524917,High
26237,1197,Graham,82,7935.0,Western,27.5,8085.4,High,-83.833581803,35.350171951,High
26298,5471,Yadkin,82,36925.0,Northern,111.1,1820.8,High,-80.6652439331,36.1605336919,High
26285,10977,Surry,82,70573.0,Northern,134.0,1507.5,High,-80.6880779273,36.4148205561,High
26261,4206,Montgomery,82,25485.0,Eastern,52.4,2480.1,High,-79.9054790812,35.332466935,High
26226,2353,Currituck,82,29385.0,Coastal,107.3,1344.3,High,-75.936949201,36.3672994836,High
26231,32810,Durham,82,331347.0,Eastern,1133.7,3966.0,High,-78.8765926949,36.0360299243,High
26277,23653,Robeson,82,115899.0,Coastal,123.0,5137.4,High,-79.1038649277,34.6402420514,High
26204,3081,Ashe,82,26506.0,Northern,62.3,1123.1,High,-81.5005211955,36.434424701,High
26223,9508,Columbus,82,49795.0,Coastal,54.0,2887.71,High,-78.6550308717,34.2656450828,High
26218,6269,Chatham,82,77095.0,Eastern,111.9,1456.0,High,-79.2552758614,35.7025721296,High
26206,6380,Beaufort,82,44150.0,Coastal,53.6,2157.95,High,-76.8453144055,35.486983815,High
26212,30305,Cabarrus,82,232873.0,Central,625.1,1374.8,High,-80.5518508851,35.3867940405,High
26297,12218,Wilson,82,79078.0,Coastal,214.3,2386.9,High,-77.9186629547,35.7051457145,High
26270,8202,Pender,82,62250.0,Coastal,69.1,1461.9,High,-77.8884355846,34.5150997489,High
26225,40770,Cumberland,82,341793.0,Eastern,512.9,3748.5,High,-78.8275607671,35.048611942,High
26257,3288,Martin,82,21503.0,Coastal,48.3,2717.4,High,-77.109232267,35.843213981,High
26289,33251,Union,82,244960.0,Central,376.6,1582.3,High,-80.5307400446,34.9883574887,High
26200,23980,Alamance,82,175029.0,Northern,404.8,3065.6,High,-79.3994248175,36.0437098766,High
26264,26824,New Hanover,82,230423.0,Coastal,1174.0,2612.3,High,-77.865597569,34.1815553357,High
26290,6082,Vance,82,41665.0,Eastern,168.7,3584.5,High,-78.4079288849,36.3649169333,High
26248,26434,Iredell,82,192986.0,Northern,325.0,1866.4,High,-80.8734378255,35.8070259189,High
26239,3084,Greene,82,19978.0,Coastal,76.7,1640.3,High,-77.6757626742,35.4849957203,High
26253,8717,Lenoir,82,54323.0,Coastal,138.1,3246.04,High,-77.6412486292,35.2387731611,High
26299,2571,Yancey,82,18320.0,Western,59.1,557.0,High,-82.3076279784,35.8989479924,High
26214,959,Camden,82,10537.0,Coastal,43.1,793.0,High,-76.1609504039,36.3411216216,High
26221,1423,Clay,82,11238.0,Western,51.6,2288.34,High,-83.7501767115,35.0571811284,High
26222,16378,Cleveland,82,99332.0,Western,214.4,2001.7,High,-81.5555471412,35.3341018022,High
26291,121290,Wake,82,1154170.0,Eastern,1353.3,1846.0,High,-78.6503081729,35.7902443741,High
26245,2584,Hertford,82,20374.0,Coastal,61.0,2281.6,High,-76.9807147831,36.3586360305,High
26281,10430,Sampson,82,58371.0,Coastal,62.4,2241.9,High,-78.3713906105,34.9915361594,High
26236,938,Gates,82,10324.0,Coastal,30.8,750.9,High,-76.7005266521,36.4449435708,High
26243,6482,Haywood,82,62831.0,Western,112.2,3591.8,High,-82.9821729698,35.5560557128,High
26210,24848,Buncombe,82,271638.0,Western,410.4,3012.8,High,-82.5301070587,35.611177887,High
26293,1424,Washington,82,10708.0,Coastal,31.8,1746.8,High,-76.5693098876,35.8392646425,High
26235,36056,Gaston,82,233387.0,Central,640.7,2912.4,High,-81.1802416273,35.2943489527,High
26287,3496,Transylvania,82,32825.0,Western,87.2,978.5,High,-82.7983001279,35.2021778635,High
26219,4294,Cherokee,82,28738.0,Western,63.2,3613.3,High,-84.063444228,35.1338574515,High
26283,10574,Stanly,82,62143.0,Central,158.2,2425.2,High,-80.2509863077,35.3119550622,High
26203,3510,Anson,82,22028.0,Central,41.5,2802.1,High,-80.102712026,34.9737894417,High
26238,7307,Granville,82,60720.0,Eastern,114.6,1466.3,High,-78.6527194252,36.3040698262,High
26233,47275,Forsyth,82,387703.0,Northern,938.1,4129.5,High,-80.256300016,36.1306195485,High
26201,5911,Alexander,82,36172.0,Northern,140.2,1440.7,High,-81.1770268506,35.9210263138,High
26255,4366,Macon,82,37041.0,Western,71.8,2077.4,High,-83.4221767088,35.1504672096,High
26295,14589,Wayne,82,115895.0,Coastal,211.8,2813.0,High,-78.0039971272,35.3639599672,High
26244,13789,Henderson,82,117429.0,Western,311.8,2039.7,High,-82.4799463782,35.3362263031,High
26262,12479,Moore,82,102966.0,Eastern,142.9,1617.3,High,-79.4813744392,35.3106538555,High
26278,10621,Rockingham,82,90457.0,Northern,161.0,2130.4,High,-79.7749871967,36.3960127906,High
26267,10814,Orange,82,148331.0,Eastern,374.0,1991.9,High,-79.120649356,36.0611182361,High
26213,12132,Caldwell,82,81319.0,Northern,170.9,2504.8,High,-81.5464366451,35.9530379334,High
26230,9108,Duplin,82,48249.0,Coastal,59.8,2911.6,High,-77.9330277459,34.9365348363,High
26240,61136,Guilford,82,545484.0,Northern,838.0,3371.1,High,-79.7889042685,36.0794717315,High
26247,781,Hyde,82,4595.0,Coastal,7.5,0.0,High,-76.1449651093,35.4081187361,High
26294,6086,Watauga,82,54804.0,Northern,173.1,1191.8,High,-81.6964250718,36.2311062795,High
26269,4391,Pasquotank,82,40966.0,Coastal,178.8,2078.8,High,-76.2492413613,36.2650187228,High
26215,7427,Carteret,82,69039.0,Coastal,133.3,1912.1,High,-76.5357430669,34.8612598084,High
26220,2083,Chowan,82,13646.0,Coastal,79.4,1402.6,High,-76.6021303656,36.1265615389,High
26282,5254,Scotland,82,33662.0,Eastern,107.1,3528.0,High,-79.4804292418,34.8408848102,High
26279,24391,Rowan,82,148565.0,Northern,287.1,2292.8,High,-80.5247717485,35.6394734632,High
26242,16727,Harnett,82,134986.0,Eastern,224.5,2172.6,High,-78.8694125204,35.3686291614,High
26234,8977,Franklin,82,70655.0,Eastern,139.4,1314.6,High,-78.2856965824,36.0827733527,High
26207,2282,Bertie,82,17302.0,Coastal,25.7,1594.6,High,-76.9667121404,36.0656302022,High
26229,5664,Davie,82,43127.0,Northern,162.0,1665.25,High,-80.5444636482,35.929110866,High
26208,5160,Bladen,82,29171.0,Coastal,33.8,2578.5,High,-78.5636493115,34.6145873342,High
26227,3433,Dare,82,37817.0,Coastal,96.3,1872.9,High,-75.6852333134,35.664936694,High
26266,25187,Onslow,82,207928.0,Coastal,268.4,2191.23,High,-77.4157658244,34.709836363,High
26209,14576,Brunswick,82,144821.0,Coastal,160.8,1537.1,High,-78.2274071617,34.0388755841,High
26211,14119,Burke,82,88398.0,Western,173.0,1836.1,High,-81.7047784739,35.7496106399,High
26217,26057,Catawba,82,162841.0,Northern,400.2,2802.5,High,-81.2150705598,35.662042354,High
26251,1198,Jones,82,9076.0,Coastal,19.5,0.0,High,-77.3551679748,35.0217248029,High
26259,146038,Mecklenburg,82,1128426.0,Central,2130.4,3736.1,High,-80.8327311406,35.2467670437,High
26216,2873,Caswell,82,22400.0,Eastern,53.5,317.5,High,-79.3335234769,36.3932742158,High
26284,5526,Stokes,82,44422.0,Northern,99.1,2146.85,High,-80.2395157151,36.4019040049,High
26260,1838,Mitchell,82,14783.0,Western,67.4,458.42,High,-82.1635815487,36.0132038869,High
26292,2181,Warren,82,18621.0,Eastern,43.4,2235.0,High,-78.1067171324,36.3965102811,High
26246,6596,Hoke,82,53783.0,Eastern,133.5,2028.14,High,-79.237290715,35.0175290075,High
26224,12943,Craven,82,102568.0,Coastal,142.5,2112.3,High,-77.082003837,35.117685821,High
26252,8633,Lee,82,64360.0,Eastern,248.1,1631.1,High,-79.1714836119,35.4751864248,High
26202,1470,Alleghany,82,11057.0,Northern,46.4,697.2,High,-81.1278593427,36.4912704378,High
26241,7171,Halifax,82,47859.0,Coastal,67.2,2754.7,High,-77.6517329831,36.2574485453,High
26232,7229,Edgecombe,82,48604.0,Coastal,96.7,2366.3,High,-77.5970588882,35.912880671,High
26256,2447,Madison,82,21146.0,Western,47.1,1247.6,High,-82.7057582627,35.8580358086,High
26205,2493,Avery,82,17347.0,Western,72.0,1003.4,High,-81.9226013745,36.0766050343,High
26271,1366,Perquimans,82,13049.0,Coastal,52.6,684.8,High,-76.4076199893,36.1772228503,High
26288,491,Tyrrell,82,3315.0,Coastal,8.3,957.2,High,-76.1704523585,35.8694070017,High
26258,7670,McDowell,82,44151.0,Western,101.3,2610.9,High,-82.0493124426,35.6816924709,High
26273,27311,Pitt,82,173536.0,Coastal,261.0,2238.9,High,-77.3744965519,35.5932989746,High
26254,13506,Lincoln,82,88742.0,Central,293.4,1745.2,High,-81.2235326264,35.4855950234,High
26249,5030,Jackson,82,41919.0,Western,87.8,1864.6,High,-83.1408496187,35.2875866253,High
26296,9731,Wilkes,82,65151.0,Northern,87.5,1887.3,High,-81.1633856618,36.2062757623,High
26268,1519,Pamlico,82,12215.0,Coastal,36.5,2321.5,High,-76.6694598427,35.151021226,High
26339,3084,Greene,83,19978.0,Coastal,76.7,1640.3,High,-77.6757626742,35.4849957203,High
26353,8738,Lenoir,83,54323.0,Coastal,138.1,3246.04,High,-77.6412486292,35.2387731611,High
26311,14157,Burke,83,88398.0,Western,173.0,1836.1,High,-81.7047784739,35.7496106399,High
26314,966,Camden,83,10537.0,Coastal,43.1,793.0,High,-76.1609504039,36.3411216216,High
26321,1427,Clay,83,11238.0,Western,51.6,2288.34,High,-83.7501767115,35.0571811284,High
26307,2288,Bertie,83,17302.0,Coastal,25.7,1594.6,High,-76.9667121404,36.0656302022,High
26330,9127,Duplin,83,48249.0,Coastal,59.8,2911.6,High,-77.9330277459,34.9365348363,High
26348,26513,Iredell,83,192986.0,Northern,325.0,1866.4,High,-80.8734378255,35.8070259189,High
26390,6095,Vance,83,41665.0,Eastern,168.7,3584.5,High,-78.4079288849,36.3649169333,High
26303,3526,Anson,83,22028.0,Central,41.5,2802.1,High,-80.102712026,34.9737894417,High
26388,492,Tyrrell,83,3315.0,Coastal,8.3,957.2,High,-76.1704523585,35.8694070017,High
26367,10829,Orange,83,148331.0,Eastern,374.0,1991.9,High,-79.120649356,36.0611182361,High
26357,3307,Martin,83,21503.0,Coastal,48.3,2717.4,High,-77.109232267,35.843213981,High
26364,26890,New Hanover,83,230423.0,Coastal,1174.0,2612.3,High,-77.865597569,34.1815553357,High
26370,8232,Pender,83,62250.0,Coastal,69.1,1461.9,High,-77.8884355846,34.5150997489,High
26312,30488,Cabarrus,83,232873.0,Central,625.1,1374.8,High,-80.5518508851,35.3867940405,High
26332,7268,Edgecombe,83,48604.0,Coastal,96.7,2366.3,High,-77.5970588882,35.912880671,High
26345,2592,Hertford,83,20374.0,Coastal,61.0,2281.6,High,-76.9807147831,36.3586360305,High
26358,7685,McDowell,83,44151.0,Western,101.3,2610.9,High,-82.0493124426,35.6816924709,High
26305,2502,Avery,83,17347.0,Western,72.0,1003.4,High,-81.9226013745,36.0766050343,High
26396,9780,Wilkes,83,65151.0,Northern,87.5,1887.3,High,-81.1633856618,36.2062757623,High
26347,785,Hyde,83,4595.0,Coastal,7.5,0.0,High,-76.1449651093,35.4081187361,High
26340,61326,Guilford,83,545484.0,Northern,838.0,3371.1,High,-79.7889042685,36.0794717315,High
26301,5919,Alexander,83,36172.0,Northern,140.2,1440.7,High,-81.1770268506,35.9210263138,High
26316,2880,Caswell,83,22400.0,Eastern,53.5,317.5,High,-79.3335234769,36.3932742158,High
26376,6651,Richmond,83,43006.0,Eastern,90.7,5508.4,High,-79.7477780226,35.0060483545,High
26385,11027,Surry,83,70573.0,Northern,134.0,1507.5,High,-80.6880779273,36.4148205561,High
26354,13565,Lincoln,83,88742.0,Central,293.4,1745.2,High,-81.2235326264,35.4855950234,High
26361,4216,Montgomery,83,25485.0,Eastern,52.4,2480.1,High,-79.9054790812,35.332466935,High
26377,23699,Robeson,83,115899.0,Coastal,123.0,5137.4,High,-79.1038649277,34.6402420514,High
26302,1476,Alleghany,83,11057.0,Northern,46.4,697.2,High,-81.1278593427,36.4912704378,High
26328,23647,Davidson,83,171752.0,Northern,305.4,1757.8,High,-80.2127487756,35.7933524917,High
26398,5496,Yadkin,83,36925.0,Northern,111.1,1820.8,High,-80.6652439331,36.1605336919,High
26394,6105,Watauga,83,54804.0,Northern,173.1,1191.8,High,-81.6964250718,36.2311062795,High
26356,2458,Madison,83,21146.0,Western,47.1,1247.6,High,-82.7057582627,35.8580358086,High
26360,1839,Mitchell,83,14783.0,Western,67.4,458.42,High,-82.1635815487,36.0132038869,High
26346,6618,Hoke,83,53783.0,Eastern,133.5,2028.14,High,-79.237290715,35.0175290075,High
26355,4393,Macon,83,37041.0,Western,71.8,2077.4,High,-83.4221767088,35.1504672096,High
26329,5694,Davie,83,43127.0,Northern,162.0,1665.25,High,-80.5444636482,35.929110866,High
26375,19529,Randolph,83,143325.0,Northern,184.3,1615.5,High,-79.8060069064,35.7103417044,High
26315,7445,Carteret,83,69039.0,Coastal,133.3,1912.1,High,-76.5357430669,34.8612598084,High
26366,25255,Onslow,83,207928.0,Coastal,268.4,2191.23,High,-77.4157658244,34.709836363,High
26374,2118,Polk,83,19461.0,Western,81.3,1596.5,High,-82.1696779265,35.2792789622,High
26310,24934,Buncombe,83,271638.0,Western,410.4,3012.8,High,-82.5301070587,35.611177887,High
26338,7327,Granville,83,60720.0,Eastern,114.6,1466.3,High,-78.6527194252,36.3040698262,High
26319,4310,Cherokee,83,28738.0,Western,63.2,3613.3,High,-84.063444228,35.1338574515,High
26324,13004,Craven,83,102568.0,Coastal,142.5,2112.3,High,-77.082003837,35.117685821,High
26395,14616,Wayne,83,115895.0,Coastal,211.8,2813.0,High,-78.0039971272,35.3639599672,High
26378,10657,Rockingham,83,90457.0,Northern,161.0,2130.4,High,-79.7749871967,36.3960127906,High
26343,6528,Haywood,83,62831.0,Western,112.2,3591.8,High,-82.9821729698,35.5560557128,High
26393,1428,Washington,83,10708.0,Coastal,31.8,1746.8,High,-76.5693098876,35.8392646425,High
26333,47457,Forsyth,83,387703.0,Northern,938.1,4129.5,High,-80.256300016,36.1306195485,High
26313,12167,Caldwell,83,81319.0,Northern,170.9,2504.8,High,-81.5464366451,35.9530379334,High
26344,13829,Henderson,83,117429.0,Western,311.8,2039.7,High,-82.4799463782,35.3362263031,High
26336,940,Gates,83,10324.0,Coastal,30.8,750.9,High,-76.7005266521,36.4449435708,High
26322,16521,Cleveland,83,99332.0,Western,214.4,2001.7,High,-81.5555471412,35.3341018022,High
26379,24492,Rowan,83,148565.0,Northern,287.1,2292.8,High,-80.5247717485,35.6394734632,High
26369,4403,Pasquotank,83,40966.0,Coastal,178.8,2078.8,High,-76.2492413613,36.2650187228,High
26323,9516,Columbus,83,49795.0,Coastal,54.0,2887.71,High,-78.6550308717,34.2656450828,High
26380,10160,Rutherford,83,63870.0,Western,114.0,2009.9,High,-81.9198334642,35.4025956291,High
26373,27382,Pitt,83,173536.0,Coastal,261.0,2238.9,High,-77.3744965519,35.5932989746,High
26359,146601,Mecklenburg,83,1128426.0,Central,2130.4,3736.1,High,-80.8327311406,35.2467670437,High
26352,8658,Lee,83,64360.0,Eastern,248.1,1631.1,High,-79.1714836119,35.4751864248,High
26327,3445,Dare,83,37817.0,Coastal,96.3,1872.9,High,-75.6852333134,35.664936694,High
26350,30090,Johnston,83,224833.0,Coastal,272.7,1547.3,High,-78.3657109025,35.5178069265,High
26389,33423,Union,83,244960.0,Central,376.6,1582.3,High,-80.5307400446,34.9883574887,High
26326,2363,Currituck,83,29385.0,Coastal,107.3,1344.3,High,-75.936949201,36.3672994836,High
26337,1209,Graham,83,7935.0,Western,27.5,8085.4,High,-83.833581803,35.350171951,High
26309,14652,Brunswick,83,144821.0,Coastal,160.8,1537.1,High,-78.2274071617,34.0388755841,High
26351,1193,Jones,83,9076.0,Coastal,19.5,0.0,High,-77.3551679748,35.0217248029,High
26317,26127,Catawba,83,162841.0,Northern,400.2,2802.5,High,-81.2150705598,35.662042354,High
26391,121514,Wake,83,1154170.0,Eastern,1353.3,1846.0,High,-78.6503081729,35.7902443741,High
26382,5271,Scotland,83,33662.0,Eastern,107.1,3528.0,High,-79.4804292418,34.8408848102,High
26372,4670,Person,83,39048.0,Eastern,99.7,1862.8,High,-78.9718051426,36.3900951244,High
26331,32888,Durham,83,331347.0,Eastern,1133.7,3966.0,High,-78.8765926949,36.0360299243,High
26349,5071,Jackson,83,41919.0,Western,87.8,1864.6,High,-83.1408496187,35.2875866253,High
26320,2091,Chowan,83,13646.0,Coastal,79.4,1402.6,High,-76.6021303656,36.1265615389,High
26371,1368,Perquimans,83,13049.0,Coastal,52.6,684.8,High,-76.4076199893,36.1772228503,High
26384,5548,Stokes,83,44422.0,Northern,99.1,2146.85,High,-80.2395157151,36.4019040049,High
26387,3510,Transylvania,83,32825.0,Western,87.2,978.5,High,-82.7983001279,35.2021778635,High
26304,3090,Ashe,83,26506.0,Northern,62.3,1123.1,High,-81.5005211955,36.434424701,High
26381,10447,Sampson,83,58371.0,Coastal,62.4,2241.9,High,-78.3713906105,34.9915361594,High
26318,6274,Chatham,83,77095.0,Eastern,111.9,1456.0,High,-79.2552758614,35.7025721296,High
26399,2580,Yancey,83,18320.0,Western,59.1,557.0,High,-82.3076279784,35.8989479924,High
26362,12542,Moore,83,102966.0,Eastern,142.9,1617.3,High,-79.4813744392,35.3106538555,High
26365,2403,Northampton,83,16953.0,Eastern,32.6,2092.6,High,-77.3968212099,36.4177312434,High
26386,1719,Swain,83,14046.0,Western,26.8,3517.8,High,-83.4927393736,35.4868150519,High
26392,2185,Warren,83,18621.0,Eastern,43.4,2235.0,High,-78.1067171324,36.3965102811,High
26363,14218,Nash,83,96101.0,Coastal,175.7,1838.5,High,-77.9864448378,35.9672502839,High
26300,24030,Alamance,83,175029.0,Northern,404.8,3065.6,High,-79.3994248175,36.0437098766,High
26342,16768,Harnett,83,134986.0,Eastern,224.5,2172.6,High,-78.8694125204,35.3686291614,High
26383,10631,Stanly,83,62143.0,Central,158.2,2425.2,High,-80.2509863077,35.3119550622,High
26308,5174,Bladen,83,29171.0,Coastal,33.8,2578.5,High,-78.5636493115,34.6145873342,High
26325,40864,Cumberland,83,341793.0,Eastern,512.9,3748.5,High,-78.8275607671,35.048611942,High
26335,36236,Gaston,83,233387.0,Central,640.7,2912.4,High,-81.1802416273,35.2943489527,High
26341,7189,Halifax,83,47859.0,Coastal,67.2,2754.7,High,-77.6517329831,36.2574485453,High
26397,12245,Wilson,83,79078.0,Coastal,214.3,2386.9,High,-77.9186629547,35.7051457145,High
26334,8984,Franklin,83,70655.0,Eastern,139.4,1314.6,High,-78.2856965824,36.0827733527,High
26306,6408,Beaufort,83,44150.0,Coastal,53.6,2157.95,High,-76.8453144055,35.486983815,High
26368,1529,Pamlico,83,12215.0,Coastal,36.5,2321.5,High,-76.6694598427,35.151021226,High
26431,32888,Durham,84,331347.0,Eastern,1133.7,3966.0,High,-78.8765926949,36.0360299243,High
26449,5079,Jackson,84,41919.0,Western,87.8,1864.6,High,-83.1408496187,35.2875866253,High
26413,12236,Caldwell,84,81319.0,Northern,170.9,2504.8,High,-81.5464366451,35.9530379334,High
26479,24565,Rowan,84,148565.0,Northern,287.1,2292.8,High,-80.5247717485,35.6394734632,High
26408,5190,Bladen,84,29171.0,Coastal,33.8,2578.5,High,-78.5636493115,34.6145873342,High
26461,4227,Montgomery,84,25485.0,Eastern,52.4,2480.1,High,-79.9054790812,35.332466935,High
26474,2130,Polk,84,19461.0,Western,81.3,1596.5,High,-82.1696779265,35.2792789622,High
26410,25059,Buncombe,84,271638.0,Western,410.4,3012.8,High,-82.5301070587,35.611177887,High
26471,1375,Perquimans,84,13049.0,Coastal,52.6,684.8,High,-76.4076199893,36.1772228503,High
26488,495,Tyrrell,84,3315.0,Coastal,8.3,957.2,High,-76.1704523585,35.8694070017,High
26405,2507,Avery,84,17347.0,Western,72.0,1003.4,High,-81.9226013745,36.0766050343,High
26446,6646,Hoke,84,53783.0,Eastern,133.5,2028.14,High,-79.237290715,35.0175290075,High
26409,14735,Brunswick,84,144821.0,Coastal,160.8,1537.1,High,-78.2274071617,34.0388755841,High
26454,13683,Lincoln,84,88742.0,Central,293.4,1745.2,High,-81.2235326264,35.4855950234,High
26480,10187,Rutherford,84,63870.0,Western,114.0,2009.9,High,-81.9198334642,35.4025956291,High
26487,3524,Transylvania,84,32825.0,Western,87.2,978.5,High,-82.7983001279,35.2021778635,High
26423,9523,Columbus,84,49795.0,Coastal,54.0,2887.71,High,-78.6550308717,34.2656450828,High
26496,9819,Wilkes,84,65151.0,Northern,87.5,1887.3,High,-81.1633856618,36.2062757623,High
26475,19645,Randolph,84,143325.0,Northern,184.3,1615.5,High,-79.8060069064,35.7103417044,High
26484,5574,Stokes,84,44422.0,Northern,99.1,2146.85,High,-80.2395157151,36.4019040049,High
26411,14236,Burke,84,88398.0,Western,173.0,1836.1,High,-81.7047784739,35.7496106399,High
26486,1735,Swain,84,14046.0,Western,26.8,3517.8,High,-83.4927393736,35.4868150519,High
26452,8694,Lee,84,64360.0,Eastern,248.1,1631.1,High,-79.1714836119,35.4751864248,High
26436,944,Gates,84,10324.0,Coastal,30.8,750.9,High,-76.7005266521,36.4449435708,High
26434,9057,Franklin,84,70655.0,Eastern,139.4,1314.6,High,-78.2856965824,36.0827733527,High
26401,5975,Alexander,84,36172.0,Northern,140.2,1440.7,High,-81.1770268506,35.9210263138,High
26472,4700,Person,84,39048.0,Eastern,99.7,1862.8,High,-78.9718051426,36.3900951244,High
26415,7499,Carteret,84,69039.0,Coastal,133.3,1912.1,High,-76.5357430669,34.8612598084,High
26458,7723,McDowell,84,44151.0,Western,101.3,2610.9,High,-82.0493124426,35.6816924709,High
26427,3465,Dare,84,37817.0,Coastal,96.3,1872.9,High,-75.6852333134,35.664936694,High
26429,5714,Davie,84,43127.0,Northern,162.0,1665.25,High,-80.5444636482,35.929110866,High
26420,2106,Chowan,84,13646.0,Coastal,79.4,1402.6,High,-76.6021303656,36.1265615389,High
26498,5519,Yadkin,84,36925.0,Northern,111.1,1820.8,High,-80.6652439331,36.1605336919,High
26469,4433,Pasquotank,84,40966.0,Coastal,178.8,2078.8,High,-76.2492413613,36.2650187228,High
26426,2378,Currituck,84,29385.0,Coastal,107.3,1344.3,High,-75.936949201,36.3672994836,High
26468,1543,Pamlico,84,12215.0,Coastal,36.5,2321.5,High,-76.6694598427,35.151021226,High
26478,10698,Rockingham,84,90457.0,Northern,161.0,2130.4,High,-79.7749871967,36.3960127906,High
26447,785,Hyde,84,4595.0,Coastal,7.5,0.0,High,-76.1449651093,35.4081187361,High
26445,2600,Hertford,84,20374.0,Coastal,61.0,2281.6,High,-76.9807147831,36.3586360305,High
26437,1214,Graham,84,7935.0,Western,27.5,8085.4,High,-83.833581803,35.350171951,High
26402,1477,Alleghany,84,11057.0,Northern,46.4,697.2,High,-81.1278593427,36.4912704378,High
26450,30239,Johnston,84,224833.0,Coastal,272.7,1547.3,High,-78.3657109025,35.5178069265,High
26499,2584,Yancey,84,18320.0,Western,59.1,557.0,High,-82.3076279784,35.8989479924,High
26467,10875,Orange,84,148331.0,Eastern,374.0,1991.9,High,-79.120649356,36.0611182361,High
26417,26257,Catawba,84,162841.0,Northern,400.2,2802.5,High,-81.2150705598,35.662042354,High
26477,23786,Robeson,84,115899.0,Coastal,123.0,5137.4,High,-79.1038649277,34.6402420514,High
26444,13902,Henderson,84,117429.0,Western,311.8,2039.7,High,-82.4799463782,35.3362263031,High
26485,11085,Surry,84,70573.0,Northern,134.0,1507.5,High,-80.6880779273,36.4148205561,High
26442,16838,Harnett,84,134986.0,Eastern,224.5,2172.6,High,-78.8694125204,35.3686291614,High
26492,2191,Warren,84,18621.0,Eastern,43.4,2235.0,High,-78.1067171324,36.3965102811,High
26416,2886,Caswell,84,22400.0,Eastern,53.5,317.5,High,-79.3335234769,36.3932742158,High
26476,6672,Richmond,84,43006.0,Eastern,90.7,5508.4,High,-79.7477780226,35.0060483545,High
26465,2416,Northampton,84,16953.0,Eastern,32.6,2092.6,High,-77.3968212099,36.4177312434,High
26441,7227,Halifax,84,47859.0,Coastal,67.2,2754.7,High,-77.6517329831,36.2574485453,High
26412,30579,Cabarrus,84,232873.0,Central,625.1,1374.8,High,-80.5518508851,35.3867940405,High
26435,36487,Gaston,84,233387.0,Central,640.7,2912.4,High,-81.1802416273,35.2943489527,High
26414,973,Camden,84,10537.0,Coastal,43.1,793.0,High,-76.1609504039,36.3411216216,High
26430,9154,Duplin,84,48249.0,Coastal,59.8,2911.6,High,-77.9330277459,34.9365348363,High
26482,5304,Scotland,84,33662.0,Eastern,107.1,3528.0,High,-79.4804292418,34.8408848102,High
26451,1195,Jones,84,9076.0,Coastal,19.5,0.0,High,-77.3551679748,35.0217248029,High
26428,23743,Davidson,84,171752.0,Northern,305.4,1757.8,High,-80.2127487756,35.7933524917,High
26457,3319,Martin,84,21503.0,Coastal,48.3,2717.4,High,-77.109232267,35.843213981,High
26419,4343,Cherokee,84,28738.0,Western,63.2,3613.3,High,-84.063444228,35.1338574515,High
26489,33603,Union,84,244960.0,Central,376.6,1582.3,High,-80.5307400446,34.9883574887,High
26448,26617,Iredell,84,192986.0,Northern,325.0,1866.4,High,-80.8734378255,35.8070259189,High
26453,8791,Lenoir,84,54323.0,Coastal,138.1,3246.04,High,-77.6412486292,35.2387731611,High
26473,27531,Pitt,84,173536.0,Coastal,261.0,2238.9,High,-77.3744965519,35.5932989746,High
26432,7295,Edgecombe,84,48604.0,Coastal,96.7,2366.3,High,-77.5970588882,35.912880671,High
26464,27007,New Hanover,84,230423.0,Coastal,1174.0,2612.3,High,-77.865597569,34.1815553357,High
26421,1430,Clay,84,11238.0,Western,51.6,2288.34,High,-83.7501767115,35.0571811284,High
26439,3092,Greene,84,19978.0,Coastal,76.7,1640.3,High,-77.6757626742,35.4849957203,High
26438,7356,Granville,84,60720.0,Eastern,114.6,1466.3,High,-78.6527194252,36.3040698262,High
26456,2484,Madison,84,21146.0,Western,47.1,1247.6,High,-82.7057582627,35.8580358086,High
26455,4398,Macon,84,37041.0,Western,71.8,2077.4,High,-83.4221767088,35.1504672096,High
26403,3543,Anson,84,22028.0,Central,41.5,2802.1,High,-80.102712026,34.9737894417,High
26400,24156,Alamance,84,175029.0,Northern,404.8,3065.6,High,-79.3994248175,36.0437098766,High
26483,10692,Stanly,84,62143.0,Central,158.2,2425.2,High,-80.2509863077,35.3119550622,High
26459,147294,Mecklenburg,84,1128426.0,Central,2130.4,3736.1,High,-80.8327311406,35.2467670437,High
26497,12309,Wilson,84,79078.0,Coastal,214.3,2386.9,High,-77.9186629547,35.7051457145,High
26491,122210,Wake,84,1154170.0,Eastern,1353.3,1846.0,High,-78.6503081729,35.7902443741,High
26433,47642,Forsyth,84,387703.0,Northern,938.1,4129.5,High,-80.256300016,36.1306195485,High
26425,41025,Cumberland,84,341793.0,Eastern,512.9,3748.5,High,-78.8275607671,35.048611942,High
26406,6430,Beaufort,84,44150.0,Coastal,53.6,2157.95,High,-76.8453144055,35.486983815,High
26490,6118,Vance,84,41665.0,Eastern,168.7,3584.5,High,-78.4079288849,36.3649169333,High
26440,61662,Guilford,84,545484.0,Northern,838.0,3371.1,High,-79.7889042685,36.0794717315,High
26494,6114,Watauga,84,54804.0,Northern,173.1,1191.8,High,-81.6964250718,36.2311062795,High
26462,12603,Moore,84,102966.0,Eastern,142.9,1617.3,High,-79.4813744392,35.3106538555,High
26470,8246,Pender,84,62250.0,Coastal,69.1,1461.9,High,-77.8884355846,34.5150997489,High
26466,25369,Onslow,84,207928.0,Coastal,268.4,2191.23,High,-77.4157658244,34.709836363,High
26463,14274,Nash,84,96101.0,Coastal,175.7,1838.5,High,-77.9864448378,35.9672502839,High
26481,10492,Sampson,84,58371.0,Coastal,62.4,2241.9,High,-78.3713906105,34.9915361594,High
26495,14679,Wayne,84,115895.0,Coastal,211.8,2813.0,High,-78.0039971272,35.3639599672,High
26443,6571,Haywood,84,62831.0,Western,112.2,3591.8,High,-82.9821729698,35.5560557128,High
26407,2293,Bertie,84,17302.0,Coastal,25.7,1594.6,High,-76.9667121404,36.0656302022,High
26404,3100,Ashe,84,26506.0,Northern,62.3,1123.1,High,-81.5005211955,36.434424701,High
26418,6294,Chatham,84,77095.0,Eastern,111.9,1456.0,High,-79.2552758614,35.7025721296,High
26493,1429,Washington,84,10708.0,Coastal,31.8,1746.8,High,-76.5693098876,35.8392646425,High
26460,1841,Mitchell,84,14783.0,Western,67.4,458.42,High,-82.1635815487,36.0132038869,High
26422,16594,Cleveland,84,99332.0,Western,214.4,2001.7,High,-81.5555471412,35.3341018022,High
26424,13082,Craven,84,102568.0,Coastal,142.5,2112.3,High,-77.082003837,35.117685821,High
26505,2513,Avery,85,17347.0,Western,72.0,1003.4,High,-81.9226013745,36.0766050343,High
26523,9560,Columbus,85,49795.0,Coastal,54.0,2887.71,High,-78.6550308717,34.2656450828,High
26502,1498,Alleghany,85,11057.0,Northern,46.4,697.2,High,-81.1278593427,36.4912704378,High
26555,4431,Macon,85,37041.0,Western,71.8,2077.4,High,-83.4221767088,35.1504672096,High
26583,10740,Stanly,85,62143.0,Central,158.2,2425.2,High,-80.2509863077,35.3119550622,High
26539,3104,Greene,85,19978.0,Coastal,76.7,1640.3,High,-77.6757626742,35.4849957203,High
26532,7343,Edgecombe,85,48604.0,Coastal,96.7,2366.3,High,-77.5970588882,35.912880671,High
26587,3548,Transylvania,85,32825.0,Western,87.2,978.5,High,-82.7983001279,35.2021778635,High
26577,23859,Robeson,85,115899.0,Coastal,123.0,5137.4,High,-79.1038649277,34.6402420514,High
26533,47844,Forsyth,85,387703.0,Northern,938.1,4129.5,High,-80.256300016,36.1306195485,High
26508,5202,Bladen,85,29171.0,Coastal,33.8,2578.5,High,-78.5636493115,34.6145873342,High
26591,122634,Wake,85,1154170.0,Eastern,1353.3,1846.0,High,-78.6503081729,35.7902443741,High
26554,13752,Lincoln,85,88742.0,Central,293.4,1745.2,High,-81.2235326264,35.4855950234,High
26511,14339,Burke,85,88398.0,Western,173.0,1836.1,High,-81.7047784739,35.7496106399,High
26524,13159,Craven,85,102568.0,Coastal,142.5,2112.3,High,-77.082003837,35.117685821,High
26596,9864,Wilkes,85,65151.0,Northern,87.5,1887.3,High,-81.1633856618,36.2062757623,High
26586,1752,Swain,85,14046.0,Western,26.8,3517.8,High,-83.4927393736,35.4868150519,High
26536,950,Gates,85,10324.0,Coastal,30.8,750.9,High,-76.7005266521,36.4449435708,High
26509,14849,Brunswick,85,144821.0,Coastal,160.8,1537.1,High,-78.2274071617,34.0388755841,High
26540,61939,Guilford,85,545484.0,Northern,838.0,3371.1,High,-79.7889042685,36.0794717315,High
26529,5767,Davie,85,43127.0,Northern,162.0,1665.25,High,-80.5444636482,35.929110866,High
26518,6330,Chatham,85,77095.0,Eastern,111.9,1456.0,High,-79.2552758614,35.7025721296,High
26576,6700,Richmond,85,43006.0,Eastern,90.7,5508.4,High,-79.7477780226,35.0060483545,High
26564,27139,New Hanover,85,230423.0,Coastal,1174.0,2612.3,High,-77.865597569,34.1815553357,High
26599,2589,Yancey,85,18320.0,Western,59.1,557.0,High,-82.3076279784,35.8989479924,High
26516,2900,Caswell,85,22400.0,Eastern,53.5,317.5,High,-79.3335234769,36.3932742158,High
26550,30347,Johnston,85,224833.0,Coastal,272.7,1547.3,High,-78.3657109025,35.5178069265,High
26566,25511,Onslow,85,207928.0,Coastal,268.4,2191.23,High,-77.4157658244,34.709836363,High
26530,9193,Duplin,85,48249.0,Coastal,59.8,2911.6,High,-77.9330277459,34.9365348363,High
26568,1554,Pamlico,85,12215.0,Coastal,36.5,2321.5,High,-76.6694598427,35.151021226,High
26579,24632,Rowan,85,148565.0,Northern,287.1,2292.8,High,-80.5247717485,35.6394734632,High
26557,3347,Martin,85,21503.0,Coastal,48.3,2717.4,High,-77.109232267,35.843213981,High
26570,8296,Pender,85,62250.0,Coastal,69.1,1461.9,High,-77.8884355846,34.5150997489,High
26548,26762,Iredell,85,192986.0,Northern,325.0,1866.4,High,-80.8734378255,35.8070259189,High
26512,30702,Cabarrus,85,232873.0,Central,625.1,1374.8,High,-80.5518508851,35.3867940405,High
26515,7562,Carteret,85,69039.0,Coastal,133.3,1912.1,High,-76.5357430669,34.8612598084,High
26562,12673,Moore,85,102966.0,Eastern,142.9,1617.3,High,-79.4813744392,35.3106538555,High
26507,2303,Bertie,85,17302.0,Coastal,25.7,1594.6,High,-76.9667121404,36.0656302022,High
26569,4452,Pasquotank,85,40966.0,Coastal,178.8,2078.8,High,-76.2492413613,36.2650187228,High
26573,27651,Pitt,85,173536.0,Coastal,261.0,2238.9,High,-77.3744965519,35.5932989746,High
26567,10889,Orange,85,148331.0,Eastern,374.0,1991.9,High,-79.120649356,36.0611182361,High
26592,2198,Warren,85,18621.0,Eastern,43.4,2235.0,High,-78.1067171324,36.3965102811,High
26520,2119,Chowan,85,13646.0,Coastal,79.4,1402.6,High,-76.6021303656,36.1265615389,High
26582,5318,Scotland,85,33662.0,Eastern,107.1,3528.0,High,-79.4804292418,34.8408848102,High
26574,2138,Polk,85,19461.0,Western,81.3,1596.5,High,-82.1696779265,35.2792789622,High
26527,3484,Dare,85,37817.0,Coastal,96.3,1872.9,High,-75.6852333134,35.664936694,High
26535,36717,Gaston,85,233387.0,Central,640.7,2912.4,High,-81.1802416273,35.2943489527,High
26589,33712,Union,85,244960.0,Central,376.6,1582.3,High,-80.5307400446,34.9883574887,High
26521,1439,Clay,85,11238.0,Western,51.6,2288.34,High,-83.7501767115,35.0571811284,High
26552,8741,Lee,85,64360.0,Eastern,248.1,1631.1,High,-79.1714836119,35.4751864248,High
26537,1223,Graham,85,7935.0,Western,27.5,8085.4,High,-83.833581803,35.350171951,High
26556,2494,Madison,85,21146.0,Western,47.1,1247.6,High,-82.7057582627,35.8580358086,High
26545,2618,Hertford,85,20374.0,Coastal,61.0,2281.6,High,-76.9807147831,36.3586360305,High
26526,2393,Currituck,85,29385.0,Coastal,107.3,1344.3,High,-75.936949201,36.3672994836,High
26598,5544,Yadkin,85,36925.0,Northern,111.1,1820.8,High,-80.6652439331,36.1605336919,High
26595,14757,Wayne,85,115895.0,Coastal,211.8,2813.0,High,-78.0039971272,35.3639599672,High
26553,8851,Lenoir,85,54323.0,Coastal,138.1,3246.04,High,-77.6412486292,35.2387731611,High
26547,788,Hyde,85,4595.0,Coastal,7.5,0.0,High,-76.1449651093,35.4081187361,High
26575,19806,Randolph,85,143325.0,Northern,184.3,1615.5,High,-79.8060069064,35.7103417044,High
26513,12295,Caldwell,85,81319.0,Northern,170.9,2504.8,High,-81.5464366451,35.9530379334,High
26544,13970,Henderson,85,117429.0,Western,311.8,2039.7,High,-82.4799463782,35.3362263031,High
26519,4368,Cherokee,85,28738.0,Western,63.2,3613.3,High,-84.063444228,35.1338574515,High
26594,6143,Watauga,85,54804.0,Northern,173.1,1191.8,High,-81.6964250718,36.2311062795,High
26565,2430,Northampton,85,16953.0,Eastern,32.6,2092.6,High,-77.3968212099,36.4177312434,High
26581,10533,Sampson,85,58371.0,Coastal,62.4,2241.9,High,-78.3713906105,34.9915361594,High
26580,10222,Rutherford,85,63870.0,Western,114.0,2009.9,High,-81.9198334642,35.4025956291,High
26528,23871,Davidson,85,171752.0,Northern,305.4,1757.8,High,-80.2127487756,35.7933524917,High
26549,5093,Jackson,85,41919.0,Western,87.8,1864.6,High,-83.1408496187,35.2875866253,High
26560,1853,Mitchell,85,14783.0,Western,67.4,458.42,High,-82.1635815487,36.0132038869,High
26571,1384,Perquimans,85,13049.0,Coastal,52.6,684.8,High,-76.4076199893,36.1772228503,High
26561,4243,Montgomery,85,25485.0,Eastern,52.4,2480.1,High,-79.9054790812,35.332466935,High
26514,977,Camden,85,10537.0,Coastal,43.1,793.0,High,-76.1609504039,36.3411216216,High
26531,33050,Durham,85,331347.0,Eastern,1133.7,3966.0,High,-78.8765926949,36.0360299243,High
26551,1207,Jones,85,9076.0,Coastal,19.5,0.0,High,-77.3551679748,35.0217248029,High
26506,6478,Beaufort,85,44150.0,Coastal,53.6,2157.95,High,-76.8453144055,35.486983815,High
26541,7267,Halifax,85,47859.0,Coastal,67.2,2754.7,High,-77.6517329831,36.2574485453,High
26534,9089,Franklin,85,70655.0,Eastern,139.4,1314.6,High,-78.2856965824,36.0827733527,High
26590,6138,Vance,85,41665.0,Eastern,168.7,3584.5,High,-78.4079288849,36.3649169333,High
26584,5611,Stokes,85,44422.0,Northern,99.1,2146.85,High,-80.2395157151,36.4019040049,High
26593,1434,Washington,85,10708.0,Coastal,31.8,1746.8,High,-76.5693098876,35.8392646425,High
26588,501,Tyrrell,85,3315.0,Coastal,8.3,957.2,High,-76.1704523585,35.8694070017,High
26522,16704,Cleveland,85,99332.0,Western,214.4,2001.7,High,-81.5555471412,35.3341018022,High
26501,5994,Alexander,85,36172.0,Northern,140.2,1440.7,High,-81.1770268506,35.9210263138,High
26558,7758,McDowell,85,44151.0,Western,101.3,2610.9,High,-82.0493124426,35.6816924709,High
26597,12372,Wilson,85,79078.0,Coastal,214.3,2386.9,High,-77.9186629547,35.7051457145,High
26503,3550,Anson,85,22028.0,Central,41.5,2802.1,High,-80.102712026,34.9737894417,High
26500,24258,Alamance,85,175029.0,Northern,404.8,3065.6,High,-79.3994248175,36.0437098766,High
26563,14322,Nash,85,96101.0,Coastal,175.7,1838.5,High,-77.9864448378,35.9672502839,High
26546,6675,Hoke,85,53783.0,Eastern,133.5,2028.14,High,-79.237290715,35.0175290075,High
26559,147806,Mecklenburg,85,1128426.0,Central,2130.4,3736.1,High,-80.8327311406,35.2467670437,High
26543,6622,Haywood,85,62831.0,Western,112.2,3591.8,High,-82.9821729698,35.5560557128,High
26578,10736,Rockingham,85,90457.0,Northern,161.0,2130.4,High,-79.7749871967,36.3960127906,High
26542,16893,Harnett,85,134986.0,Eastern,224.5,2172.6,High,-78.8694125204,35.3686291614,High
26525,41123,Cumberland,85,341793.0,Eastern,512.9,3748.5,High,-78.8275607671,35.048611942,High
26517,26376,Catawba,85,162841.0,Northern,400.2,2802.5,High,-81.2150705598,35.662042354,High
26510,25177,Buncombe,85,271638.0,Western,410.4,3012.8,High,-82.5301070587,35.611177887,High
26538,7388,Granville,85,60720.0,Eastern,114.6,1466.3,High,-78.6527194252,36.3040698262,High
26585,11141,Surry,85,70573.0,Northern,134.0,1507.5,High,-80.6880779273,36.4148205561,High
26572,4728,Person,85,39048.0,Eastern,99.7,1862.8,High,-78.9718051426,36.3900951244,High
26504,3129,Ashe,85,26506.0,Northern,62.3,1123.1,High,-81.5005211955,36.434424701,High
26641,7297,Halifax,86,47859.0,Coastal,67.2,2754.7,High,-77.6517329831,36.2574485453,High
26660,1856,Mitchell,86,14783.0,Western,67.4,458.42,High,-82.1635815487,36.0132038869,High
26630,9242,Duplin,86,48249.0,Coastal,59.8,2911.6,High,-77.9330277459,34.9365348363,High
26651,1217,Jones,86,9076.0,Coastal,19.5,0.0,High,-77.3551679748,35.0217248029,High
26640,62241,Guilford,86,545484.0,Northern,838.0,3371.1,High,-79.7889042685,36.0794717315,High
26695,14836,Wayne,86,115895.0,Coastal,211.8,2813.0,High,-78.0039971272,35.3639599672,High
26607,2315,Bertie,86,17302.0,Coastal,25.7,1594.6,High,-76.9667121404,36.0656302022,High
26663,14397,Nash,86,96101.0,Coastal,175.7,1838.5,High,-77.9864448378,35.9672502839,High
26668,1558,Pamlico,86,12215.0,Coastal,36.5,2321.5,High,-76.6694598427,35.151021226,High
26643,6677,Haywood,86,62831.0,Western,112.2,3591.8,High,-82.9821729698,35.5560557128,High
26618,6349,Chatham,86,77095.0,Eastern,111.9,1456.0,High,-79.2552758614,35.7025721296,High
26690,6165,Vance,86,41665.0,Eastern,168.7,3584.5,High,-78.4079288849,36.3649169333,High
26604,3148,Ashe,86,26506.0,Northern,62.3,1123.1,High,-81.5005211955,36.434424701,High
26667,10936,Orange,86,148331.0,Eastern,374.0,1991.9,High,-79.120649356,36.0611182361,High
26664,27203,New Hanover,86,230423.0,Coastal,1174.0,2612.3,High,-77.865597569,34.1815553357,High
26689,33802,Union,86,244960.0,Central,376.6,1582.3,High,-80.5307400446,34.9883574887,High
26606,6507,Beaufort,86,44150.0,Coastal,53.6,2157.95,High,-76.8453144055,35.486983815,High
26696,9915,Wilkes,86,65151.0,Northern,87.5,1887.3,High,-81.1633856618,36.2062757623,High
26625,41275,Cumberland,86,341793.0,Eastern,512.9,3748.5,High,-78.8275607671,35.048611942,High
26659,148228,Mecklenburg,86,1128426.0,Central,2130.4,3736.1,High,-80.8327311406,35.2467670437,High
26691,122989,Wake,86,1154170.0,Eastern,1353.3,1846.0,High,-78.6503081729,35.7902443741,Substantial
26637,1233,Graham,86,7935.0,Western,27.5,8085.4,High,-83.833581803,35.350171951,High
26603,3571,Anson,86,22028.0,Central,41.5,2802.1,High,-80.102712026,34.9737894417,High
26632,7377,Edgecombe,86,48604.0,Coastal,96.7,2366.3,High,-77.5970588882,35.912880671,High
26655,4479,Macon,86,37041.0,Western,71.8,2077.4,High,-83.4221767088,35.1504672096,High
26683,10812,Stanly,86,62143.0,Central,158.2,2425.2,High,-80.2509863077,35.3119550622,High
26633,48056,Forsyth,86,387703.0,Northern,938.1,4129.5,High,-80.256300016,36.1306195485,High
26639,3117,Greene,86,19978.0,Coastal,76.7,1640.3,High,-77.6757626742,35.4849957203,High
26682,5349,Scotland,86,33662.0,Eastern,107.1,3528.0,High,-79.4804292418,34.8408848102,High
26628,23988,Davidson,86,171752.0,Northern,305.4,1757.8,High,-80.2127487756,35.7933524917,High
26600,24359,Alamance,86,175029.0,Northern,404.8,3065.6,High,-79.3994248175,36.0437098766,High
26638,7414,Granville,86,60720.0,Eastern,114.6,1466.3,High,-78.6527194252,36.3040698262,High
26621,1463,Clay,86,11238.0,Western,51.6,2288.34,High,-83.7501767115,35.0571811284,High
26656,2508,Madison,86,21146.0,Western,47.1,1247.6,High,-82.7057582627,35.8580358086,High
26619,4386,Cherokee,86,28738.0,Western,63.2,3613.3,High,-84.063444228,35.1338574515,High
26692,2212,Warren,86,18621.0,Eastern,43.4,2235.0,High,-78.1067171324,36.3965102811,High
26653,8897,Lenoir,86,54323.0,Coastal,138.1,3246.04,High,-77.6412486292,35.2387731611,High
26694,6164,Watauga,86,54804.0,Northern,173.1,1191.8,High,-81.6964250718,36.2311062795,High
26673,27769,Pitt,86,173536.0,Coastal,261.0,2238.9,High,-77.3744965519,35.5932989746,High
26670,8328,Pender,86,62250.0,Coastal,69.1,1461.9,High,-77.8884355846,34.5150997489,High
26657,3365,Martin,86,21503.0,Coastal,48.3,2717.4,High,-77.109232267,35.843213981,High
26614,985,Camden,86,10537.0,Coastal,43.1,793.0,High,-76.1609504039,36.3411216216,High
26666,25650,Onslow,86,207928.0,Coastal,268.4,2191.23,High,-77.4157658244,34.709836363,High
26648,26849,Iredell,86,192986.0,Northern,325.0,1866.4,High,-80.8734378255,35.8070259189,High
26693,1442,Washington,86,10708.0,Coastal,31.8,1746.8,High,-76.5693098876,35.8392646425,High
26617,26487,Catawba,86,162841.0,Northern,400.2,2802.5,High,-81.2150705598,35.662042354,High
26624,13220,Craven,86,102568.0,Coastal,142.5,2112.3,High,-77.082003837,35.117685821,High
26680,10321,Rutherford,86,63870.0,Western,114.0,2009.9,High,-81.9198334642,35.4025956291,High
26676,6716,Richmond,86,43006.0,Eastern,90.7,5508.4,High,-79.7477780226,35.0060483545,High
26671,1389,Perquimans,86,13049.0,Coastal,52.6,684.8,High,-76.4076199893,36.1772228503,High
26650,30448,Johnston,86,224833.0,Coastal,272.7,1547.3,High,-78.3657109025,35.5178069265,High
26613,12348,Caldwell,86,81319.0,Northern,170.9,2504.8,High,-81.5464366451,35.9530379334,High
26615,7614,Carteret,86,69039.0,Coastal,133.3,1912.1,High,-76.5357430669,34.8612598084,High
26669,4523,Pasquotank,86,40966.0,Coastal,178.8,2078.8,High,-76.2492413613,36.2650187228,High
26698,5569,Yadkin,86,36925.0,Northern,111.1,1820.8,High,-80.6652439331,36.1605336919,High
26647,790,Hyde,86,4595.0,Coastal,7.5,0.0,High,-76.1449651093,35.4081187361,High
26620,2132,Chowan,86,13646.0,Coastal,79.4,1402.6,High,-76.6021303656,36.1265615389,High
26627,3491,Dare,86,37817.0,Coastal,96.3,1872.9,High,-75.6852333134,35.664936694,Substantial
26672,4749,Person,86,39048.0,Eastern,99.7,1862.8,High,-78.9718051426,36.3900951244,High
26658,7846,McDowell,86,44151.0,Western,101.3,2610.9,High,-82.0493124426,35.6816924709,High
26674,2152,Polk,86,19461.0,Western,81.3,1596.5,High,-82.1696779265,35.2792789622,High
26602,1501,Alleghany,86,11057.0,Northern,46.4,697.2,High,-81.1278593427,36.4912704378,High
26685,11193,Surry,86,70573.0,Northern,134.0,1507.5,High,-80.6880779273,36.4148205561,High
26642,16980,Harnett,86,134986.0,Eastern,224.5,2172.6,High,-78.8694125204,35.3686291614,High
26636,959,Gates,86,10324.0,Coastal,30.8,750.9,High,-76.7005266521,36.4449435708,High
26662,12726,Moore,86,102966.0,Eastern,142.9,1617.3,High,-79.4813744392,35.3106538555,High
26626,2418,Currituck,86,29385.0,Coastal,107.3,1344.3,High,-75.936949201,36.3672994836,High
26646,6703,Hoke,86,53783.0,Eastern,133.5,2028.14,High,-79.237290715,35.0175290075,High
26678,10794,Rockingham,86,90457.0,Northern,161.0,2130.4,High,-79.7749871967,36.3960127906,High
26601,6012,Alexander,86,36172.0,Northern,140.2,1440.7,High,-81.1770268506,35.9210263138,High
26622,16794,Cleveland,86,99332.0,Western,214.4,2001.7,High,-81.5555471412,35.3341018022,High
26688,503,Tyrrell,86,3315.0,Coastal,8.3,957.2,High,-76.1704523585,35.8694070017,High
26677,23943,Robeson,86,115899.0,Coastal,123.0,5137.4,High,-79.1038649277,34.6402420514,High
26654,13843,Lincoln,86,88742.0,Central,293.4,1745.2,High,-81.2235326264,35.4855950234,High
26652,8785,Lee,86,64360.0,Eastern,248.1,1631.1,High,-79.1714836119,35.4751864248,High
26686,1762,Swain,86,14046.0,Western,26.8,3517.8,High,-83.4927393736,35.4868150519,High
26679,24701,Rowan,86,148565.0,Northern,287.1,2292.8,High,-80.5247717485,35.6394734632,High
26649,5115,Jackson,86,41919.0,Western,87.8,1864.6,High,-83.1408496187,35.2875866253,High
26665,2443,Northampton,86,16953.0,Eastern,32.6,2092.6,High,-77.3968212099,36.4177312434,High
26675,19902,Randolph,86,143325.0,Northern,184.3,1615.5,High,-79.8060069064,35.7103417044,High
26635,36863,Gaston,86,233387.0,Central,640.7,2912.4,High,-81.1802416273,35.2943489527,High
26681,10564,Sampson,86,58371.0,Coastal,62.4,2241.9,High,-78.3713906105,34.9915361594,High
26699,2601,Yancey,86,18320.0,Western,59.1,557.0,High,-82.3076279784,35.8989479924,High
26634,9132,Franklin,86,70655.0,Eastern,139.4,1314.6,High,-78.2856965824,36.0827733527,High
26684,5646,Stokes,86,44422.0,Northern,99.1,2146.85,High,-80.2395157151,36.4019040049,High
26612,30815,Cabarrus,86,232873.0,Central,625.1,1374.8,High,-80.5518508851,35.3867940405,High
26610,25285,Buncombe,86,271638.0,Western,410.4,3012.8,High,-82.5301070587,35.611177887,High
26611,14421,Burke,86,88398.0,Western,173.0,1836.1,High,-81.7047784739,35.7496106399,High
26608,5221,Bladen,86,29171.0,Coastal,33.8,2578.5,High,-78.5636493115,34.6145873342,High
26605,2528,Avery,86,17347.0,Western,72.0,1003.4,High,-81.9226013745,36.0766050343,High
26623,9578,Columbus,86,49795.0,Coastal,54.0,2887.71,High,-78.6550308717,34.2656450828,High
26631,33145,Durham,86,331347.0,Eastern,1133.7,3966.0,High,-78.8765926949,36.0360299243,High
26645,2624,Hertford,86,20374.0,Coastal,61.0,2281.6,High,-76.9807147831,36.3586360305,High
26697,12431,Wilson,86,79078.0,Coastal,214.3,2386.9,High,-77.9186629547,35.7051457145,High
26687,3577,Transylvania,86,32825.0,Western,87.2,978.5,High,-82.7983001279,35.2021778635,High
26616,2919,Caswell,86,22400.0,Eastern,53.5,317.5,High,-79.3335234769,36.3932742158,High
26609,14927,Brunswick,86,144821.0,Coastal,160.8,1537.1,High,-78.2274071617,34.0388755841,High
26661,4252,Montgomery,86,25485.0,Eastern,52.4,2480.1,High,-79.9054790812,35.332466935,High
26644,14030,Henderson,86,117429.0,Western,311.8,2039.7,High,-82.4799463782,35.3362263031,High
26629,5790,Davie,86,43127.0,Northern,162.0,1665.25,High,-80.5444636482,35.929110866,High
26794,6164,Watauga,87,54804.0,Northern,173.1,1191.8,High,-81.6964250718,36.2311062795,High
26707,2315,Bertie,87,17302.0,Coastal,25.7,1594.6,High,-76.9667121404,36.0656302022,High
26735,36863,Gaston,87,233387.0,Central,640.7,2912.4,High,-81.1802416273,35.2943489527,High
26770,8328,Pender,87,62250.0,Coastal,69.1,1461.9,High,-77.8884355846,34.5150997489,High
26734,9132,Franklin,87,70655.0,Eastern,139.4,1314.6,High,-78.2856965824,36.0827733527,High
26799,2601,Yancey,87,18320.0,Western,59.1,557.0,High,-82.3076279784,35.8989479924,High
26777,23943,Robeson,87,115899.0,Coastal,123.0,5137.4,High,-79.1038649277,34.6402420514,High
26778,10794,Rockingham,87,90457.0,Northern,161.0,2130.4,High,-79.7749871967,36.3960127906,High
26737,1233,Graham,87,7935.0,Western,27.5,8085.4,High,-83.833581803,35.350171951,High
26751,1217,Jones,87,9076.0,Coastal,19.5,0.0,High,-77.3551679748,35.0217248029,High
26760,1856,Mitchell,87,14783.0,Western,67.4,458.42,High,-82.1635815487,36.0132038869,High
26726,2418,Currituck,87,29385.0,Coastal,107.3,1344.3,High,-75.936949201,36.3672994836,High
26762,12726,Moore,87,102966.0,Eastern,142.9,1617.3,High,-79.4813744392,35.3106538555,High
26732,7377,Edgecombe,87,48604.0,Coastal,96.7,2366.3,High,-77.5970588882,35.912880671,High
26711,14421,Burke,87,88398.0,Western,173.0,1836.1,High,-81.7047784739,35.7496106399,High
26733,48056,Forsyth,87,387703.0,Northern,938.1,4129.5,High,-80.256300016,36.1306195485,High
26744,14030,Henderson,87,117429.0,Western,311.8,2039.7,High,-82.4799463782,35.3362263031,High
26748,26849,Iredell,87,192986.0,Northern,325.0,1866.4,High,-80.8734378255,35.8070259189,High
26768,1558,Pamlico,87,12215.0,Coastal,36.5,2321.5,High,-76.6694598427,35.151021226,High
26727,3491,Dare,87,37817.0,Coastal,96.3,1872.9,High,-75.6852333134,35.664936694,Substantial
26731,33145,Durham,87,331347.0,Eastern,1133.7,3966.0,High,-78.8765926949,36.0360299243,High
26729,5790,Davie,87,43127.0,Northern,162.0,1665.25,High,-80.5444636482,35.929110866,High
26723,9578,Columbus,87,49795.0,Coastal,54.0,2887.71,High,-78.6550308717,34.2656450828,High
26756,2508,Madison,87,21146.0,Western,47.1,1247.6,High,-82.7057582627,35.8580358086,High
26773,27769,Pitt,87,173536.0,Coastal,261.0,2238.9,High,-77.3744965519,35.5932989746,High
26717,26487,Catawba,87,162841.0,Northern,400.2,2802.5,High,-81.2150705598,35.662042354,High
26747,790,Hyde,87,4595.0,Coastal,7.5,0.0,High,-76.1449651093,35.4081187361,High
26787,3577,Transylvania,87,32825.0,Western,87.2,978.5,High,-82.7983001279,35.2021778635,High
26793,1442,Washington,87,10708.0,Coastal,31.8,1746.8,High,-76.5693098876,35.8392646425,High
26706,6507,Beaufort,87,44150.0,Coastal,53.6,2157.95,High,-76.8453144055,35.486983815,High
26795,14836,Wayne,87,115895.0,Coastal,211.8,2813.0,High,-78.0039971272,35.3639599672,High
26736,959,Gates,87,10324.0,Coastal,30.8,750.9,High,-76.7005266521,36.4449435708,High
26741,7297,Halifax,87,47859.0,Coastal,67.2,2754.7,High,-77.6517329831,36.2574485453,High
26728,23988,Davidson,87,171752.0,Northern,305.4,1757.8,High,-80.2127487756,35.7933524917,High
26774,2152,Polk,87,19461.0,Western,81.3,1596.5,High,-82.1696779265,35.2792789622,High
26720,2132,Chowan,87,13646.0,Coastal,79.4,1402.6,High,-76.6021303656,36.1265615389,High
26769,4523,Pasquotank,87,40966.0,Coastal,178.8,2078.8,High,-76.2492413613,36.2650187228,High
26715,7614,Carteret,87,69039.0,Coastal,133.3,1912.1,High,-76.5357430669,34.8612598084,High
26750,30448,Johnston,87,224833.0,Coastal,272.7,1547.3,High,-78.3657109025,35.5178069265,High
26763,14397,Nash,87,96101.0,Coastal,175.7,1838.5,High,-77.9864448378,35.9672502839,High
26779,24701,Rowan,87,148565.0,Northern,287.1,2292.8,High,-80.5247717485,35.6394734632,High
26776,6716,Richmond,87,43006.0,Eastern,90.7,5508.4,High,-79.7477780226,35.0060483545,High
26714,985,Camden,87,10537.0,Coastal,43.1,793.0,High,-76.1609504039,36.3411216216,High
26709,14927,Brunswick,87,144821.0,Coastal,160.8,1537.1,High,-78.2274071617,34.0388755841,High
26722,16794,Cleveland,87,99332.0,Western,214.4,2001.7,High,-81.5555471412,35.3341018022,High
26761,4252,Montgomery,87,25485.0,Eastern,52.4,2480.1,High,-79.9054790812,35.332466935,High
26701,6012,Alexander,87,36172.0,Northern,140.2,1440.7,High,-81.1770268506,35.9210263138,High
26752,8785,Lee,87,64360.0,Eastern,248.1,1631.1,High,-79.1714836119,35.4751864248,High
26749,5115,Jackson,87,41919.0,Western,87.8,1864.6,High,-83.1408496187,35.2875866253,High
26780,10321,Rutherford,87,63870.0,Western,114.0,2009.9,High,-81.9198334642,35.4025956291,High
26771,1389,Perquimans,87,13049.0,Coastal,52.6,684.8,High,-76.4076199893,36.1772228503,High
26765,2443,Northampton,87,16953.0,Eastern,32.6,2092.6,High,-77.3968212099,36.4177312434,High
26710,25285,Buncombe,87,271638.0,Western,410.4,3012.8,High,-82.5301070587,35.611177887,High
26713,12348,Caldwell,87,81319.0,Northern,170.9,2504.8,High,-81.5464366451,35.9530379334,High
26784,5646,Stokes,87,44422.0,Northern,99.1,2146.85,High,-80.2395157151,36.4019040049,High
26798,5569,Yadkin,87,36925.0,Northern,111.1,1820.8,High,-80.6652439331,36.1605336919,High
26716,2919,Caswell,87,22400.0,Eastern,53.5,317.5,High,-79.3335234769,36.3932742158,High
26772,4749,Person,87,39048.0,Eastern,99.7,1862.8,High,-78.9718051426,36.3900951244,High
26758,7846,McDowell,87,44151.0,Western,101.3,2610.9,High,-82.0493124426,35.6816924709,High
26785,11193,Surry,87,70573.0,Northern,134.0,1507.5,High,-80.6880779273,36.4148205561,High
26745,2624,Hertford,87,20374.0,Coastal,61.0,2281.6,High,-76.9807147831,36.3586360305,High
26742,16980,Harnett,87,134986.0,Eastern,224.5,2172.6,High,-78.8694125204,35.3686291614,High
26746,6703,Hoke,87,53783.0,Eastern,133.5,2028.14,High,-79.237290715,35.0175290075,High
26781,10564,Sampson,87,58371.0,Coastal,62.4,2241.9,High,-78.3713906105,34.9915361594,High
26788,503,Tyrrell,87,3315.0,Coastal,8.3,957.2,High,-76.1704523585,35.8694070017,High
26754,13843,Lincoln,87,88742.0,Central,293.4,1745.2,High,-81.2235326264,35.4855950234,High
26743,6677,Haywood,87,62831.0,Western,112.2,3591.8,High,-82.9821729698,35.5560557128,High
26775,19902,Randolph,87,143325.0,Northern,184.3,1615.5,High,-79.8060069064,35.7103417044,High
26719,4386,Cherokee,87,28738.0,Western,63.2,3613.3,High,-84.063444228,35.1338574515,High
26703,3571,Anson,87,22028.0,Central,41.5,2802.1,High,-80.102712026,34.9737894417,High
26782,5349,Scotland,87,33662.0,Eastern,107.1,3528.0,High,-79.4804292418,34.8408848102,High
26721,1463,Clay,87,11238.0,Western,51.6,2288.34,High,-83.7501767115,35.0571811284,High
26792,2212,Warren,87,18621.0,Eastern,43.4,2235.0,High,-78.1067171324,36.3965102811,High
26789,33802,Union,87,244960.0,Central,376.6,1582.3,High,-80.5307400446,34.9883574887,High
26757,3365,Martin,87,21503.0,Coastal,48.3,2717.4,High,-77.109232267,35.843213981,High
26700,24359,Alamance,87,175029.0,Northern,404.8,3065.6,High,-79.3994248175,36.0437098766,High
26738,7414,Granville,87,60720.0,Eastern,114.6,1466.3,High,-78.6527194252,36.3040698262,High
26766,25650,Onslow,87,207928.0,Coastal,268.4,2191.23,High,-77.4157658244,34.709836363,High
26739,3117,Greene,87,19978.0,Coastal,76.7,1640.3,High,-77.6757626742,35.4849957203,High
26764,27203,New Hanover,87,230423.0,Coastal,1174.0,2612.3,High,-77.865597569,34.1815553357,High
26740,62241,Guilford,87,545484.0,Northern,838.0,3371.1,High,-79.7889042685,36.0794717315,High
26718,6349,Chatham,87,77095.0,Eastern,111.9,1456.0,High,-79.2552758614,35.7025721296,High
26730,9242,Duplin,87,48249.0,Coastal,59.8,2911.6,High,-77.9330277459,34.9365348363,High
26759,148228,Mecklenburg,87,1128426.0,Central,2130.4,3736.1,High,-80.8327311406,35.2467670437,High
26783,10812,Stanly,87,62143.0,Central,158.2,2425.2,High,-80.2509863077,35.3119550622,High
26790,6165,Vance,87,41665.0,Eastern,168.7,3584.5,High,-78.4079288849,36.3649169333,High
26705,2528,Avery,87,17347.0,Western,72.0,1003.4,High,-81.9226013745,36.0766050343,High
26791,122989,Wake,87,1154170.0,Eastern,1353.3,1846.0,High,-78.6503081729,35.7902443741,Substantial
26708,5221,Bladen,87,29171.0,Coastal,33.8,2578.5,High,-78.5636493115,34.6145873342,High
26796,9915,Wilkes,87,65151.0,Northern,87.5,1887.3,High,-81.1633856618,36.2062757623,High
26704,3148,Ashe,87,26506.0,Northern,62.3,1123.1,High,-81.5005211955,36.434424701,High
26797,12431,Wilson,87,79078.0,Coastal,214.3,2386.9,High,-77.9186629547,35.7051457145,High
26767,10936,Orange,87,148331.0,Eastern,374.0,1991.9,High,-79.120649356,36.0611182361,High
26725,41275,Cumberland,87,341793.0,Eastern,512.9,3748.5,High,-78.8275607671,35.048611942,High
26786,1762,Swain,87,14046.0,Western,26.8,3517.8,High,-83.4927393736,35.4868150519,High
26702,1501,Alleghany,87,11057.0,Northern,46.4,697.2,High,-81.1278593427,36.4912704378,High
26755,4479,Macon,87,37041.0,Western,71.8,2077.4,High,-83.4221767088,35.1504672096,High
26753,8897,Lenoir,87,54323.0,Coastal,138.1,3246.04,High,-77.6412486292,35.2387731611,High
26724,13220,Craven,87,102568.0,Coastal,142.5,2112.3,High,-77.082003837,35.117685821,High
26712,30815,Cabarrus,87,232873.0,Central,625.1,1374.8,High,-80.5518508851,35.3867940405,High
26837,1233,Graham,88,7935.0,Western,27.5,8085.4,High,-83.833581803,35.350171951,High
26831,33145,Durham,88,331347.0,Eastern,1133.7,3966.0,High,-78.8765926949,36.0360299243,High
26860,1856,Mitchell,88,14783.0,Western,67.4,458.42,High,-82.1635815487,36.0132038869,High
26838,7414,Granville,88,60720.0,Eastern,114.6,1466.3,High,-78.6527194252,36.3040698262,High
26884,5646,Stokes,88,44422.0,Northern,99.1,2146.85,High,-80.2395157151,36.4019040049,High
26834,9132,Franklin,88,70655.0,Eastern,139.4,1314.6,High,-78.2856965824,36.0827733527,High
26843,6677,Haywood,88,62831.0,Western,112.2,3591.8,High,-82.9821729698,35.5560557128,High
26819,4386,Cherokee,88,28738.0,Western,63.2,3613.3,High,-84.063444228,35.1338574515,High
26800,24359,Alamance,88,175029.0,Northern,404.8,3065.6,High,-79.3994248175,36.0437098766,High
26804,3148,Ashe,88,26506.0,Northern,62.3,1123.1,High,-81.5005211955,36.434424701,High
26856,2508,Madison,88,21146.0,Western,47.1,1247.6,High,-82.7057582627,35.8580358086,High
26895,14836,Wayne,88,115895.0,Coastal,211.8,2813.0,High,-78.0039971272,35.3639599672,High
26845,2624,Hertford,88,20374.0,Coastal,61.0,2281.6,High,-76.9807147831,36.3586360305,High
26859,148228,Mecklenburg,88,1128426.0,Central,2130.4,3736.1,High,-80.8327311406,35.2467670437,High
26887,3577,Transylvania,88,32825.0,Western,87.2,978.5,High,-82.7983001279,35.2021778635,High
26822,16794,Cleveland,88,99332.0,Western,214.4,2001.7,High,-81.5555471412,35.3341018022,High
26849,5115,Jackson,88,41919.0,Western,87.8,1864.6,High,-83.1408496187,35.2875866253,High
26812,30815,Cabarrus,88,232873.0,Central,625.1,1374.8,High,-80.5518508851,35.3867940405,High
26897,12431,Wilson,88,79078.0,Coastal,214.3,2386.9,High,-77.9186629547,35.7051457145,High
26835,36863,Gaston,88,233387.0,Central,640.7,2912.4,High,-81.1802416273,35.2943489527,High
26890,6165,Vance,88,41665.0,Eastern,168.7,3584.5,High,-78.4079288849,36.3649169333,High
26867,10936,Orange,88,148331.0,Eastern,374.0,1991.9,High,-79.120649356,36.0611182361,High
26818,6349,Chatham,88,77095.0,Eastern,111.9,1456.0,High,-79.2552758614,35.7025721296,High
26808,5221,Bladen,88,29171.0,Coastal,33.8,2578.5,High,-78.5636493115,34.6145873342,High
26864,27203,New Hanover,88,230423.0,Coastal,1174.0,2612.3,High,-77.865597569,34.1815553357,High
26857,3365,Martin,88,21503.0,Coastal,48.3,2717.4,High,-77.109232267,35.843213981,High
26883,10812,Stanly,88,62143.0,Central,158.2,2425.2,High,-80.2509863077,35.3119550622,High
26829,5790,Davie,88,43127.0,Northern,162.0,1665.25,High,-80.5444636482,35.929110866,High
26833,48056,Forsyth,88,387703.0,Northern,938.1,4129.5,High,-80.256300016,36.1306195485,High
26839,3117,Greene,88,19978.0,Coastal,76.7,1640.3,High,-77.6757626742,35.4849957203,High
26802,1501,Alleghany,88,11057.0,Northern,46.4,697.2,High,-81.1278593427,36.4912704378,High
26821,1463,Clay,88,11238.0,Western,51.6,2288.34,High,-83.7501767115,35.0571811284,High
26875,19902,Randolph,88,143325.0,Northern,184.3,1615.5,High,-79.8060069064,35.7103417044,High
26891,122989,Wake,88,1154170.0,Eastern,1353.3,1846.0,High,-78.6503081729,35.7902443741,Substantial
26823,9578,Columbus,88,49795.0,Coastal,54.0,2887.71,High,-78.6550308717,34.2656450828,High
26871,1389,Perquimans,88,13049.0,Coastal,52.6,684.8,High,-76.4076199893,36.1772228503,High
26813,12348,Caldwell,88,81319.0,Northern,170.9,2504.8,High,-81.5464366451,35.9530379334,High
26858,7846,McDowell,88,44151.0,Western,101.3,2610.9,High,-82.0493124426,35.6816924709,High
26842,16980,Harnett,88,134986.0,Eastern,224.5,2172.6,High,-78.8694125204,35.3686291614,High
26877,23943,Robeson,88,115899.0,Coastal,123.0,5137.4,High,-79.1038649277,34.6402420514,High
26888,503,Tyrrell,88,3315.0,Coastal,8.3,957.2,High,-76.1704523585,35.8694070017,High
26847,790,Hyde,88,4595.0,Coastal,7.5,0.0,High,-76.1449651093,35.4081187361,High
26874,2152,Polk,88,19461.0,Western,81.3,1596.5,High,-82.1696779265,35.2792789622,High
26836,959,Gates,88,10324.0,Coastal,30.8,750.9,High,-76.7005266521,36.4449435708,High
26828,23988,Davidson,88,171752.0,Northern,305.4,1757.8,High,-80.2127487756,35.7933524917,High
26850,30448,Johnston,88,224833.0,Coastal,272.7,1547.3,High,-78.3657109025,35.5178069265,High
26870,8328,Pender,88,62250.0,Coastal,69.1,1461.9,High,-77.8884355846,34.5150997489,High
26889,33802,Union,88,244960.0,Central,376.6,1582.3,High,-80.5307400446,34.9883574887,High
26848,26849,Iredell,88,192986.0,Northern,325.0,1866.4,High,-80.8734378255,35.8070259189,High
26826,2418,Currituck,88,29385.0,Coastal,107.3,1344.3,High,-75.936949201,36.3672994836,High
26876,6716,Richmond,88,43006.0,Eastern,90.7,5508.4,High,-79.7477780226,35.0060483545,High
26854,13843,Lincoln,88,88742.0,Central,293.4,1745.2,High,-81.2235326264,35.4855950234,High
26844,14030,Henderson,88,117429.0,Western,311.8,2039.7,High,-82.4799463782,35.3362263031,High
26803,3571,Anson,88,22028.0,Central,41.5,2802.1,High,-80.102712026,34.9737894417,High
26865,2443,Northampton,88,16953.0,Eastern,32.6,2092.6,High,-77.3968212099,36.4177312434,High
26807,2315,Bertie,88,17302.0,Coastal,25.7,1594.6,High,-76.9667121404,36.0656302022,High
26882,5349,Scotland,88,33662.0,Eastern,107.1,3528.0,High,-79.4804292418,34.8408848102,High
26879,24701,Rowan,88,148565.0,Northern,287.1,2292.8,High,-80.5247717485,35.6394734632,High
26805,2528,Avery,88,17347.0,Western,72.0,1003.4,High,-81.9226013745,36.0766050343,High
26827,3491,Dare,88,37817.0,Coastal,96.3,1872.9,High,-75.6852333134,35.664936694,Substantial
26855,4479,Macon,88,37041.0,Western,71.8,2077.4,High,-83.4221767088,35.1504672096,High
26862,12726,Moore,88,102966.0,Eastern,142.9,1617.3,High,-79.4813744392,35.3106538555,High
26886,1762,Swain,88,14046.0,Western,26.8,3517.8,High,-83.4927393736,35.4868150519,High
26824,13220,Craven,88,102568.0,Coastal,142.5,2112.3,High,-77.082003837,35.117685821,High
26806,6507,Beaufort,88,44150.0,Coastal,53.6,2157.95,High,-76.8453144055,35.486983815,High
26899,2601,Yancey,88,18320.0,Western,59.1,557.0,High,-82.3076279784,35.8989479924,High
26878,10794,Rockingham,88,90457.0,Northern,161.0,2130.4,High,-79.7749871967,36.3960127906,High
26881,10564,Sampson,88,58371.0,Coastal,62.4,2241.9,High,-78.3713906105,34.9915361594,High
26853,8897,Lenoir,88,54323.0,Coastal,138.1,3246.04,High,-77.6412486292,35.2387731611,High
26809,14927,Brunswick,88,144821.0,Coastal,160.8,1537.1,High,-78.2274071617,34.0388755841,High
26896,9915,Wilkes,88,65151.0,Northern,87.5,1887.3,High,-81.1633856618,36.2062757623,High
26863,14397,Nash,88,96101.0,Coastal,175.7,1838.5,High,-77.9864448378,35.9672502839,High
26810,25285,Buncombe,88,271638.0,Western,410.4,3012.8,High,-82.5301070587,35.611177887,High
26832,7377,Edgecombe,88,48604.0,Coastal,96.7,2366.3,High,-77.5970588882,35.912880671,High
26872,4749,Person,88,39048.0,Eastern,99.7,1862.8,High,-78.9718051426,36.3900951244,High
26869,4523,Pasquotank,88,40966.0,Coastal,178.8,2078.8,High,-76.2492413613,36.2650187228,High
26873,27769,Pitt,88,173536.0,Coastal,261.0,2238.9,High,-77.3744965519,35.5932989746,High
26841,7297,Halifax,88,47859.0,Coastal,67.2,2754.7,High,-77.6517329831,36.2574485453,High
26868,1558,Pamlico,88,12215.0,Coastal,36.5,2321.5,High,-76.6694598427,35.151021226,High
26801,6012,Alexander,88,36172.0,Northern,140.2,1440.7,High,-81.1770268506,35.9210263138,High
26830,9242,Duplin,88,48249.0,Coastal,59.8,2911.6,High,-77.9330277459,34.9365348363,High
26851,1217,Jones,88,9076.0,Coastal,19.5,0.0,High,-77.3551679748,35.0217248029,High
26811,14421,Burke,88,88398.0,Western,173.0,1836.1,High,-81.7047784739,35.7496106399,High
26861,4252,Montgomery,88,25485.0,Eastern,52.4,2480.1,High,-79.9054790812,35.332466935,High
26885,11193,Surry,88,70573.0,Northern,134.0,1507.5,High,-80.6880779273,36.4148205561,High
26898,5569,Yadkin,88,36925.0,Northern,111.1,1820.8,High,-80.6652439331,36.1605336919,High
26866,25650,Onslow,88,207928.0,Coastal,268.4,2191.23,High,-77.4157658244,34.709836363,High
26816,2919,Caswell,88,22400.0,Eastern,53.5,317.5,High,-79.3335234769,36.3932742158,High
26817,26487,Catawba,88,162841.0,Northern,400.2,2802.5,High,-81.2150705598,35.662042354,High
26840,62241,Guilford,88,545484.0,Northern,838.0,3371.1,High,-79.7889042685,36.0794717315,High
26846,6703,Hoke,88,53783.0,Eastern,133.5,2028.14,High,-79.237290715,35.0175290075,High
26825,41275,Cumberland,88,341793.0,Eastern,512.9,3748.5,High,-78.8275607671,35.048611942,High
26894,6164,Watauga,88,54804.0,Northern,173.1,1191.8,High,-81.6964250718,36.2311062795,High
26815,7614,Carteret,88,69039.0,Coastal,133.3,1912.1,High,-76.5357430669,34.8612598084,High
26892,2212,Warren,88,18621.0,Eastern,43.4,2235.0,High,-78.1067171324,36.3965102811,High
26852,8785,Lee,88,64360.0,Eastern,248.1,1631.1,High,-79.1714836119,35.4751864248,High
26820,2132,Chowan,88,13646.0,Coastal,79.4,1402.6,High,-76.6021303656,36.1265615389,High
26880,10321,Rutherford,88,63870.0,Western,114.0,2009.9,High,-81.9198334642,35.4025956291,High
26893,1442,Washington,88,10708.0,Coastal,31.8,1746.8,High,-76.5693098876,35.8392646425,High
26814,985,Camden,88,10537.0,Coastal,43.1,793.0,High,-76.1609504039,36.3411216216,High
26957,3400,Martin,89,21503.0,Coastal,48.3,2717.4,High,-77.109232267,35.843213981,High
26996,10025,Wilkes,89,65151.0,Northern,87.5,1887.3,High,-81.1633856618,36.2062757623,High
26910,25615,Buncombe,89,271638.0,Western,410.4,3012.8,High,-82.5301070587,35.611177887,High
26963,14537,Nash,89,96101.0,Coastal,175.7,1838.5,High,-77.9864448378,35.9672502839,High
26954,13998,Lincoln,89,88742.0,Central,293.4,1745.2,High,-81.2235326264,35.4855950234,High
26987,3631,Transylvania,89,32825.0,Western,87.2,978.5,High,-82.7983001279,35.2021778635,High
26985,11333,Surry,89,70573.0,Northern,134.0,1507.5,High,-80.6880779273,36.4148205561,High
26958,7956,McDowell,89,44151.0,Western,101.3,2610.9,High,-82.0493124426,35.6816924709,High
26995,15002,Wayne,89,115895.0,Coastal,211.8,2813.0,High,-78.0039971272,35.3639599672,High
26929,5869,Davie,89,43127.0,Northern,162.0,1665.25,High,-80.5444636482,35.929110866,High
26945,2643,Hertford,89,20374.0,Coastal,61.0,2281.6,High,-76.9807147831,36.3586360305,High
26972,4808,Person,89,39048.0,Eastern,99.7,1862.8,High,-78.9718051426,36.3900951244,High
26928,24282,Davidson,89,171752.0,Northern,305.4,1757.8,High,-80.2127487756,35.7933524917,High
26959,149346,Mecklenburg,89,1128426.0,Central,2130.4,3736.1,High,-80.8327311406,35.2467670437,High
26968,1585,Pamlico,89,12215.0,Coastal,36.5,2321.5,High,-76.6694598427,35.151021226,High
26921,1489,Clay,89,11238.0,Western,51.6,2288.34,High,-83.7501767115,35.0571811284,High
26927,3527,Dare,89,37817.0,Coastal,96.3,1872.9,High,-75.6852333134,35.664936694,High
26932,7454,Edgecombe,89,48604.0,Coastal,96.7,2366.3,High,-77.5970588882,35.912880671,High
26912,31086,Cabarrus,89,232873.0,Central,625.1,1374.8,High,-80.5518508851,35.3867940405,High
26914,1014,Camden,89,10537.0,Coastal,43.1,793.0,High,-76.1609504039,36.3411216216,High
26902,1517,Alleghany,89,11057.0,Northern,46.4,697.2,High,-81.1278593427,36.4912704378,High
26983,10913,Stanly,89,62143.0,Central,158.2,2425.2,High,-80.2509863077,35.3119550622,High
26942,17159,Harnett,89,134986.0,Eastern,224.5,2172.6,High,-78.8694125204,35.3686291614,High
26967,11080,Orange,89,148331.0,Eastern,374.0,1991.9,High,-79.120649356,36.0611182361,High
26907,2331,Bertie,89,17302.0,Coastal,25.7,1594.6,High,-76.9667121404,36.0656302022,High
26982,5397,Scotland,89,33662.0,Eastern,107.1,3528.0,High,-79.4804292418,34.8408848102,High
26940,63019,Guilford,89,545484.0,Northern,838.0,3371.1,High,-79.7889042685,36.0794717315,High
26939,3139,Greene,89,19978.0,Coastal,76.7,1640.3,High,-77.6757626742,35.4849957203,High
26905,2555,Avery,89,17347.0,Western,72.0,1003.4,High,-81.9226013745,36.0766050343,High
26919,4414,Cherokee,89,28738.0,Western,63.2,3613.3,High,-84.063444228,35.1338574515,High
26984,5700,Stokes,89,44422.0,Northern,99.1,2146.85,High,-80.2395157151,36.4019040049,High
26943,6800,Haywood,89,62831.0,Western,112.2,3591.8,High,-82.9821729698,35.5560557128,High
26992,2227,Warren,89,18621.0,Eastern,43.4,2235.0,High,-78.1067171324,36.3965102811,High
26955,4553,Macon,89,37041.0,Western,71.8,2077.4,High,-83.4221767088,35.1504672096,High
26920,2171,Chowan,89,13646.0,Coastal,79.4,1402.6,High,-76.6021303656,36.1265615389,High
26900,24632,Alamance,89,175029.0,Northern,404.8,3065.6,High,-79.3994248175,36.0437098766,High
26964,27395,New Hanover,89,230423.0,Coastal,1174.0,2612.3,High,-77.865597569,34.1815553357,High
26986,1774,Swain,89,14046.0,Western,26.8,3517.8,High,-83.4927393736,35.4868150519,High
26918,6410,Chatham,89,77095.0,Eastern,111.9,1456.0,High,-79.2552758614,35.7025721296,High
26946,6745,Hoke,89,53783.0,Eastern,133.5,2028.14,High,-79.237290715,35.0175290075,High
26966,26075,Onslow,89,207928.0,Coastal,268.4,2191.23,High,-77.4157658244,34.709836363,High
26947,803,Hyde,89,4595.0,Coastal,7.5,0.0,High,-76.1449651093,35.4081187361,High
26924,13375,Craven,89,102568.0,Coastal,142.5,2112.3,High,-77.082003837,35.117685821,High
26953,9009,Lenoir,89,54323.0,Coastal,138.1,3246.04,High,-77.6412486292,35.2387731611,High
26997,12515,Wilson,89,79078.0,Coastal,214.3,2386.9,High,-77.9186629547,35.7051457145,High
26961,4275,Montgomery,89,25485.0,Eastern,52.4,2480.1,High,-79.9054790812,35.332466935,High
26901,6052,Alexander,89,36172.0,Northern,140.2,1440.7,High,-81.1770268506,35.9210263138,High
26941,7387,Halifax,89,47859.0,Coastal,67.2,2754.7,High,-77.6517329831,36.2574485453,High
26999,2626,Yancey,89,18320.0,Western,59.1,557.0,High,-82.3076279784,35.8989479924,High
26962,12815,Moore,89,102966.0,Eastern,142.9,1617.3,High,-79.4813744392,35.3106538555,High
26950,30647,Johnston,89,224833.0,Coastal,272.7,1547.3,High,-78.3657109025,35.5178069265,High
26911,14622,Burke,89,88398.0,Western,173.0,1836.1,High,-81.7047784739,35.7496106399,High
26925,41584,Cumberland,89,341793.0,Eastern,512.9,3748.5,High,-78.8275607671,35.048611942,High
26944,14175,Henderson,89,117429.0,Western,311.8,2039.7,High,-82.4799463782,35.3362263031,High
26976,6762,Richmond,89,43006.0,Eastern,90.7,5508.4,High,-79.7477780226,35.0060483545,High
26931,33353,Durham,89,331347.0,Eastern,1133.7,3966.0,High,-78.8765926949,36.0360299243,High
26965,2458,Northampton,89,16953.0,Eastern,32.6,2092.6,High,-77.3968212099,36.4177312434,High
26979,24968,Rowan,89,148565.0,Northern,287.1,2292.8,High,-80.5247717485,35.6394734632,High
26934,9205,Franklin,89,70655.0,Eastern,139.4,1314.6,High,-78.2856965824,36.0827733527,High
26971,1410,Perquimans,89,13049.0,Coastal,52.6,684.8,High,-76.4076199893,36.1772228503,High
26974,2177,Polk,89,19461.0,Western,81.3,1596.5,High,-82.1696779265,35.2792789622,High
26951,1233,Jones,89,9076.0,Coastal,19.5,0.0,High,-77.3551679748,35.0217248029,High
26915,7711,Carteret,89,69039.0,Coastal,133.3,1912.1,High,-76.5357430669,34.8612598084,High
26960,1868,Mitchell,89,14783.0,Western,67.4,458.42,High,-82.1635815487,36.0132038869,High
26980,10477,Rutherford,89,63870.0,Western,114.0,2009.9,High,-81.9198334642,35.4025956291,High
26903,3616,Anson,89,22028.0,Central,41.5,2802.1,High,-80.102712026,34.9737894417,High
26917,26724,Catawba,89,162841.0,Northern,400.2,2802.5,High,-81.2150705598,35.662042354,High
26916,2961,Caswell,89,22400.0,Eastern,53.5,317.5,High,-79.3335234769,36.3932742158,High
26956,2544,Madison,89,21146.0,Western,47.1,1247.6,High,-82.7057582627,35.8580358086,High
26994,6209,Watauga,89,54804.0,Northern,173.1,1191.8,High,-81.6964250718,36.2311062795,High
26998,5619,Yadkin,89,36925.0,Northern,111.1,1820.8,High,-80.6652439331,36.1605336919,High
26936,973,Gates,89,10324.0,Coastal,30.8,750.9,High,-76.7005266521,36.4449435708,High
26993,1473,Washington,89,10708.0,Coastal,31.8,1746.8,High,-76.5693098876,35.8392646425,High
26937,1245,Graham,89,7935.0,Western,27.5,8085.4,High,-83.833581803,35.350171951,High
26904,3185,Ashe,89,26506.0,Northern,62.3,1123.1,High,-81.5005211955,36.434424701,High
26949,5169,Jackson,89,41919.0,Western,87.8,1864.6,High,-83.1408496187,35.2875866253,High
26970,8425,Pender,89,62250.0,Coastal,69.1,1461.9,High,-77.8884355846,34.5150997489,High
26977,24067,Robeson,89,115899.0,Coastal,123.0,5137.4,High,-79.1038649277,34.6402420514,High
26978,10944,Rockingham,89,90457.0,Northern,161.0,2130.4,High,-79.7749871967,36.3960127906,High
26906,6581,Beaufort,89,44150.0,Coastal,53.6,2157.95,High,-76.8453144055,35.486983815,High
26975,20157,Randolph,89,143325.0,Northern,184.3,1615.5,High,-79.8060069064,35.7103417044,High
26952,8867,Lee,89,64360.0,Eastern,248.1,1631.1,High,-79.1714836119,35.4751864248,High
26923,9646,Columbus,89,49795.0,Coastal,54.0,2887.71,High,-78.6550308717,34.2656450828,High
26908,5247,Bladen,89,29171.0,Coastal,33.8,2578.5,High,-78.5636493115,34.6145873342,High
26933,48537,Forsyth,89,387703.0,Northern,938.1,4129.5,High,-80.256300016,36.1306195485,High
26969,4606,Pasquotank,89,40966.0,Coastal,178.8,2078.8,High,-76.2492413613,36.2650187228,High
26935,37312,Gaston,89,233387.0,Central,640.7,2912.4,High,-81.1802416273,35.2943489527,High
26973,28072,Pitt,89,173536.0,Coastal,261.0,2238.9,High,-77.3744965519,35.5932989746,High
26948,27123,Iredell,89,192986.0,Northern,325.0,1866.4,High,-80.8734378255,35.8070259189,High
26938,7480,Granville,89,60720.0,Eastern,114.6,1466.3,High,-78.6527194252,36.3040698262,High
26922,17029,Cleveland,89,99332.0,Western,214.4,2001.7,High,-81.5555471412,35.3341018022,High
26990,6241,Vance,89,41665.0,Eastern,168.7,3584.5,High,-78.4079288849,36.3649169333,High
26991,123794,Wake,89,1154170.0,Eastern,1353.3,1846.0,High,-78.6503081729,35.7902443741,High
26930,9338,Duplin,89,48249.0,Coastal,59.8,2911.6,High,-77.9330277459,34.9365348363,High
26988,507,Tyrrell,89,3315.0,Coastal,8.3,957.2,High,-76.1704523585,35.8694070017,High
26909,15108,Brunswick,89,144821.0,Coastal,160.8,1537.1,High,-78.2274071617,34.0388755841,High
26926,2476,Currituck,89,29385.0,Coastal,107.3,1344.3,High,-75.936949201,36.3672994836,High
26913,12467,Caldwell,89,81319.0,Northern,170.9,2504.8,High,-81.5464366451,35.9530379334,High
26981,10620,Sampson,89,58371.0,Coastal,62.4,2241.9,High,-78.3713906105,34.9915361594,High
26989,34124,Union,89,244960.0,Central,376.6,1582.3,High,-80.5307400446,34.9883574887,High
27016,2970,Caswell,90,22400.0,Eastern,53.5,317.5,High,-79.3335234769,36.3932742158,High
27012,31135,Cabarrus,90,232873.0,Central,625.1,1374.8,High,-80.5518508851,35.3867940405,High
27018,6405,Chatham,90,77095.0,Eastern,111.9,1456.0,High,-79.2552758614,35.7025721296,High
27091,124142,Wake,90,1154170.0,Eastern,1353.3,1846.0,High,-78.6503081729,35.7902443741,High
27074,2183,Polk,90,19461.0,Western,81.3,1596.5,High,-82.1696779265,35.2792789622,High
27069,4618,Pasquotank,90,40966.0,Coastal,178.8,2078.8,High,-76.2492413613,36.2650187228,High
27050,30704,Johnston,90,224833.0,Coastal,272.7,1547.3,High,-78.3657109025,35.5178069265,High
27008,5259,Bladen,90,29171.0,Coastal,33.8,2578.5,High,-78.5636493115,34.6145873342,High
27090,6253,Vance,90,41665.0,Eastern,168.7,3584.5,High,-78.4079288849,36.3649169333,High
27045,2651,Hertford,90,20374.0,Coastal,61.0,2281.6,High,-76.9807147831,36.3586360305,High
27097,12526,Wilson,90,79078.0,Coastal,214.3,2386.9,High,-77.9186629547,35.7051457145,High
27081,10635,Sampson,90,58371.0,Coastal,62.4,2241.9,High,-78.3713906105,34.9915361594,High
27036,978,Gates,90,10324.0,Coastal,30.8,750.9,High,-76.7005266521,36.4449435708,High
27041,7400,Halifax,90,47859.0,Coastal,67.2,2754.7,High,-77.6517329831,36.2574485453,High
27001,6053,Alexander,90,36172.0,Northern,140.2,1440.7,High,-81.1770268506,35.9210263138,High
27009,15156,Brunswick,90,144821.0,Coastal,160.8,1537.1,High,-78.2274071617,34.0388755841,High
27006,6600,Beaufort,90,44150.0,Coastal,53.6,2157.95,High,-76.8453144055,35.486983815,High
27085,11377,Surry,90,70573.0,Northern,134.0,1507.5,High,-80.6880779273,36.4148205561,High
27022,17068,Cleveland,90,99332.0,Western,214.4,2001.7,High,-81.5555471412,35.3341018022,High
27054,14028,Lincoln,90,88742.0,Central,293.4,1745.2,High,-81.2235326264,35.4855950234,High
27079,25003,Rowan,90,148565.0,Northern,287.1,2292.8,High,-80.5247717485,35.6394734632,High
27070,8441,Pender,90,62250.0,Coastal,69.1,1461.9,High,-77.8884355846,34.5150997489,High
27030,9351,Duplin,90,48249.0,Coastal,59.8,2911.6,High,-77.9330277459,34.9365348363,High
27067,11114,Orange,90,148331.0,Eastern,374.0,1991.9,High,-79.120649356,36.0611182361,High
27024,13399,Craven,90,102568.0,Coastal,142.5,2112.3,High,-77.082003837,35.117685821,High
27095,15027,Wayne,90,115895.0,Coastal,211.8,2813.0,High,-78.0039971272,35.3639599672,High
27015,7740,Carteret,90,69039.0,Coastal,133.3,1912.1,High,-76.5357430669,34.8612598084,High
27086,1801,Swain,90,14046.0,Western,26.8,3517.8,High,-83.4927393736,35.4868150519,High
27040,63203,Guilford,90,545484.0,Northern,838.0,3371.1,High,-79.7889042685,36.0794717315,High
27028,24332,Davidson,90,171752.0,Northern,305.4,1757.8,High,-80.2127487756,35.7933524917,High
27076,6773,Richmond,90,43006.0,Eastern,90.7,5508.4,High,-79.7477780226,35.0060483545,High
27005,2561,Avery,90,17347.0,Western,72.0,1003.4,High,-81.9226013745,36.0766050343,High
27055,4575,Macon,90,37041.0,Western,71.8,2077.4,High,-83.4221767088,35.1504672096,High
27021,1496,Clay,90,11238.0,Western,51.6,2288.34,High,-83.7501767115,35.0571811284,High
27065,2462,Northampton,90,16953.0,Eastern,32.6,2092.6,High,-77.3968212099,36.4177312434,High
27025,41705,Cumberland,90,341793.0,Eastern,512.9,3748.5,High,-78.8275607671,35.048611942,High
27026,2480,Currituck,90,29385.0,Coastal,107.3,1344.3,High,-75.936949201,36.3672994836,High
27098,5634,Yadkin,90,36925.0,Northern,111.1,1820.8,High,-80.6652439331,36.1605336919,High
27013,12496,Caldwell,90,81319.0,Northern,170.9,2504.8,High,-81.5464366451,35.9530379334,High
27048,27199,Iredell,90,192986.0,Northern,325.0,1866.4,High,-80.8734378255,35.8070259189,High
27061,4281,Montgomery,90,25485.0,Eastern,52.4,2480.1,High,-79.9054790812,35.332466935,High
27073,28132,Pitt,90,173536.0,Coastal,261.0,2238.9,High,-77.3744965519,35.5932989746,High
27035,37429,Gaston,90,233387.0,Central,640.7,2912.4,High,-81.1802416273,35.2943489527,High
27038,7498,Granville,90,60720.0,Eastern,114.6,1466.3,High,-78.6527194252,36.3040698262,High
27088,509,Tyrrell,90,3315.0,Coastal,8.3,957.2,High,-76.1704523585,35.8694070017,High
27072,4820,Person,90,39048.0,Eastern,99.7,1862.8,High,-78.9718051426,36.3900951244,High
27023,9664,Columbus,90,49795.0,Coastal,54.0,2887.71,High,-78.6550308717,34.2656450828,High
27089,34244,Union,90,244960.0,Central,376.6,1582.3,High,-80.5307400446,34.9883574887,High
27011,14676,Burke,90,88398.0,Western,173.0,1836.1,High,-81.7047784739,35.7496106399,High
27078,11009,Rockingham,90,90457.0,Northern,161.0,2130.4,High,-79.7749871967,36.3960127906,High
27077,24104,Robeson,90,115899.0,Coastal,123.0,5137.4,High,-79.1038649277,34.6402420514,High
27075,20198,Randolph,90,143325.0,Northern,184.3,1615.5,High,-79.8060069064,35.7103417044,High
27062,12846,Moore,90,102966.0,Eastern,142.9,1617.3,High,-79.4813744392,35.3106538555,High
27049,5197,Jackson,90,41919.0,Western,87.8,1864.6,High,-83.1408496187,35.2875866253,High
27093,1478,Washington,90,10708.0,Coastal,31.8,1746.8,High,-76.5693098876,35.8392646425,High
27094,6220,Watauga,90,54804.0,Northern,173.1,1191.8,High,-81.6964250718,36.2311062795,High
27056,2549,Madison,90,21146.0,Western,47.1,1247.6,High,-82.7057582627,35.8580358086,High
27080,10502,Rutherford,90,63870.0,Western,114.0,2009.9,High,-81.9198334642,35.4025956291,High
27003,3619,Anson,90,22028.0,Central,41.5,2802.1,High,-80.102712026,34.9737894417,High
27060,1871,Mitchell,90,14783.0,Western,67.4,458.42,High,-82.1635815487,36.0132038869,High
27027,3536,Dare,90,37817.0,Coastal,96.3,1872.9,High,-75.6852333134,35.664936694,High
27017,26767,Catawba,90,162841.0,Northern,400.2,2802.5,High,-81.2150705598,35.662042354,High
27034,9227,Franklin,90,70655.0,Eastern,139.4,1314.6,High,-78.2856965824,36.0827733527,High
27051,1235,Jones,90,9076.0,Coastal,19.5,0.0,High,-77.3551679748,35.0217248029,High
27066,26162,Onslow,90,207928.0,Coastal,268.4,2191.23,High,-77.4157658244,34.709836363,High
27031,33353,Durham,90,331347.0,Eastern,1133.7,3966.0,High,-78.8765926949,36.0360299243,High
27071,1412,Perquimans,90,13049.0,Coastal,52.6,684.8,High,-76.4076199893,36.1772228503,High
27044,14205,Henderson,90,117429.0,Western,311.8,2039.7,High,-82.4799463782,35.3362263031,High
27004,3190,Ashe,90,26506.0,Northern,62.3,1123.1,High,-81.5005211955,36.434424701,High
27043,6820,Haywood,90,62831.0,Western,112.2,3591.8,High,-82.9821729698,35.5560557128,High
27099,2631,Yancey,90,18320.0,Western,59.1,557.0,High,-82.3076279784,35.8989479924,High
27033,48645,Forsyth,90,387703.0,Northern,938.1,4129.5,High,-80.256300016,36.1306195485,High
27029,5885,Davie,90,43127.0,Northern,162.0,1665.25,High,-80.5444636482,35.929110866,High
27039,3143,Greene,90,19978.0,Coastal,76.7,1640.3,High,-77.6757626742,35.4849957203,High
27059,149746,Mecklenburg,90,1128426.0,Central,2130.4,3736.1,High,-80.8327311406,35.2467670437,High
27082,5418,Scotland,90,33662.0,Eastern,107.1,3528.0,High,-79.4804292418,34.8408848102,High
27007,2340,Bertie,90,17302.0,Coastal,25.7,1594.6,High,-76.9667121404,36.0656302022,High
27084,5715,Stokes,90,44422.0,Northern,99.1,2146.85,High,-80.2395157151,36.4019040049,High
27000,24717,Alamance,90,175029.0,Northern,404.8,3065.6,High,-79.3994248175,36.0437098766,High
27042,17194,Harnett,90,134986.0,Eastern,224.5,2172.6,High,-78.8694125204,35.3686291614,High
27083,10951,Stanly,90,62143.0,Central,158.2,2425.2,High,-80.2509863077,35.3119550622,High
27052,8905,Lee,90,64360.0,Eastern,248.1,1631.1,High,-79.1714836119,35.4751864248,High
27046,6768,Hoke,90,53783.0,Eastern,133.5,2028.14,High,-79.237290715,35.0175290075,High
27092,2229,Warren,90,18621.0,Eastern,43.4,2235.0,High,-78.1067171324,36.3965102811,High
27014,1017,Camden,90,10537.0,Coastal,43.1,793.0,High,-76.1609504039,36.3411216216,High
27019,4428,Cherokee,90,28738.0,Western,63.2,3613.3,High,-84.063444228,35.1338574515,High
27037,1252,Graham,90,7935.0,Western,27.5,8085.4,High,-83.833581803,35.350171951,High
27057,3412,Martin,90,21503.0,Coastal,48.3,2717.4,High,-77.109232267,35.843213981,High
27064,27429,New Hanover,90,230423.0,Coastal,1174.0,2612.3,High,-77.865597569,34.1815553357,High
27053,9025,Lenoir,90,54323.0,Coastal,138.1,3246.04,High,-77.6412486292,35.2387731611,High
27020,2172,Chowan,90,13646.0,Coastal,79.4,1402.6,High,-76.6021303656,36.1265615389,High
27068,1582,Pamlico,90,12215.0,Coastal,36.5,2321.5,High,-76.6694598427,35.151021226,High
27047,805,Hyde,90,4595.0,Coastal,7.5,0.0,High,-76.1449651093,35.4081187361,High
27063,14560,Nash,90,96101.0,Coastal,175.7,1838.5,High,-77.9864448378,35.9672502839,High
27010,25684,Buncombe,90,271638.0,Western,410.4,3012.8,High,-82.5301070587,35.611177887,High
27002,1520,Alleghany,90,11057.0,Northern,46.4,697.2,High,-81.1278593427,36.4912704378,High
27087,3643,Transylvania,90,32825.0,Western,87.2,978.5,High,-82.7983001279,35.2021778635,High
27058,7979,McDowell,90,44151.0,Western,101.3,2610.9,High,-82.0493124426,35.6816924709,High
27096,10054,Wilkes,90,65151.0,Northern,87.5,1887.3,High,-81.1633856618,36.2062757623,High
27032,7471,Edgecombe,90,48604.0,Coastal,96.7,2366.3,High,-77.5970588882,35.912880671,High
27193,1482,Washington,91,10708.0,Coastal,31.8,1746.8,High,-76.5693098876,35.8392646425,High
27158,8011,McDowell,91,44151.0,Western,101.3,2610.9,High,-82.0493124426,35.6816924709,High
27136,985,Gates,91,10324.0,Coastal,30.8,750.9,High,-76.7005266521,36.4449435708,High
27180,10575,Rutherford,91,63870.0,Western,114.0,2009.9,High,-81.9198334642,35.4025956291,High
27161,4293,Montgomery,91,25485.0,Eastern,52.4,2480.1,High,-79.9054790812,35.332466935,High
27184,5739,Stokes,91,44422.0,Northern,99.1,2146.85,High,-80.2395157151,36.4019040049,High
27188,510,Tyrrell,91,3315.0,Coastal,8.3,957.2,High,-76.1704523585,35.8694070017,High
27189,34358,Union,91,244960.0,Central,376.6,1582.3,High,-80.5307400446,34.9883574887,High
27154,14081,Lincoln,91,88742.0,Central,293.4,1745.2,High,-81.2235326264,35.4855950234,High
27120,2173,Chowan,91,13646.0,Coastal,79.4,1402.6,High,-76.6021303656,36.1265615389,High
27101,6069,Alexander,91,36172.0,Northern,140.2,1440.7,High,-81.1770268506,35.9210263138,High
27110,25787,Buncombe,91,271638.0,Western,410.4,3012.8,High,-82.5301070587,35.611177887,High
27106,6612,Beaufort,91,44150.0,Coastal,53.6,2157.95,High,-76.8453144055,35.486983815,High
27142,17259,Harnett,91,134986.0,Eastern,224.5,2172.6,High,-78.8694125204,35.3686291614,High
27198,5655,Yadkin,91,36925.0,Northern,111.1,1820.8,High,-80.6652439331,36.1605336919,High
27113,12555,Caldwell,91,81319.0,Northern,170.9,2504.8,High,-81.5464366451,35.9530379334,High
27174,2196,Polk,91,19461.0,Western,81.3,1596.5,High,-82.1696779265,35.2792789622,High
27175,20292,Randolph,91,143325.0,Northern,184.3,1615.5,High,-79.8060069064,35.7103417044,High
27122,17164,Cleveland,91,99332.0,Western,214.4,2001.7,High,-81.5555471412,35.3341018022,High
27190,6285,Vance,91,41665.0,Eastern,168.7,3584.5,High,-78.4079288849,36.3649169333,High
27152,8950,Lee,91,64360.0,Eastern,248.1,1631.1,High,-79.1714836119,35.4751864248,High
27146,6789,Hoke,91,53783.0,Eastern,133.5,2028.14,High,-79.237290715,35.0175290075,High
27185,11424,Surry,91,70573.0,Northern,134.0,1507.5,High,-80.6880779273,36.4148205561,High
27181,10671,Sampson,91,58371.0,Coastal,62.4,2241.9,High,-78.3713906105,34.9915361594,High
27165,2467,Northampton,91,16953.0,Eastern,32.6,2092.6,High,-77.3968212099,36.4177312434,High
27172,4847,Person,91,39048.0,Eastern,99.7,1862.8,High,-78.9718051426,36.3900951244,High
27171,1419,Perquimans,91,13049.0,Coastal,52.6,684.8,High,-76.4076199893,36.1772228503,High
27130,9384,Duplin,91,48249.0,Coastal,59.8,2911.6,High,-77.9330277459,34.9365348363,High
27102,1528,Alleghany,91,11057.0,Northern,46.4,697.2,High,-81.1278593427,36.4912704378,High
27148,27316,Iredell,91,192986.0,Northern,325.0,1866.4,High,-80.8734378255,35.8070259189,High
27163,14599,Nash,91,96101.0,Coastal,175.7,1838.5,High,-77.9864448378,35.9672502839,High
27173,28234,Pitt,91,173536.0,Coastal,261.0,2238.9,High,-77.3744965519,35.5932989746,High
27138,7512,Granville,91,60720.0,Eastern,114.6,1466.3,High,-78.6527194252,36.3040698262,High
27123,9709,Columbus,91,49795.0,Coastal,54.0,2887.71,High,-78.6550308717,34.2656450828,High
27111,14724,Burke,91,88398.0,Western,173.0,1836.1,High,-81.7047784739,35.7496106399,High
27132,7486,Edgecombe,91,48604.0,Coastal,96.7,2366.3,High,-77.5970588882,35.912880671,High
27125,41948,Cumberland,91,341793.0,Eastern,512.9,3748.5,High,-78.8275607671,35.048611942,High
27129,5907,Davie,91,43127.0,Northern,162.0,1665.25,High,-80.5444636482,35.929110866,High
27187,3655,Transylvania,91,32825.0,Western,87.2,978.5,High,-82.7983001279,35.2021778635,High
27168,1593,Pamlico,91,12215.0,Coastal,36.5,2321.5,High,-76.6694598427,35.151021226,High
27147,807,Hyde,91,4595.0,Coastal,7.5,0.0,High,-76.1449651093,35.4081187361,High
27164,27503,New Hanover,91,230423.0,Coastal,1174.0,2612.3,High,-77.865597569,34.1815553357,High
27155,4594,Macon,91,37041.0,Western,71.8,2077.4,High,-83.4221767088,35.1504672096,High
27182,5436,Scotland,91,33662.0,Eastern,107.1,3528.0,High,-79.4804292418,34.8408848102,High
27139,3152,Greene,91,19978.0,Coastal,76.7,1640.3,High,-77.6757626742,35.4849957203,High
27159,150189,Mecklenburg,91,1128426.0,Central,2130.4,3736.1,High,-80.8327311406,35.2467670437,High
27126,2493,Currituck,91,29385.0,Coastal,107.3,1344.3,High,-75.936949201,36.3672994836,High
27117,26816,Catawba,91,162841.0,Northern,400.2,2802.5,High,-81.2150705598,35.662042354,High
27114,1022,Camden,91,10537.0,Coastal,43.1,793.0,High,-76.1609504039,36.3411216216,High
27170,8454,Pender,91,62250.0,Coastal,69.1,1461.9,High,-77.8884355846,34.5150997489,High
27133,48800,Forsyth,91,387703.0,Northern,938.1,4129.5,High,-80.256300016,36.1306195485,High
27194,6244,Watauga,91,54804.0,Northern,173.1,1191.8,High,-81.6964250718,36.2311062795,High
27156,2555,Madison,91,21146.0,Western,47.1,1247.6,High,-82.7057582627,35.8580358086,High
27103,3630,Anson,91,22028.0,Central,41.5,2802.1,High,-80.102712026,34.9737894417,High
27160,1873,Mitchell,91,14783.0,Western,67.4,458.42,High,-82.1635815487,36.0132038869,High
27143,6852,Haywood,91,62831.0,Western,112.2,3591.8,High,-82.9821729698,35.5560557128,High
27144,14265,Henderson,91,117429.0,Western,311.8,2039.7,High,-82.4799463782,35.3362263031,High
27131,33430,Durham,91,331347.0,Eastern,1133.7,3966.0,High,-78.8765926949,36.0360299243,High
27149,5224,Jackson,91,41919.0,Western,87.8,1864.6,High,-83.1408496187,35.2875866253,High
27134,9266,Franklin,91,70655.0,Eastern,139.4,1314.6,High,-78.2856965824,36.0827733527,High
27166,26317,Onslow,91,207928.0,Coastal,268.4,2191.23,High,-77.4157658244,34.709836363,High
27151,1241,Jones,91,9076.0,Coastal,19.5,0.0,High,-77.3551679748,35.0217248029,High
27104,3204,Ashe,91,26506.0,Northern,62.3,1123.1,High,-81.5005211955,36.434424701,High
27162,12911,Moore,91,102966.0,Eastern,142.9,1617.3,High,-79.4813744392,35.3106538555,High
27177,24172,Robeson,91,115899.0,Coastal,123.0,5137.4,High,-79.1038649277,34.6402420514,High
27178,11039,Rockingham,91,90457.0,Northern,161.0,2130.4,High,-79.7749871967,36.3960127906,High
27107,2349,Bertie,91,17302.0,Coastal,25.7,1594.6,High,-76.9667121404,36.0656302022,High
27196,10089,Wilkes,91,65151.0,Northern,87.5,1887.3,High,-81.1633856618,36.2062757623,High
27105,2563,Avery,91,17347.0,Western,72.0,1003.4,High,-81.9226013745,36.0766050343,High
27153,9057,Lenoir,91,54323.0,Coastal,138.1,3246.04,High,-77.6412486292,35.2387731611,High
27100,24800,Alamance,91,175029.0,Northern,404.8,3065.6,High,-79.3994248175,36.0437098766,High
27135,37567,Gaston,91,233387.0,Central,640.7,2912.4,High,-81.1802416273,35.2943489527,High
27112,31200,Cabarrus,91,232873.0,Central,625.1,1374.8,High,-80.5518508851,35.3867940405,High
27169,4630,Pasquotank,91,40966.0,Coastal,178.8,2078.8,High,-76.2492413613,36.2650187228,High
27199,2636,Yancey,91,18320.0,Western,59.1,557.0,High,-82.3076279784,35.8989479924,High
27108,5269,Bladen,91,29171.0,Coastal,33.8,2578.5,High,-78.5636493115,34.6145873342,High
27167,11154,Orange,91,148331.0,Eastern,374.0,1991.9,High,-79.120649356,36.0611182361,High
27124,13488,Craven,91,102568.0,Coastal,142.5,2112.3,High,-77.082003837,35.117685821,High
27115,7777,Carteret,91,69039.0,Coastal,133.3,1912.1,High,-76.5357430669,34.8612598084,High
27150,30784,Johnston,91,224833.0,Coastal,272.7,1547.3,High,-78.3657109025,35.5178069265,High
27176,6796,Richmond,91,43006.0,Eastern,90.7,5508.4,High,-79.7477780226,35.0060483545,High
27109,15246,Brunswick,91,144821.0,Coastal,160.8,1537.1,High,-78.2274071617,34.0388755841,High
27179,25076,Rowan,91,148565.0,Northern,287.1,2292.8,High,-80.5247717485,35.6394734632,High
27116,2984,Caswell,91,22400.0,Eastern,53.5,317.5,High,-79.3335234769,36.3932742158,High
27191,124142,Wake,91,1154170.0,Eastern,1353.3,1846.0,High,-78.6503081729,35.7902443741,High
27128,24420,Davidson,91,171752.0,Northern,305.4,1757.8,High,-80.2127487756,35.7933524917,High
27141,7420,Halifax,91,47859.0,Coastal,67.2,2754.7,High,-77.6517329831,36.2574485453,High
27197,12569,Wilson,91,79078.0,Coastal,214.3,2386.9,High,-77.9186629547,35.7051457145,High
27195,15079,Wayne,91,115895.0,Coastal,211.8,2813.0,High,-78.0039971272,35.3639599672,High
27192,2242,Warren,91,18621.0,Eastern,43.4,2235.0,High,-78.1067171324,36.3965102811,High
27121,1506,Clay,91,11238.0,Western,51.6,2288.34,High,-83.7501767115,35.0571811284,High
27186,1812,Swain,91,14046.0,Western,26.8,3517.8,High,-83.4927393736,35.4868150519,High
27119,4453,Cherokee,91,28738.0,Western,63.2,3613.3,High,-84.063444228,35.1338574515,High
27145,2656,Hertford,91,20374.0,Coastal,61.0,2281.6,High,-76.9807147831,36.3586360305,High
27157,3415,Martin,91,21503.0,Coastal,48.3,2717.4,High,-77.109232267,35.843213981,High
27127,3547,Dare,91,37817.0,Coastal,96.3,1872.9,High,-75.6852333134,35.664936694,High
27137,1259,Graham,91,7935.0,Western,27.5,8085.4,High,-83.833581803,35.350171951,High
27140,63454,Guilford,91,545484.0,Northern,838.0,3371.1,High,-79.7889042685,36.0794717315,High
27183,10987,Stanly,91,62143.0,Central,158.2,2425.2,High,-80.2509863077,35.3119550622,High
27118,6428,Chatham,91,77095.0,Eastern,111.9,1456.0,High,-79.2552758614,35.7025721296,High
27245,2667,Hertford,92,20374.0,Coastal,61.0,2281.6,High,-76.9807147831,36.3586360305,High
27275,20369,Randolph,92,143325.0,Northern,184.3,1615.5,High,-79.8060069064,35.7103417044,High
27200,24907,Alamance,92,175029.0,Northern,404.8,3065.6,High,-79.3994248175,36.0437098766,High
27243,6896,Haywood,92,62831.0,Western,112.2,3591.8,High,-82.9821729698,35.5560557128,High
27203,3636,Anson,92,22028.0,Central,41.5,2802.1,High,-80.102712026,34.9737894417,High
27263,14656,Nash,92,96101.0,Coastal,175.7,1838.5,High,-77.9864448378,35.9672502839,High
27289,34446,Union,92,244960.0,Central,376.6,1582.3,High,-80.5307400446,34.9883574887,High
27253,9081,Lenoir,92,54323.0,Coastal,138.1,3246.04,High,-77.6412486292,35.2387731611,High
27284,5780,Stokes,92,44422.0,Northern,99.1,2146.85,High,-80.2395157151,36.4019040049,High
27259,150490,Mecklenburg,92,1128426.0,Central,2130.4,3736.1,High,-80.8327311406,35.2467670437,High
27219,4459,Cherokee,92,28738.0,Western,63.2,3613.3,High,-84.063444228,35.1338574515,High
27267,11182,Orange,92,148331.0,Eastern,374.0,1991.9,High,-79.120649356,36.0611182361,High
27281,10707,Sampson,92,58371.0,Coastal,62.4,2241.9,High,-78.3713906105,34.9915361594,High
27214,1027,Camden,92,10537.0,Coastal,43.1,793.0,High,-76.1609504039,36.3411216216,High
27261,4303,Montgomery,92,25485.0,Eastern,52.4,2480.1,High,-79.9054790812,35.332466935,High
27230,9427,Duplin,92,48249.0,Coastal,59.8,2911.6,High,-77.9330277459,34.9365348363,High
27238,7529,Granville,92,60720.0,Eastern,114.6,1466.3,High,-78.6527194252,36.3040698262,High
27295,15121,Wayne,92,115895.0,Coastal,211.8,2813.0,High,-78.0039971272,35.3639599672,High
27225,42134,Cumberland,92,341793.0,Eastern,512.9,3748.5,High,-78.8275607671,35.048611942,High
27290,6317,Vance,92,41665.0,Eastern,168.7,3584.5,High,-78.4079288849,36.3649169333,High
27298,5676,Yadkin,92,36925.0,Northern,111.1,1820.8,High,-80.6652439331,36.1605336919,High
27241,7441,Halifax,92,47859.0,Coastal,67.2,2754.7,High,-77.6517329831,36.2574485453,High
27228,24500,Davidson,92,171752.0,Northern,305.4,1757.8,High,-80.2127487756,35.7933524917,High
27249,5249,Jackson,92,41919.0,Western,87.8,1864.6,High,-83.1408496187,35.2875866253,High
27272,4866,Person,92,39048.0,Eastern,99.7,1862.8,High,-78.9718051426,36.3900951244,High
27229,5947,Davie,92,43127.0,Northern,162.0,1665.25,High,-80.5444636482,35.929110866,High
27286,1831,Swain,92,14046.0,Western,26.8,3517.8,High,-83.4927393736,35.4868150519,High
27282,5462,Scotland,92,33662.0,Eastern,107.1,3528.0,High,-79.4804292418,34.8408848102,High
27202,1533,Alleghany,92,11057.0,Northern,46.4,697.2,High,-81.1278593427,36.4912704378,High
27255,4628,Macon,92,37041.0,Western,71.8,2077.4,High,-83.4221767088,35.1504672096,High
27264,27546,New Hanover,92,230423.0,Coastal,1174.0,2612.3,High,-77.865597569,34.1815553357,High
27218,6442,Chatham,92,77095.0,Eastern,111.9,1456.0,High,-79.2552758614,35.7025721296,High
27239,3169,Greene,92,19978.0,Coastal,76.7,1640.3,High,-77.6757626742,35.4849957203,High
27287,3684,Transylvania,92,32825.0,Western,87.2,978.5,High,-82.7983001279,35.2021778635,High
27207,2359,Bertie,92,17302.0,Coastal,25.7,1594.6,High,-76.9667121404,36.0656302022,High
27268,1599,Pamlico,92,12215.0,Coastal,36.5,2321.5,High,-76.6694598427,35.151021226,High
27283,11012,Stanly,92,62143.0,Central,158.2,2425.2,High,-80.2509863077,35.3119550622,High
27292,2250,Warren,92,18621.0,Eastern,43.4,2235.0,High,-78.1067171324,36.3965102811,High
27205,2574,Avery,92,17347.0,Western,72.0,1003.4,High,-81.9226013745,36.0766050343,High
27257,3428,Martin,92,21503.0,Coastal,48.3,2717.4,High,-77.109232267,35.843213981,High
27280,10626,Rutherford,92,63870.0,Western,114.0,2009.9,High,-81.9198334642,35.4025956291,High
27227,3557,Dare,92,37817.0,Coastal,96.3,1872.9,High,-75.6852333134,35.664936694,High
27237,1262,Graham,92,7935.0,Western,27.5,8085.4,High,-83.833581803,35.350171951,High
27296,10134,Wilkes,92,65151.0,Northern,87.5,1887.3,High,-81.1633856618,36.2062757623,High
27204,3215,Ashe,92,26506.0,Northern,62.3,1123.1,High,-81.5005211955,36.434424701,High
27232,7519,Edgecombe,92,48604.0,Coastal,96.7,2366.3,High,-77.5970588882,35.912880671,High
27223,9740,Columbus,92,49795.0,Coastal,54.0,2887.71,High,-78.6550308717,34.2656450828,High
27233,48984,Forsyth,92,387703.0,Northern,938.1,4129.5,High,-80.256300016,36.1306195485,High
27297,12612,Wilson,92,79078.0,Coastal,214.3,2386.9,High,-77.9186629547,35.7051457145,High
27270,8475,Pender,92,62250.0,Coastal,69.1,1461.9,High,-77.8884355846,34.5150997489,High
27256,2581,Madison,92,21146.0,Western,47.1,1247.6,High,-82.7057582627,35.8580358086,High
27260,1883,Mitchell,92,14783.0,Western,67.4,458.42,High,-82.1635815487,36.0132038869,High
27244,14334,Henderson,92,117429.0,Western,311.8,2039.7,High,-82.4799463782,35.3362263031,High
27266,26443,Onslow,92,207928.0,Coastal,268.4,2191.23,High,-77.4157658244,34.709836363,High
27231,33615,Durham,92,331347.0,Eastern,1133.7,3966.0,High,-78.8765926949,36.0360299243,Substantial
27211,14805,Burke,92,88398.0,Western,173.0,1836.1,High,-81.7047784739,35.7496106399,High
27234,9289,Franklin,92,70655.0,Eastern,139.4,1314.6,High,-78.2856965824,36.0827733527,High
27262,12966,Moore,92,102966.0,Eastern,142.9,1617.3,High,-79.4813744392,35.3106538555,High
27277,24213,Robeson,92,115899.0,Coastal,123.0,5137.4,High,-79.1038649277,34.6402420514,High
27278,11076,Rockingham,92,90457.0,Northern,161.0,2130.4,High,-79.7749871967,36.3960127906,High
27217,26891,Catawba,92,162841.0,Northern,400.2,2802.5,High,-81.2150705598,35.662042354,High
27248,27396,Iredell,92,192986.0,Northern,325.0,1866.4,High,-80.8734378255,35.8070259189,High
27273,28322,Pitt,92,173536.0,Coastal,261.0,2238.9,High,-77.3744965519,35.5932989746,High
27226,2509,Currituck,92,29385.0,Coastal,107.3,1344.3,High,-75.936949201,36.3672994836,High
27247,808,Hyde,92,4595.0,Coastal,7.5,0.0,High,-76.1449651093,35.4081187361,High
27251,1251,Jones,92,9076.0,Coastal,19.5,0.0,High,-77.3551679748,35.0217248029,High
27224,13533,Craven,92,102568.0,Coastal,142.5,2112.3,High,-77.082003837,35.117685821,High
27221,1511,Clay,92,11238.0,Western,51.6,2288.34,High,-83.7501767115,35.0571811284,High
27294,6263,Watauga,92,54804.0,Northern,173.1,1191.8,High,-81.6964250718,36.2311062795,High
27201,6090,Alexander,92,36172.0,Northern,140.2,1440.7,High,-81.1770268506,35.9210263138,High
27220,2181,Chowan,92,13646.0,Coastal,79.4,1402.6,High,-76.6021303656,36.1265615389,High
27213,12579,Caldwell,92,81319.0,Northern,170.9,2504.8,High,-81.5464366451,35.9530379334,High
27274,2203,Polk,92,19461.0,Western,81.3,1596.5,High,-82.1696779265,35.2792789622,High
27222,17204,Cleveland,92,99332.0,Western,214.4,2001.7,High,-81.5555471412,35.3341018022,High
27235,37692,Gaston,92,233387.0,Central,640.7,2912.4,High,-81.1802416273,35.2943489527,High
27254,14136,Lincoln,92,88742.0,Central,293.4,1745.2,High,-81.2235326264,35.4855950234,High
27236,985,Gates,92,10324.0,Coastal,30.8,750.9,High,-76.7005266521,36.4449435708,High
27206,6644,Beaufort,92,44150.0,Coastal,53.6,2157.95,High,-76.8453144055,35.486983815,High
27285,11494,Surry,92,70573.0,Northern,134.0,1507.5,High,-80.6880779273,36.4148205561,High
27288,513,Tyrrell,92,3315.0,Coastal,8.3,957.2,High,-76.1704523585,35.8694070017,High
27242,17311,Harnett,92,134986.0,Eastern,224.5,2172.6,High,-78.8694125204,35.3686291614,High
27252,8974,Lee,92,64360.0,Eastern,248.1,1631.1,High,-79.1714836119,35.4751864248,High
27210,25936,Buncombe,92,271638.0,Western,410.4,3012.8,High,-82.5301070587,35.611177887,High
27258,8052,McDowell,92,44151.0,Western,101.3,2610.9,High,-82.0493124426,35.6816924709,High
27265,2477,Northampton,92,16953.0,Eastern,32.6,2092.6,High,-77.3968212099,36.4177312434,High
27216,2996,Caswell,92,22400.0,Eastern,53.5,317.5,High,-79.3335234769,36.3932742158,High
27291,124686,Wake,92,1154170.0,Eastern,1353.3,1846.0,High,-78.6503081729,35.7902443741,High
27215,7802,Carteret,92,69039.0,Coastal,133.3,1912.1,High,-76.5357430669,34.8612598084,High
27269,4659,Pasquotank,92,40966.0,Coastal,178.8,2078.8,High,-76.2492413613,36.2650187228,High
27209,15310,Brunswick,92,144821.0,Coastal,160.8,1537.1,High,-78.2274071617,34.0388755841,High
27276,6821,Richmond,92,43006.0,Eastern,90.7,5508.4,High,-79.7477780226,35.0060483545,High
27250,30877,Johnston,92,224833.0,Coastal,272.7,1547.3,High,-78.3657109025,35.5178069265,High
27246,6802,Hoke,92,53783.0,Eastern,133.5,2028.14,High,-79.237290715,35.0175290075,High
27293,1491,Washington,92,10708.0,Coastal,31.8,1746.8,High,-76.5693098876,35.8392646425,High
27212,31254,Cabarrus,92,232873.0,Central,625.1,1374.8,High,-80.5518508851,35.3867940405,High
27208,5285,Bladen,92,29171.0,Coastal,33.8,2578.5,High,-78.5636493115,34.6145873342,High
27299,2649,Yancey,92,18320.0,Western,59.1,557.0,High,-82.3076279784,35.8989479924,High
27279,25136,Rowan,92,148565.0,Northern,287.1,2292.8,High,-80.5247717485,35.6394734632,High
27240,63716,Guilford,92,545484.0,Northern,838.0,3371.1,High,-79.7889042685,36.0794717315,High
27271,1431,Perquimans,92,13049.0,Coastal,52.6,684.8,High,-76.4076199893,36.1772228503,High
27371,1436,Perquimans,93,13049.0,Coastal,52.6,684.8,High,-76.4076199893,36.1772228503,High
27397,12653,Wilson,93,79078.0,Coastal,214.3,2386.9,High,-77.9186629547,35.7051457145,High
27370,8492,Pender,93,62250.0,Coastal,69.1,1461.9,High,-77.8884355846,34.5150997489,High
27314,1032,Camden,93,10537.0,Coastal,43.1,793.0,High,-76.1609504039,36.3411216216,High
27313,12620,Caldwell,93,81319.0,Northern,170.9,2504.8,High,-81.5464366451,35.9530379334,High
27333,49112,Forsyth,93,387703.0,Northern,938.1,4129.5,High,-80.256300016,36.1306195485,High
27360,1891,Mitchell,93,14783.0,Western,67.4,458.42,High,-82.1635815487,36.0132038869,High
27399,2661,Yancey,93,18320.0,Western,59.1,557.0,High,-82.3076279784,35.8989479924,High
27363,14700,Nash,93,96101.0,Coastal,175.7,1838.5,High,-77.9864448378,35.9672502839,High
27361,4318,Montgomery,93,25485.0,Eastern,52.4,2480.1,High,-79.9054790812,35.332466935,High
27347,811,Hyde,93,4595.0,Coastal,7.5,0.0,High,-76.1449651093,35.4081187361,Substantial
27372,4881,Person,93,39048.0,Eastern,99.7,1862.8,High,-78.9718051426,36.3900951244,High
27337,1266,Graham,93,7935.0,Western,27.5,8085.4,High,-83.833581803,35.350171951,High
27321,1522,Clay,93,11238.0,Western,51.6,2288.34,High,-83.7501767115,35.0571811284,High
27319,4467,Cherokee,93,28738.0,Western,63.2,3613.3,High,-84.063444228,35.1338574515,High
27315,7817,Carteret,93,69039.0,Coastal,133.3,1912.1,High,-76.5357430669,34.8612598084,High
27305,2577,Avery,93,17347.0,Western,72.0,1003.4,High,-81.9226013745,36.0766050343,High
27396,10159,Wilkes,93,65151.0,Northern,87.5,1887.3,High,-81.1633856618,36.2062757623,High
27362,13002,Moore,93,102966.0,Eastern,142.9,1617.3,High,-79.4813744392,35.3106538555,High
27390,6330,Vance,93,41665.0,Eastern,168.7,3584.5,High,-78.4079288849,36.3649169333,High
27301,6109,Alexander,93,36172.0,Northern,140.2,1440.7,High,-81.1770268506,35.9210263138,High
27386,1836,Swain,93,14046.0,Western,26.8,3517.8,High,-83.4927393736,35.4868150519,High
27359,150845,Mecklenburg,93,1128426.0,Central,2130.4,3736.1,High,-80.8327311406,35.2467670437,High
27374,2205,Polk,93,19461.0,Western,81.3,1596.5,High,-82.1696779265,35.2792789622,High
27320,2190,Chowan,93,13646.0,Coastal,79.4,1402.6,High,-76.6021303656,36.1265615389,High
27373,28410,Pitt,93,173536.0,Coastal,261.0,2238.9,High,-77.3744965519,35.5932989746,High
27389,34540,Union,93,244960.0,Central,376.6,1582.3,High,-80.5307400446,34.9883574887,High
27335,37817,Gaston,93,233387.0,Central,640.7,2912.4,High,-81.1802416273,35.2943489527,High
27349,5267,Jackson,93,41919.0,Western,87.8,1864.6,High,-83.1408496187,35.2875866253,High
27343,6922,Haywood,93,62831.0,Western,112.2,3591.8,High,-82.9821729698,35.5560557128,High
27344,14378,Henderson,93,117429.0,Western,311.8,2039.7,High,-82.4799463782,35.3362263031,High
27378,11138,Rockingham,93,90457.0,Northern,161.0,2130.4,High,-79.7749871967,36.3960127906,High
27376,6846,Richmond,93,43006.0,Eastern,90.7,5508.4,High,-79.7477780226,35.0060483545,High
27387,3699,Transylvania,93,32825.0,Western,87.2,978.5,High,-82.7983001279,35.2021778635,High
27383,11041,Stanly,93,62143.0,Central,158.2,2425.2,High,-80.2509863077,35.3119550622,High
27306,6666,Beaufort,93,44150.0,Coastal,53.6,2157.95,High,-76.8453144055,35.486983815,High
27352,9001,Lee,93,64360.0,Eastern,248.1,1631.1,High,-79.1714836119,35.4751864248,High
27322,17245,Cleveland,93,99332.0,Western,214.4,2001.7,High,-81.5555471412,35.3341018022,High
27311,14891,Burke,93,88398.0,Western,173.0,1836.1,High,-81.7047784739,35.7496106399,High
27309,15348,Brunswick,93,144821.0,Coastal,160.8,1537.1,High,-78.2274071617,34.0388755841,High
27308,5295,Bladen,93,29171.0,Coastal,33.8,2578.5,High,-78.5636493115,34.6145873342,High
27302,1540,Alleghany,93,11057.0,Northern,46.4,697.2,High,-81.1278593427,36.4912704378,High
27358,8099,McDowell,93,44151.0,Western,101.3,2610.9,High,-82.0493124426,35.6816924709,High
27332,7558,Edgecombe,93,48604.0,Coastal,96.7,2366.3,High,-77.5970588882,35.912880671,High
27365,2484,Northampton,93,16953.0,Eastern,32.6,2092.6,High,-77.3968212099,36.4177312434,High
27355,4654,Macon,93,37041.0,Western,71.8,2077.4,High,-83.4221767088,35.1504672096,High
27307,2364,Bertie,93,17302.0,Coastal,25.7,1594.6,High,-76.9667121404,36.0656302022,High
27350,30947,Johnston,93,224833.0,Coastal,272.7,1547.3,High,-78.3657109025,35.5178069265,High
27391,125335,Wake,93,1154170.0,Eastern,1353.3,1846.0,High,-78.6503081729,35.7902443741,High
27318,6461,Chatham,93,77095.0,Eastern,111.9,1456.0,High,-79.2552758614,35.7025721296,High
27381,10730,Sampson,93,58371.0,Coastal,62.4,2241.9,High,-78.3713906105,34.9915361594,High
27366,26559,Onslow,93,207928.0,Coastal,268.4,2191.23,High,-77.4157658244,34.709836363,High
27394,6295,Watauga,93,54804.0,Northern,173.1,1191.8,High,-81.6964250718,36.2311062795,High
27364,27590,New Hanover,93,230423.0,Coastal,1174.0,2612.3,High,-77.865597569,34.1815553357,High
27317,26994,Catawba,93,162841.0,Northern,400.2,2802.5,High,-81.2150705598,35.662042354,High
27329,5972,Davie,93,43127.0,Northern,162.0,1665.25,High,-80.5444636482,35.929110866,High
27323,9751,Columbus,93,49795.0,Coastal,54.0,2887.71,High,-78.6550308717,34.2656450828,High
27339,3174,Greene,93,19978.0,Coastal,76.7,1640.3,High,-77.6757626742,35.4849957203,High
27377,24262,Robeson,93,115899.0,Coastal,123.0,5137.4,High,-79.1038649277,34.6402420514,High
27357,3443,Martin,93,21503.0,Coastal,48.3,2717.4,High,-77.109232267,35.843213981,High
27348,27466,Iredell,93,192986.0,Northern,325.0,1866.4,High,-80.8734378255,35.8070259189,High
27382,5479,Scotland,93,33662.0,Eastern,107.1,3528.0,High,-79.4804292418,34.8408848102,High
27334,9313,Franklin,93,70655.0,Eastern,139.4,1314.6,High,-78.2856965824,36.0827733527,High
27392,2255,Warren,93,18621.0,Eastern,43.4,2235.0,High,-78.1067171324,36.3965102811,High
27398,5692,Yadkin,93,36925.0,Northern,111.1,1820.8,High,-80.6652439331,36.1605336919,High
27327,3568,Dare,93,37817.0,Coastal,96.3,1872.9,High,-75.6852333134,35.664936694,High
27331,33615,Durham,93,331347.0,Eastern,1133.7,3966.0,High,-78.8765926949,36.0360299243,Substantial
27312,31289,Cabarrus,93,232873.0,Central,625.1,1374.8,High,-80.5518508851,35.3867940405,High
27356,2588,Madison,93,21146.0,Western,47.1,1247.6,High,-82.7057582627,35.8580358086,High
27326,2520,Currituck,93,29385.0,Coastal,107.3,1344.3,High,-75.936949201,36.3672994836,High
27368,1607,Pamlico,93,12215.0,Coastal,36.5,2321.5,High,-76.6694598427,35.151021226,High
27304,3233,Ashe,93,26506.0,Northern,62.3,1123.1,High,-81.5005211955,36.434424701,High
27316,3008,Caswell,93,22400.0,Eastern,53.5,317.5,High,-79.3335234769,36.3932742158,High
27336,989,Gates,93,10324.0,Coastal,30.8,750.9,High,-76.7005266521,36.4449435708,High
27388,516,Tyrrell,93,3315.0,Coastal,8.3,957.2,High,-76.1704523585,35.8694070017,High
27324,13579,Craven,93,102568.0,Coastal,142.5,2112.3,High,-77.082003837,35.117685821,High
27303,3643,Anson,93,22028.0,Central,41.5,2802.1,High,-80.102712026,34.9737894417,High
27330,9471,Duplin,93,48249.0,Coastal,59.8,2911.6,High,-77.9330277459,34.9365348363,High
27375,20452,Randolph,93,143325.0,Northern,184.3,1615.5,High,-79.8060069064,35.7103417044,High
27353,9101,Lenoir,93,54323.0,Coastal,138.1,3246.04,High,-77.6412486292,35.2387731611,High
27395,15174,Wayne,93,115895.0,Coastal,211.8,2813.0,High,-78.0039971272,35.3639599672,High
27341,7451,Halifax,93,47859.0,Coastal,67.2,2754.7,High,-77.6517329831,36.2574485453,High
27328,24589,Davidson,93,171752.0,Northern,305.4,1757.8,High,-80.2127487756,35.7933524917,High
27300,24979,Alamance,93,175029.0,Northern,404.8,3065.6,High,-79.3994248175,36.0437098766,High
27354,14166,Lincoln,93,88742.0,Central,293.4,1745.2,High,-81.2235326264,35.4855950234,High
27385,11558,Surry,93,70573.0,Northern,134.0,1507.5,High,-80.6880779273,36.4148205561,High
27367,11229,Orange,93,148331.0,Eastern,374.0,1991.9,High,-79.120649356,36.0611182361,High
27310,26050,Buncombe,93,271638.0,Western,410.4,3012.8,High,-82.5301070587,35.611177887,High
27393,1497,Washington,93,10708.0,Coastal,31.8,1746.8,High,-76.5693098876,35.8392646425,High
27346,6815,Hoke,93,53783.0,Eastern,133.5,2028.14,High,-79.237290715,35.0175290075,High
27380,10666,Rutherford,93,63870.0,Western,114.0,2009.9,High,-81.9198334642,35.4025956291,High
27338,7558,Granville,93,60720.0,Eastern,114.6,1466.3,High,-78.6527194252,36.3040698262,High
27345,2672,Hertford,93,20374.0,Coastal,61.0,2281.6,High,-76.9807147831,36.3586360305,High
27384,5790,Stokes,93,44422.0,Northern,99.1,2146.85,High,-80.2395157151,36.4019040049,High
27379,25192,Rowan,93,148565.0,Northern,287.1,2292.8,High,-80.5247717485,35.6394734632,High
27351,1255,Jones,93,9076.0,Coastal,19.5,0.0,High,-77.3551679748,35.0217248029,High
27369,4677,Pasquotank,93,40966.0,Coastal,178.8,2078.8,High,-76.2492413613,36.2650187228,High
27342,17383,Harnett,93,134986.0,Eastern,224.5,2172.6,High,-78.8694125204,35.3686291614,High
27340,63969,Guilford,93,545484.0,Northern,838.0,3371.1,High,-79.7889042685,36.0794717315,High
27325,42347,Cumberland,93,341793.0,Eastern,512.9,3748.5,High,-78.8275607671,35.048611942,High
27463,14700,Nash,94,96101.0,Coastal,175.7,1838.5,High,-77.9864448378,35.9672502839,High
27437,1266,Graham,94,7935.0,Western,27.5,8085.4,High,-83.833581803,35.350171951,High
27460,1891,Mitchell,94,14783.0,Western,67.4,458.42,High,-82.1635815487,36.0132038869,High
27456,2588,Madison,94,21146.0,Western,47.1,1247.6,High,-82.7057582627,35.8580358086,High
27443,6922,Haywood,94,62831.0,Western,112.2,3591.8,High,-82.9821729698,35.5560557128,High
27410,26050,Buncombe,94,271638.0,Western,410.4,3012.8,High,-82.5301070587,35.611177887,High
27407,2364,Bertie,94,17302.0,Coastal,25.7,1594.6,High,-76.9667121404,36.0656302022,High
27405,2577,Avery,94,17347.0,Western,72.0,1003.4,High,-81.9226013745,36.0766050343,High
27434,9313,Franklin,94,70655.0,Eastern,139.4,1314.6,High,-78.2856965824,36.0827733527,High
27447,811,Hyde,94,4595.0,Coastal,7.5,0.0,High,-76.1449651093,35.4081187361,Substantial
27493,1497,Washington,94,10708.0,Coastal,31.8,1746.8,High,-76.5693098876,35.8392646425,High
27448,27466,Iredell,94,192986.0,Northern,325.0,1866.4,High,-80.8734378255,35.8070259189,High
27425,42347,Cumberland,94,341793.0,Eastern,512.9,3748.5,High,-78.8275607671,35.048611942,High
27482,5479,Scotland,94,33662.0,Eastern,107.1,3528.0,High,-79.4804292418,34.8408848102,High
27486,1836,Swain,94,14046.0,Western,26.8,3517.8,High,-83.4927393736,35.4868150519,High
27477,24262,Robeson,94,115899.0,Coastal,123.0,5137.4,High,-79.1038649277,34.6402420514,High
27496,10159,Wilkes,94,65151.0,Northern,87.5,1887.3,High,-81.1633856618,36.2062757623,High
27480,10666,Rutherford,94,63870.0,Western,114.0,2009.9,High,-81.9198334642,35.4025956291,High
27423,9751,Columbus,94,49795.0,Coastal,54.0,2887.71,High,-78.6550308717,34.2656450828,High
27481,10730,Sampson,94,58371.0,Coastal,62.4,2241.9,High,-78.3713906105,34.9915361594,High
27461,4318,Montgomery,94,25485.0,Eastern,52.4,2480.1,High,-79.9054790812,35.332466935,High
27417,26994,Catawba,94,162841.0,Northern,400.2,2802.5,High,-81.2150705598,35.662042354,High
27446,6815,Hoke,94,53783.0,Eastern,133.5,2028.14,High,-79.237290715,35.0175290075,High
27424,13579,Craven,94,102568.0,Coastal,142.5,2112.3,High,-77.082003837,35.117685821,High
27451,1255,Jones,94,9076.0,Coastal,19.5,0.0,High,-77.3551679748,35.0217248029,High
27455,4654,Macon,94,37041.0,Western,71.8,2077.4,High,-83.4221767088,35.1504672096,High
27472,4881,Person,94,39048.0,Eastern,99.7,1862.8,High,-78.9718051426,36.3900951244,High
27469,4677,Pasquotank,94,40966.0,Coastal,178.8,2078.8,High,-76.2492413613,36.2650187228,High
27466,26559,Onslow,94,207928.0,Coastal,268.4,2191.23,High,-77.4157658244,34.709836363,High
27465,2484,Northampton,94,16953.0,Eastern,32.6,2092.6,High,-77.3968212099,36.4177312434,High
27479,25192,Rowan,94,148565.0,Northern,287.1,2292.8,High,-80.5247717485,35.6394734632,High
27411,14891,Burke,94,88398.0,Western,173.0,1836.1,High,-81.7047784739,35.7496106399,High
27473,28410,Pitt,94,173536.0,Coastal,261.0,2238.9,High,-77.3744965519,35.5932989746,High
27452,9001,Lee,94,64360.0,Eastern,248.1,1631.1,High,-79.1714836119,35.4751864248,High
27414,1032,Camden,94,10537.0,Coastal,43.1,793.0,High,-76.1609504039,36.3411216216,High
27403,3643,Anson,94,22028.0,Central,41.5,2802.1,High,-80.102712026,34.9737894417,High
27427,3568,Dare,94,37817.0,Coastal,96.3,1872.9,High,-75.6852333134,35.664936694,High
27415,7817,Carteret,94,69039.0,Coastal,133.3,1912.1,High,-76.5357430669,34.8612598084,High
27406,6666,Beaufort,94,44150.0,Coastal,53.6,2157.95,High,-76.8453144055,35.486983815,High
27420,2190,Chowan,94,13646.0,Coastal,79.4,1402.6,High,-76.6021303656,36.1265615389,High
27430,9471,Duplin,94,48249.0,Coastal,59.8,2911.6,High,-77.9330277459,34.9365348363,High
27499,2661,Yancey,94,18320.0,Western,59.1,557.0,High,-82.3076279784,35.8989479924,High
27478,11138,Rockingham,94,90457.0,Northern,161.0,2130.4,High,-79.7749871967,36.3960127906,High
27435,37817,Gaston,94,233387.0,Central,640.7,2912.4,High,-81.1802416273,35.2943489527,High
27440,63969,Guilford,94,545484.0,Northern,838.0,3371.1,High,-79.7889042685,36.0794717315,High
27409,15348,Brunswick,94,144821.0,Coastal,160.8,1537.1,High,-78.2274071617,34.0388755841,High
27453,9101,Lenoir,94,54323.0,Coastal,138.1,3246.04,High,-77.6412486292,35.2387731611,High
27401,6109,Alexander,94,36172.0,Northern,140.2,1440.7,High,-81.1770268506,35.9210263138,High
27485,11558,Surry,94,70573.0,Northern,134.0,1507.5,High,-80.6880779273,36.4148205561,High
27416,3008,Caswell,94,22400.0,Eastern,53.5,317.5,High,-79.3335234769,36.3932742158,High
27470,8492,Pender,94,62250.0,Coastal,69.1,1461.9,High,-77.8884355846,34.5150997489,High
27467,11229,Orange,94,148331.0,Eastern,374.0,1991.9,High,-79.120649356,36.0611182361,High
27494,6295,Watauga,94,54804.0,Northern,173.1,1191.8,High,-81.6964250718,36.2311062795,High
27433,49112,Forsyth,94,387703.0,Northern,938.1,4129.5,High,-80.256300016,36.1306195485,High
27454,14166,Lincoln,94,88742.0,Central,293.4,1745.2,High,-81.2235326264,35.4855950234,High
27468,1607,Pamlico,94,12215.0,Coastal,36.5,2321.5,High,-76.6694598427,35.151021226,High
27432,7558,Edgecombe,94,48604.0,Coastal,96.7,2366.3,High,-77.5970588882,35.912880671,High
27441,7451,Halifax,94,47859.0,Coastal,67.2,2754.7,High,-77.6517329831,36.2574485453,High
27492,2255,Warren,94,18621.0,Eastern,43.4,2235.0,High,-78.1067171324,36.3965102811,High
27402,1540,Alleghany,94,11057.0,Northern,46.4,697.2,High,-81.1278593427,36.4912704378,High
27404,3233,Ashe,94,26506.0,Northern,62.3,1123.1,High,-81.5005211955,36.434424701,High
27418,6461,Chatham,94,77095.0,Eastern,111.9,1456.0,High,-79.2552758614,35.7025721296,High
27476,6846,Richmond,94,43006.0,Eastern,90.7,5508.4,High,-79.7477780226,35.0060483545,High
27487,3699,Transylvania,94,32825.0,Western,87.2,978.5,High,-82.7983001279,35.2021778635,High
27483,11041,Stanly,94,62143.0,Central,158.2,2425.2,High,-80.2509863077,35.3119550622,High
27422,17245,Cleveland,94,99332.0,Western,214.4,2001.7,High,-81.5555471412,35.3341018022,High
27474,2205,Polk,94,19461.0,Western,81.3,1596.5,High,-82.1696779265,35.2792789622,High
27408,5295,Bladen,94,29171.0,Coastal,33.8,2578.5,High,-78.5636493115,34.6145873342,High
27458,8099,McDowell,94,44151.0,Western,101.3,2610.9,High,-82.0493124426,35.6816924709,High
27450,30947,Johnston,94,224833.0,Coastal,272.7,1547.3,High,-78.3657109025,35.5178069265,High
27490,6330,Vance,94,41665.0,Eastern,168.7,3584.5,High,-78.4079288849,36.3649169333,High
27419,4467,Cherokee,94,28738.0,Western,63.2,3613.3,High,-84.063444228,35.1338574515,High
27491,125335,Wake,94,1154170.0,Eastern,1353.3,1846.0,High,-78.6503081729,35.7902443741,High
27426,2520,Currituck,94,29385.0,Coastal,107.3,1344.3,High,-75.936949201,36.3672994836,High
27413,12620,Caldwell,94,81319.0,Northern,170.9,2504.8,High,-81.5464366451,35.9530379334,High
27488,516,Tyrrell,94,3315.0,Coastal,8.3,957.2,High,-76.1704523585,35.8694070017,High
27442,17383,Harnett,94,134986.0,Eastern,224.5,2172.6,High,-78.8694125204,35.3686291614,High
27471,1436,Perquimans,94,13049.0,Coastal,52.6,684.8,High,-76.4076199893,36.1772228503,High
27484,5790,Stokes,94,44422.0,Northern,99.1,2146.85,High,-80.2395157151,36.4019040049,High
27475,20452,Randolph,94,143325.0,Northern,184.3,1615.5,High,-79.8060069064,35.7103417044,High
27495,15174,Wayne,94,115895.0,Coastal,211.8,2813.0,High,-78.0039971272,35.3639599672,High
27400,24979,Alamance,94,175029.0,Northern,404.8,3065.6,High,-79.3994248175,36.0437098766,High
27428,24589,Davidson,94,171752.0,Northern,305.4,1757.8,High,-80.2127487756,35.7933524917,High
27489,34540,Union,94,244960.0,Central,376.6,1582.3,High,-80.5307400446,34.9883574887,High
27459,150845,Mecklenburg,94,1128426.0,Central,2130.4,3736.1,High,-80.8327311406,35.2467670437,High
27449,5267,Jackson,94,41919.0,Western,87.8,1864.6,High,-83.1408496187,35.2875866253,High
27438,7558,Granville,94,60720.0,Eastern,114.6,1466.3,High,-78.6527194252,36.3040698262,High
27445,2672,Hertford,94,20374.0,Coastal,61.0,2281.6,High,-76.9807147831,36.3586360305,High
27436,989,Gates,94,10324.0,Coastal,30.8,750.9,High,-76.7005266521,36.4449435708,High
27412,31289,Cabarrus,94,232873.0,Central,625.1,1374.8,High,-80.5518508851,35.3867940405,High
27498,5692,Yadkin,94,36925.0,Northern,111.1,1820.8,High,-80.6652439331,36.1605336919,High
27444,14378,Henderson,94,117429.0,Western,311.8,2039.7,High,-82.4799463782,35.3362263031,High
27429,5972,Davie,94,43127.0,Northern,162.0,1665.25,High,-80.5444636482,35.929110866,High
27462,13002,Moore,94,102966.0,Eastern,142.9,1617.3,High,-79.4813744392,35.3106538555,High
27431,33691,Durham,94,331347.0,Eastern,1133.7,3966.0,High,-78.8765926949,36.0360299243,Substantial
27421,1522,Clay,94,11238.0,Western,51.6,2288.34,High,-83.7501767115,35.0571811284,High
27497,12653,Wilson,94,79078.0,Coastal,214.3,2386.9,High,-77.9186629547,35.7051457145,High
27457,3443,Martin,94,21503.0,Coastal,48.3,2717.4,High,-77.109232267,35.843213981,High
27464,27590,New Hanover,94,230423.0,Coastal,1174.0,2612.3,High,-77.865597569,34.1815553357,High
27439,3174,Greene,94,19978.0,Coastal,76.7,1640.3,High,-77.6757626742,35.4849957203,High
27503,3643,Anson,95,22028.0,Central,41.5,2802.1,High,-80.102712026,34.9737894417,High
27540,63969,Guilford,95,545484.0,Northern,838.0,3371.1,High,-79.7889042685,36.0794717315,High
27517,26994,Catawba,95,162841.0,Northern,400.2,2802.5,High,-81.2150705598,35.662042354,High
27542,17383,Harnett,95,134986.0,Eastern,224.5,2172.6,High,-78.8694125204,35.3686291614,High
27588,516,Tyrrell,95,3315.0,Coastal,8.3,957.2,High,-76.1704523585,35.8694070017,High
27525,42347,Cumberland,95,341793.0,Eastern,512.9,3748.5,High,-78.8275607671,35.048611942,High
27524,13579,Craven,95,102568.0,Coastal,142.5,2112.3,High,-77.082003837,35.117685821,High
27500,24979,Alamance,95,175029.0,Northern,404.8,3065.6,High,-79.3994248175,36.0437098766,High
27515,7817,Carteret,95,69039.0,Coastal,133.3,1912.1,High,-76.5357430669,34.8612598084,High
27556,2588,Madison,95,21146.0,Western,47.1,1247.6,High,-82.7057582627,35.8580358086,High
27528,24589,Davidson,95,171752.0,Northern,305.4,1757.8,High,-80.2127487756,35.7933524917,High
27577,24262,Robeson,95,115899.0,Coastal,123.0,5137.4,High,-79.1038649277,34.6402420514,High
27513,12620,Caldwell,95,81319.0,Northern,170.9,2504.8,High,-81.5464366451,35.9530379334,High
27581,10730,Sampson,95,58371.0,Coastal,62.4,2241.9,High,-78.3713906105,34.9915361594,High
27596,10159,Wilkes,95,65151.0,Northern,87.5,1887.3,High,-81.1633856618,36.2062757623,High
27582,5479,Scotland,95,33662.0,Eastern,107.1,3528.0,High,-79.4804292418,34.8408848102,High
27507,2364,Bertie,95,17302.0,Coastal,25.7,1594.6,High,-76.9667121404,36.0656302022,High
27544,14378,Henderson,95,117429.0,Western,311.8,2039.7,High,-82.4799463782,35.3362263031,High
27519,4467,Cherokee,95,28738.0,Western,63.2,3613.3,High,-84.063444228,35.1338574515,High
27590,6330,Vance,95,41665.0,Eastern,168.7,3584.5,High,-78.4079288849,36.3649169333,High
27555,4654,Macon,95,37041.0,Western,71.8,2077.4,High,-83.4221767088,35.1504672096,High
27572,4881,Person,95,39048.0,Eastern,99.7,1862.8,High,-78.9718051426,36.3900951244,High
27550,30947,Johnston,95,224833.0,Coastal,272.7,1547.3,High,-78.3657109025,35.5178069265,High
27536,989,Gates,95,10324.0,Coastal,30.8,750.9,High,-76.7005266521,36.4449435708,High
27579,25192,Rowan,95,148565.0,Northern,287.1,2292.8,High,-80.5247717485,35.6394734632,High
27575,20452,Randolph,95,143325.0,Northern,184.3,1615.5,High,-79.8060069064,35.7103417044,High
27569,4677,Pasquotank,95,40966.0,Coastal,178.8,2078.8,High,-76.2492413613,36.2650187228,High
27598,5692,Yadkin,95,36925.0,Northern,111.1,1820.8,High,-80.6652439331,36.1605336919,High
27545,2672,Hertford,95,20374.0,Coastal,61.0,2281.6,High,-76.9807147831,36.3586360305,High
27580,10666,Rutherford,95,63870.0,Western,114.0,2009.9,High,-81.9198334642,35.4025956291,High
27551,1255,Jones,95,9076.0,Coastal,19.5,0.0,High,-77.3551679748,35.0217248029,High
27538,7558,Granville,95,60720.0,Eastern,114.6,1466.3,High,-78.6527194252,36.3040698262,High
27564,27590,New Hanover,95,230423.0,Coastal,1174.0,2612.3,High,-77.865597569,34.1815553357,High
27549,5267,Jackson,95,41919.0,Western,87.8,1864.6,High,-83.1408496187,35.2875866253,High
27593,1497,Washington,95,10708.0,Coastal,31.8,1746.8,High,-76.5693098876,35.8392646425,High
27561,4318,Montgomery,95,25485.0,Eastern,52.4,2480.1,High,-79.9054790812,35.332466935,High
27546,6815,Hoke,95,53783.0,Eastern,133.5,2028.14,High,-79.237290715,35.0175290075,High
27547,811,Hyde,95,4595.0,Coastal,7.5,0.0,High,-76.1449651093,35.4081187361,Substantial
27559,150845,Mecklenburg,95,1128426.0,Central,2130.4,3736.1,High,-80.8327311406,35.2467670437,High
27591,125335,Wake,95,1154170.0,Eastern,1353.3,1846.0,High,-78.6503081729,35.7902443741,High
27514,1032,Camden,95,10537.0,Coastal,43.1,793.0,High,-76.1609504039,36.3411216216,High
27563,14700,Nash,95,96101.0,Coastal,175.7,1838.5,High,-77.9864448378,35.9672502839,High
27589,34540,Union,95,244960.0,Central,376.6,1582.3,High,-80.5307400446,34.9883574887,High
27530,9471,Duplin,95,48249.0,Coastal,59.8,2911.6,High,-77.9330277459,34.9365348363,High
27554,14166,Lincoln,95,88742.0,Central,293.4,1745.2,High,-81.2235326264,35.4855950234,High
27543,6922,Haywood,95,62831.0,Western,112.2,3591.8,High,-82.9821729698,35.5560557128,High
27567,11229,Orange,95,148331.0,Eastern,374.0,1991.9,High,-79.120649356,36.0611182361,High
27562,13002,Moore,95,102966.0,Eastern,142.9,1617.3,High,-79.4813744392,35.3106538555,High
27585,11558,Surry,95,70573.0,Northern,134.0,1507.5,High,-80.6880779273,36.4148205561,High
27595,15174,Wayne,95,115895.0,Coastal,211.8,2813.0,High,-78.0039971272,35.3639599672,High
27501,6109,Alexander,95,36172.0,Northern,140.2,1440.7,High,-81.1770268506,35.9210263138,High
27529,5972,Davie,95,43127.0,Northern,162.0,1665.25,High,-80.5444636482,35.929110866,High
27553,9101,Lenoir,95,54323.0,Coastal,138.1,3246.04,High,-77.6412486292,35.2387731611,High
27539,3174,Greene,95,19978.0,Coastal,76.7,1640.3,High,-77.6757626742,35.4849957203,High
27584,5790,Stokes,95,44422.0,Northern,99.1,2146.85,High,-80.2395157151,36.4019040049,High
27510,26050,Buncombe,95,271638.0,Western,410.4,3012.8,High,-82.5301070587,35.611177887,High
27509,15348,Brunswick,95,144821.0,Coastal,160.8,1537.1,High,-78.2274071617,34.0388755841,High
27532,7558,Edgecombe,95,48604.0,Coastal,96.7,2366.3,High,-77.5970588882,35.912880671,High
27541,7451,Halifax,95,47859.0,Coastal,67.2,2754.7,High,-77.6517329831,36.2574485453,High
27583,11041,Stanly,95,62143.0,Central,158.2,2425.2,High,-80.2509863077,35.3119550622,High
27504,3233,Ashe,95,26506.0,Northern,62.3,1123.1,High,-81.5005211955,36.434424701,High
27526,2520,Currituck,95,29385.0,Coastal,107.3,1344.3,High,-75.936949201,36.3672994836,High
27520,2190,Chowan,95,13646.0,Coastal,79.4,1402.6,High,-76.6021303656,36.1265615389,High
27586,1836,Swain,95,14046.0,Western,26.8,3517.8,High,-83.4927393736,35.4868150519,High
27578,11138,Rockingham,95,90457.0,Northern,161.0,2130.4,High,-79.7749871967,36.3960127906,High
27534,9313,Franklin,95,70655.0,Eastern,139.4,1314.6,High,-78.2856965824,36.0827733527,High
27576,6846,Richmond,95,43006.0,Eastern,90.7,5508.4,High,-79.7477780226,35.0060483545,High
27568,1607,Pamlico,95,12215.0,Coastal,36.5,2321.5,High,-76.6694598427,35.151021226,High
27522,17245,Cleveland,95,99332.0,Western,214.4,2001.7,High,-81.5555471412,35.3341018022,High
27521,1522,Clay,95,11238.0,Western,51.6,2288.34,High,-83.7501767115,35.0571811284,High
27594,6295,Watauga,95,54804.0,Northern,173.1,1191.8,High,-81.6964250718,36.2311062795,High
27506,6666,Beaufort,95,44150.0,Coastal,53.6,2157.95,High,-76.8453144055,35.486983815,High
27518,6461,Chatham,95,77095.0,Eastern,111.9,1456.0,High,-79.2552758614,35.7025721296,High
27571,1436,Perquimans,95,13049.0,Coastal,52.6,684.8,High,-76.4076199893,36.1772228503,High
27531,33691,Durham,95,331347.0,Eastern,1133.7,3966.0,High,-78.8765926949,36.0360299243,Substantial
27533,49112,Forsyth,95,387703.0,Northern,938.1,4129.5,High,-80.256300016,36.1306195485,High
27523,9751,Columbus,95,49795.0,Coastal,54.0,2887.71,High,-78.6550308717,34.2656450828,High
27516,3008,Caswell,95,22400.0,Eastern,53.5,317.5,High,-79.3335234769,36.3932742158,High
27570,8492,Pender,95,62250.0,Coastal,69.1,1461.9,High,-77.8884355846,34.5150997489,High
27535,37817,Gaston,95,233387.0,Central,640.7,2912.4,High,-81.1802416273,35.2943489527,High
27527,3568,Dare,95,37817.0,Coastal,96.3,1872.9,High,-75.6852333134,35.664936694,High
27566,26559,Onslow,95,207928.0,Coastal,268.4,2191.23,High,-77.4157658244,34.709836363,High
27557,3443,Martin,95,21503.0,Coastal,48.3,2717.4,High,-77.109232267,35.843213981,High
27565,2484,Northampton,95,16953.0,Eastern,32.6,2092.6,High,-77.3968212099,36.4177312434,High
27537,1266,Graham,95,7935.0,Western,27.5,8085.4,High,-83.833581803,35.350171951,High
27599,2661,Yancey,95,18320.0,Western,59.1,557.0,High,-82.3076279784,35.8989479924,High
27511,14891,Burke,95,88398.0,Western,173.0,1836.1,High,-81.7047784739,35.7496106399,High
27558,8099,McDowell,95,44151.0,Western,101.3,2610.9,High,-82.0493124426,35.6816924709,High
27502,1540,Alleghany,95,11057.0,Northern,46.4,697.2,High,-81.1278593427,36.4912704378,High
27597,12653,Wilson,95,79078.0,Coastal,214.3,2386.9,High,-77.9186629547,35.7051457145,High
27512,31289,Cabarrus,95,232873.0,Central,625.1,1374.8,High,-80.5518508851,35.3867940405,High
27548,27466,Iredell,95,192986.0,Northern,325.0,1866.4,High,-80.8734378255,35.8070259189,High
27574,2205,Polk,95,19461.0,Western,81.3,1596.5,High,-82.1696779265,35.2792789622,High
27573,28410,Pitt,95,173536.0,Coastal,261.0,2238.9,High,-77.3744965519,35.5932989746,High
27552,9001,Lee,95,64360.0,Eastern,248.1,1631.1,High,-79.1714836119,35.4751864248,High
27505,2577,Avery,95,17347.0,Western,72.0,1003.4,High,-81.9226013745,36.0766050343,High
27587,3699,Transylvania,95,32825.0,Western,87.2,978.5,High,-82.7983001279,35.2021778635,High
27560,1891,Mitchell,95,14783.0,Western,67.4,458.42,High,-82.1635815487,36.0132038869,High
27592,2255,Warren,95,18621.0,Eastern,43.4,2235.0,High,-78.1067171324,36.3965102811,High
27508,5295,Bladen,95,29171.0,Coastal,33.8,2578.5,High,-78.5636493115,34.6145873342,High
27606,6746,Beaufort,96,44150.0,Coastal,53.6,2157.95,High,-76.8453144055,35.486983815,High
27616,3056,Caswell,96,22400.0,Eastern,53.5,317.5,High,-79.3335234769,36.3932742158,High
27687,3736,Transylvania,96,32825.0,Western,87.2,978.5,High,-82.7983001279,35.2021778635,High
27617,27156,Catawba,96,162841.0,Northern,400.2,2802.5,High,-81.2150705598,35.662042354,High
27668,1630,Pamlico,96,12215.0,Coastal,36.5,2321.5,High,-76.6694598427,35.151021226,High
27692,2272,Warren,96,18621.0,Eastern,43.4,2235.0,High,-78.1067171324,36.3965102811,High
27646,6865,Hoke,96,53783.0,Eastern,133.5,2028.14,High,-79.237290715,35.0175290075,High
27691,126043,Wake,96,1154170.0,Eastern,1353.3,1846.0,High,-78.6503081729,35.7902443741,High
27649,5323,Jackson,96,41919.0,Western,87.8,1864.6,High,-83.1408496187,35.2875866253,High
27637,1272,Graham,96,7935.0,Western,27.5,8085.4,High,-83.833581803,35.350171951,High
27663,14824,Nash,96,96101.0,Coastal,175.7,1838.5,High,-77.9864448378,35.9672502839,High
27661,4348,Montgomery,96,25485.0,Eastern,52.4,2480.1,High,-79.9054790812,35.332466935,High
27651,1268,Jones,96,9076.0,Coastal,19.5,0.0,High,-77.3551679748,35.0217248029,High
27689,34784,Union,96,244960.0,Central,376.6,1582.3,High,-80.5307400446,34.9883574887,High
27686,1854,Swain,96,14046.0,Western,26.8,3517.8,High,-83.4927393736,35.4868150519,High
27671,1449,Perquimans,96,13049.0,Coastal,52.6,684.8,High,-76.4076199893,36.1772228503,High
27605,2604,Avery,96,17347.0,Western,72.0,1003.4,High,-81.9226013745,36.0766050343,High
27609,15497,Brunswick,96,144821.0,Coastal,160.8,1537.1,High,-78.2274071617,34.0388755841,High
27650,31158,Johnston,96,224833.0,Coastal,272.7,1547.3,High,-78.3657109025,35.5178069265,High
27681,10807,Sampson,96,58371.0,Coastal,62.4,2241.9,High,-78.3713906105,34.9915361594,High
27608,5319,Bladen,96,29171.0,Coastal,33.8,2578.5,High,-78.5636493115,34.6145873342,High
27690,6392,Vance,96,41665.0,Eastern,168.7,3584.5,High,-78.4079288849,36.3649169333,High
27665,2504,Northampton,96,16953.0,Eastern,32.6,2092.6,High,-77.3968212099,36.4177312434,High
27652,9055,Lee,96,64360.0,Eastern,248.1,1631.1,High,-79.1714836119,35.4751864248,High
27672,4933,Person,96,39048.0,Eastern,99.7,1862.8,High,-78.9718051426,36.3900951244,High
27625,42750,Cumberland,96,341793.0,Eastern,512.9,3748.5,High,-78.8275607671,35.048611942,High
27627,3591,Dare,96,37817.0,Coastal,96.3,1872.9,High,-75.6852333134,35.664936694,High
27630,9529,Duplin,96,48249.0,Coastal,59.8,2911.6,High,-77.9330277459,34.9365348363,High
27683,11141,Stanly,96,62143.0,Central,158.2,2425.2,High,-80.2509863077,35.3119550622,High
27682,5517,Scotland,96,33662.0,Eastern,107.1,3528.0,High,-79.4804292418,34.8408848102,High
27620,2204,Chowan,96,13646.0,Coastal,79.4,1402.6,High,-76.6021303656,36.1265615389,High
27631,33855,Durham,96,331347.0,Eastern,1133.7,3966.0,High,-78.8765926949,36.0360299243,Substantial
27642,17534,Harnett,96,134986.0,Eastern,224.5,2172.6,High,-78.8694125204,35.3686291614,High
27600,25238,Alamance,96,175029.0,Northern,404.8,3065.6,High,-79.3994248175,36.0437098766,High
27628,24767,Davidson,96,171752.0,Northern,305.4,1757.8,High,-80.2127487756,35.7933524917,High
27614,1046,Camden,96,10537.0,Coastal,43.1,793.0,High,-76.1609504039,36.3411216216,High
27641,7512,Halifax,96,47859.0,Coastal,67.2,2754.7,High,-77.6517329831,36.2574485453,High
27618,6497,Chatham,96,77095.0,Eastern,111.9,1456.0,High,-79.2552758614,35.7025721296,High
27684,5853,Stokes,96,44422.0,Northern,99.1,2146.85,High,-80.2395157151,36.4019040049,High
27662,13071,Moore,96,102966.0,Eastern,142.9,1617.3,High,-79.4813744392,35.3106538555,High
27603,3688,Anson,96,22028.0,Central,41.5,2802.1,High,-80.102712026,34.9737894417,High
27653,9173,Lenoir,96,54323.0,Coastal,138.1,3246.04,High,-77.6412486292,35.2387731611,High
27667,11329,Orange,96,148331.0,Eastern,374.0,1991.9,High,-79.120649356,36.0611182361,High
27626,2559,Currituck,96,29385.0,Coastal,107.3,1344.3,High,-75.936949201,36.3672994836,High
27698,5736,Yadkin,96,36925.0,Northern,111.1,1820.8,High,-80.6652439331,36.1605336919,High
27697,12724,Wilson,96,79078.0,Coastal,214.3,2386.9,High,-77.9186629547,35.7051457145,High
27610,26344,Buncombe,96,271638.0,Western,410.4,3012.8,High,-82.5301070587,35.611177887,High
27634,9393,Franklin,96,70655.0,Eastern,139.4,1314.6,High,-78.2856965824,36.0827733527,High
27640,64621,Guilford,96,545484.0,Northern,838.0,3371.1,High,-79.7889042685,36.0794717315,High
27658,8200,McDowell,96,44151.0,Western,101.3,2610.9,High,-82.0493124426,35.6816924709,High
27624,13702,Craven,96,102568.0,Coastal,142.5,2112.3,High,-77.082003837,35.117685821,High
27674,2221,Polk,96,19461.0,Western,81.3,1596.5,High,-82.1696779265,35.2792789622,High
27607,2373,Bertie,96,17302.0,Coastal,25.7,1594.6,High,-76.9667121404,36.0656302022,High
27622,17464,Cleveland,96,99332.0,Western,214.4,2001.7,High,-81.5555471412,35.3341018022,High
27696,10212,Wilkes,96,65151.0,Northern,87.5,1887.3,High,-81.1633856618,36.2062757623,High
27694,6308,Watauga,96,54804.0,Northern,173.1,1191.8,High,-81.6964250718,36.2311062795,High
27666,26873,Onslow,96,207928.0,Coastal,268.4,2191.23,High,-77.4157658244,34.709836363,High
27676,6887,Richmond,96,43006.0,Eastern,90.7,5508.4,High,-79.7477780226,35.0060483545,High
27669,4737,Pasquotank,96,40966.0,Coastal,178.8,2078.8,High,-76.2492413613,36.2650187228,High
27604,3276,Ashe,96,26506.0,Northern,62.3,1123.1,High,-81.5005211955,36.434424701,High
27632,7634,Edgecombe,96,48604.0,Coastal,96.7,2366.3,High,-77.5970588882,35.912880671,High
27611,15044,Burke,96,88398.0,Western,173.0,1836.1,High,-81.7047784739,35.7496106399,High
27612,31546,Cabarrus,96,232873.0,Central,625.1,1374.8,High,-80.5518508851,35.3867940405,High
27621,1552,Clay,96,11238.0,Western,51.6,2288.34,High,-83.7501767115,35.0571811284,High
27673,28599,Pitt,96,173536.0,Coastal,261.0,2238.9,High,-77.3744965519,35.5932989746,High
27648,27661,Iredell,96,192986.0,Northern,325.0,1866.4,High,-80.8734378255,35.8070259189,High
27670,8538,Pender,96,62250.0,Coastal,69.1,1461.9,High,-77.8884355846,34.5150997489,High
27660,1911,Mitchell,96,14783.0,Western,67.4,458.42,High,-82.1635815487,36.0132038869,High
27623,9777,Columbus,96,49795.0,Coastal,54.0,2887.71,High,-78.6550308717,34.2656450828,High
27656,2627,Madison,96,21146.0,Western,47.1,1247.6,High,-82.7057582627,35.8580358086,High
27677,24361,Robeson,96,115899.0,Coastal,123.0,5137.4,High,-79.1038649277,34.6402420514,High
27619,4504,Cherokee,96,28738.0,Western,63.2,3613.3,High,-84.063444228,35.1338574515,High
27635,38176,Gaston,96,233387.0,Central,640.7,2912.4,High,-81.1802416273,35.2943489527,High
27664,27794,New Hanover,96,230423.0,Coastal,1174.0,2612.3,High,-77.865597569,34.1815553357,High
27602,1552,Alleghany,96,11057.0,Northern,46.4,697.2,High,-81.1278593427,36.4912704378,High
27639,3192,Greene,96,19978.0,Coastal,76.7,1640.3,High,-77.6757626742,35.4849957203,High
27615,7907,Carteret,96,69039.0,Coastal,133.3,1912.1,High,-76.5357430669,34.8612598084,High
27644,14470,Henderson,96,117429.0,Western,311.8,2039.7,High,-82.4799463782,35.3362263031,High
27657,3474,Martin,96,21503.0,Coastal,48.3,2717.4,High,-77.109232267,35.843213981,High
27678,11252,Rockingham,96,90457.0,Northern,161.0,2130.4,High,-79.7749871967,36.3960127906,High
27613,12721,Caldwell,96,81319.0,Northern,170.9,2504.8,High,-81.5464366451,35.9530379334,High
27655,4714,Macon,96,37041.0,Western,71.8,2077.4,High,-83.4221767088,35.1504672096,High
27636,1003,Gates,96,10324.0,Coastal,30.8,750.9,High,-76.7005266521,36.4449435708,High
27680,10846,Rutherford,96,63870.0,Western,114.0,2009.9,High,-81.9198334642,35.4025956291,High
27693,1519,Washington,96,10708.0,Coastal,31.8,1746.8,High,-76.5693098876,35.8392646425,High
27638,7599,Granville,96,60720.0,Eastern,114.6,1466.3,High,-78.6527194252,36.3040698262,High
27659,151771,Mecklenburg,96,1128426.0,Central,2130.4,3736.1,High,-80.8327311406,35.2467670437,High
27647,811,Hyde,96,4595.0,Coastal,7.5,0.0,High,-76.1449651093,35.4081187361,High
27645,2683,Hertford,96,20374.0,Coastal,61.0,2281.6,High,-76.9807147831,36.3586360305,High
27695,15290,Wayne,96,115895.0,Coastal,211.8,2813.0,High,-78.0039971272,35.3639599672,High
27654,14313,Lincoln,96,88742.0,Central,293.4,1745.2,High,-81.2235326264,35.4855950234,High
27679,25373,Rowan,96,148565.0,Northern,287.1,2292.8,High,-80.5247717485,35.6394734632,High
27699,2687,Yancey,96,18320.0,Western,59.1,557.0,High,-82.3076279784,35.8989479924,High
27643,6988,Haywood,96,62831.0,Western,112.2,3591.8,High,-82.9821729698,35.5560557128,High
27675,20647,Randolph,96,143325.0,Northern,184.3,1615.5,High,-79.8060069064,35.7103417044,High
27629,6046,Davie,96,43127.0,Northern,162.0,1665.25,High,-80.5444636482,35.929110866,High
27601,6166,Alexander,96,36172.0,Northern,140.2,1440.7,High,-81.1770268506,35.9210263138,High
27633,49470,Forsyth,96,387703.0,Northern,938.1,4129.5,High,-80.256300016,36.1306195485,High
27685,11671,Surry,96,70573.0,Northern,134.0,1507.5,High,-80.6880779273,36.4148205561,High
27688,525,Tyrrell,96,3315.0,Coastal,8.3,957.2,High,-76.1704523585,35.8694070017,High
27742,17572,Harnett,97,134986.0,Eastern,224.5,2172.6,High,-78.8694125204,35.3686291614,High
27739,3196,Greene,97,19978.0,Coastal,76.7,1640.3,High,-77.6757626742,35.4849957203,High
27747,811,Hyde,97,4595.0,Coastal,7.5,0.0,High,-76.1449651093,35.4081187361,High
27702,1556,Alleghany,97,11057.0,Northern,46.4,697.2,High,-81.1278593427,36.4912704378,High
27791,126153,Wake,97,1154170.0,Eastern,1353.3,1846.0,High,-78.6503081729,35.7902443741,High
27751,1268,Jones,97,9076.0,Coastal,19.5,0.0,High,-77.3551679748,35.0217248029,High
27764,27827,New Hanover,97,230423.0,Coastal,1174.0,2612.3,High,-77.865597569,34.1815553357,High
27782,5527,Scotland,97,33662.0,Eastern,107.1,3528.0,High,-79.4804292418,34.8408848102,High
27759,152121,Mecklenburg,97,1128426.0,Central,2130.4,3736.1,High,-80.8327311406,35.2467670437,High
27749,5352,Jackson,97,41919.0,Western,87.8,1864.6,High,-83.1408496187,35.2875866253,High
27758,8218,McDowell,97,44151.0,Western,101.3,2610.9,High,-82.0493124426,35.6816924709,High
27777,24385,Robeson,97,115899.0,Coastal,123.0,5137.4,High,-79.1038649277,34.6402420514,High
27711,15083,Burke,97,88398.0,Western,173.0,1836.1,High,-81.7047784739,35.7496106399,High
27734,9418,Franklin,97,70655.0,Eastern,139.4,1314.6,High,-78.2856965824,36.0827733527,High
27756,2628,Madison,97,21146.0,Western,47.1,1247.6,High,-82.7057582627,35.8580358086,High
27738,7618,Granville,97,60720.0,Eastern,114.6,1466.3,High,-78.6527194252,36.3040698262,High
27767,11345,Orange,97,148331.0,Eastern,374.0,1991.9,High,-79.120649356,36.0611182361,High
27719,4511,Cherokee,97,28738.0,Western,63.2,3613.3,High,-84.063444228,35.1338574515,High
27760,1916,Mitchell,97,14783.0,Western,67.4,458.42,High,-82.1635815487,36.0132038869,High
27730,9540,Duplin,97,48249.0,Coastal,59.8,2911.6,High,-77.9330277459,34.9365348363,High
27737,1279,Graham,97,7935.0,Western,27.5,8085.4,High,-83.833581803,35.350171951,High
27706,6755,Beaufort,97,44150.0,Coastal,53.6,2157.95,High,-76.8453144055,35.486983815,High
27713,12740,Caldwell,97,81319.0,Northern,170.9,2504.8,High,-81.5464366451,35.9530379334,High
27792,2274,Warren,97,18621.0,Eastern,43.4,2235.0,High,-78.1067171324,36.3965102811,High
27748,27713,Iredell,97,192986.0,Northern,325.0,1866.4,High,-80.8734378255,35.8070259189,High
27794,6325,Watauga,97,54804.0,Northern,173.1,1191.8,High,-81.6964250718,36.2311062795,High
27789,34852,Union,97,244960.0,Central,376.6,1582.3,High,-80.5307400446,34.9883574887,High
27788,525,Tyrrell,97,3315.0,Coastal,8.3,957.2,High,-76.1704523585,35.8694070017,High
27762,13120,Moore,97,102966.0,Eastern,142.9,1617.3,High,-79.4813744392,35.3106538555,High
27797,12752,Wilson,97,79078.0,Coastal,214.3,2386.9,High,-77.9186629547,35.7051457145,High
27722,17518,Cleveland,97,99332.0,Western,214.4,2001.7,High,-81.5555471412,35.3341018022,High
27766,26921,Onslow,97,207928.0,Coastal,268.4,2191.23,High,-77.4157658244,34.709836363,High
27790,6399,Vance,97,41665.0,Eastern,168.7,3584.5,High,-78.4079288849,36.3649169333,High
27700,25288,Alamance,97,175029.0,Northern,404.8,3065.6,High,-79.3994248175,36.0437098766,High
27728,24808,Davidson,97,171752.0,Northern,305.4,1757.8,High,-80.2127487756,35.7933524917,High
27775,20703,Randolph,97,143325.0,Northern,184.3,1615.5,High,-79.8060069064,35.7103417044,High
27776,6901,Richmond,97,43006.0,Eastern,90.7,5508.4,High,-79.7477780226,35.0060483545,High
27704,3294,Ashe,97,26506.0,Northern,62.3,1123.1,High,-81.5005211955,36.434424701,High
27736,1003,Gates,97,10324.0,Coastal,30.8,750.9,High,-76.7005266521,36.4449435708,High
27718,6510,Chatham,97,77095.0,Eastern,111.9,1456.0,High,-79.2552758614,35.7025721296,High
27726,2562,Currituck,97,29385.0,Coastal,107.3,1344.3,High,-75.936949201,36.3672994836,High
27799,2692,Yancey,97,18320.0,Western,59.1,557.0,High,-82.3076279784,35.8989479924,High
27705,2607,Avery,97,17347.0,Western,72.0,1003.4,High,-81.9226013745,36.0766050343,High
27743,7015,Haywood,97,62831.0,Western,112.2,3591.8,High,-82.9821729698,35.5560557128,High
27708,5333,Bladen,97,29171.0,Coastal,33.8,2578.5,High,-78.5636493115,34.6145873342,High
27786,1875,Swain,97,14046.0,Western,26.8,3517.8,High,-83.4927393736,35.4868150519,High
27712,31603,Cabarrus,97,232873.0,Central,625.1,1374.8,High,-80.5518508851,35.3867940405,High
27774,2225,Polk,97,19461.0,Western,81.3,1596.5,High,-82.1696779265,35.2792789622,High
27784,5872,Stokes,97,44422.0,Northern,99.1,2146.85,High,-80.2395157151,36.4019040049,High
27744,14507,Henderson,97,117429.0,Western,311.8,2039.7,High,-82.4799463782,35.3362263031,High
27787,3740,Transylvania,97,32825.0,Western,87.2,978.5,High,-82.7983001279,35.2021778635,High
27750,31218,Johnston,97,224833.0,Coastal,272.7,1547.3,High,-78.3657109025,35.5178069265,High
27771,1454,Perquimans,97,13049.0,Coastal,52.6,684.8,High,-76.4076199893,36.1772228503,High
27731,33855,Durham,97,331347.0,Eastern,1133.7,3966.0,High,-78.8765926949,36.0360299243,Substantial
27757,3478,Martin,97,21503.0,Coastal,48.3,2717.4,High,-77.109232267,35.843213981,High
27795,15309,Wayne,97,115895.0,Coastal,211.8,2813.0,High,-78.0039971272,35.3639599672,High
27745,2686,Hertford,97,20374.0,Coastal,61.0,2281.6,High,-76.9807147831,36.3586360305,High
27783,11163,Stanly,97,62143.0,Central,158.2,2425.2,High,-80.2509863077,35.3119550622,High
27721,1560,Clay,97,11238.0,Western,51.6,2288.34,High,-83.7501767115,35.0571811284,High
27780,10863,Rutherford,97,63870.0,Western,114.0,2009.9,High,-81.9198334642,35.4025956291,High
27768,1629,Pamlico,97,12215.0,Coastal,36.5,2321.5,High,-76.6694598427,35.151021226,High
27715,7936,Carteret,97,69039.0,Coastal,133.3,1912.1,High,-76.5357430669,34.8612598084,High
27717,27210,Catawba,97,162841.0,Northern,400.2,2802.5,High,-81.2150705598,35.662042354,High
27773,28620,Pitt,97,173536.0,Coastal,261.0,2238.9,High,-77.3744965519,35.5932989746,High
27752,9087,Lee,97,64360.0,Eastern,248.1,1631.1,High,-79.1714836119,35.4751864248,High
27765,2507,Northampton,97,16953.0,Eastern,32.6,2092.6,High,-77.3968212099,36.4177312434,High
27732,7646,Edgecombe,97,48604.0,Coastal,96.7,2366.3,High,-77.5970588882,35.912880671,High
27769,4752,Pasquotank,97,40966.0,Coastal,178.8,2078.8,High,-76.2492413613,36.2650187228,High
27709,15532,Brunswick,97,144821.0,Coastal,160.8,1537.1,High,-78.2274071617,34.0388755841,High
27733,49557,Forsyth,97,387703.0,Northern,938.1,4129.5,High,-80.256300016,36.1306195485,High
27755,4721,Macon,97,37041.0,Western,71.8,2077.4,High,-83.4221767088,35.1504672096,High
27772,4940,Person,97,39048.0,Eastern,99.7,1862.8,High,-78.9718051426,36.3900951244,Substantial
27796,10226,Wilkes,97,65151.0,Northern,87.5,1887.3,High,-81.1633856618,36.2062757623,High
27727,3593,Dare,97,37817.0,Coastal,96.3,1872.9,High,-75.6852333134,35.664936694,High
27707,2376,Bertie,97,17302.0,Coastal,25.7,1594.6,High,-76.9667121404,36.0656302022,High
27778,11279,Rockingham,97,90457.0,Northern,161.0,2130.4,High,-79.7749871967,36.3960127906,High
27725,42867,Cumberland,97,341793.0,Eastern,512.9,3748.5,High,-78.8275607671,35.048611942,High
27740,64746,Guilford,97,545484.0,Northern,838.0,3371.1,High,-79.7889042685,36.0794717315,High
27714,1049,Camden,97,10537.0,Coastal,43.1,793.0,High,-76.1609504039,36.3411216216,High
27779,25404,Rowan,97,148565.0,Northern,287.1,2292.8,High,-80.5247717485,35.6394734632,High
27785,11703,Surry,97,70573.0,Northern,134.0,1507.5,High,-80.6880779273,36.4148205561,High
27701,6177,Alexander,97,36172.0,Northern,140.2,1440.7,High,-81.1770268506,35.9210263138,High
27753,9188,Lenoir,97,54323.0,Coastal,138.1,3246.04,High,-77.6412486292,35.2387731611,High
27729,6063,Davie,97,43127.0,Northern,162.0,1665.25,High,-80.5444636482,35.929110866,High
27798,5750,Yadkin,97,36925.0,Northern,111.1,1820.8,High,-80.6652439331,36.1605336919,High
27754,14333,Lincoln,97,88742.0,Central,293.4,1745.2,High,-81.2235326264,35.4855950234,High
27746,6881,Hoke,97,53783.0,Eastern,133.5,2028.14,High,-79.237290715,35.0175290075,High
27710,26417,Buncombe,97,271638.0,Western,410.4,3012.8,High,-82.5301070587,35.611177887,High
27763,14857,Nash,97,96101.0,Coastal,175.7,1838.5,High,-77.9864448378,35.9672502839,High
27761,4353,Montgomery,97,25485.0,Eastern,52.4,2480.1,High,-79.9054790812,35.332466935,High
27793,1521,Washington,97,10708.0,Coastal,31.8,1746.8,High,-76.5693098876,35.8392646425,High
27724,13733,Craven,97,102568.0,Coastal,142.5,2112.3,High,-77.082003837,35.117685821,High
27720,2204,Chowan,97,13646.0,Coastal,79.4,1402.6,High,-76.6021303656,36.1265615389,High
27781,10817,Sampson,97,58371.0,Coastal,62.4,2241.9,High,-78.3713906105,34.9915361594,High
27723,9778,Columbus,97,49795.0,Coastal,54.0,2887.71,High,-78.6550308717,34.2656450828,High
27703,3690,Anson,97,22028.0,Central,41.5,2802.1,High,-80.102712026,34.9737894417,High
27735,38259,Gaston,97,233387.0,Central,640.7,2912.4,High,-81.1802416273,35.2943489527,High
27716,3061,Caswell,97,22400.0,Eastern,53.5,317.5,High,-79.3335234769,36.3932742158,High
27741,7527,Halifax,97,47859.0,Coastal,67.2,2754.7,High,-77.6517329831,36.2574485453,High
27770,8550,Pender,97,62250.0,Coastal,69.1,1461.9,High,-77.8884355846,34.5150997489,High
27836,1013,Gates,98,10324.0,Coastal,30.8,750.9,High,-76.7005266521,36.4449435708,High
27801,6190,Alexander,98,36172.0,Northern,140.2,1440.7,High,-81.1770268506,35.9210263138,High
27888,530,Tyrrell,98,3315.0,Coastal,8.3,957.2,High,-76.1704523585,35.8694070017,High
27837,1282,Graham,98,7935.0,Western,27.5,8085.4,High,-83.833581803,35.350171951,High
27885,11735,Surry,98,70573.0,Northern,134.0,1507.5,High,-80.6880779273,36.4148205561,High
27830,9569,Duplin,98,48249.0,Coastal,59.8,2911.6,High,-77.9330277459,34.9365348363,High
27879,25469,Rowan,98,148565.0,Northern,287.1,2292.8,High,-80.5247717485,35.6394734632,High
27833,49690,Forsyth,98,387703.0,Northern,938.1,4129.5,High,-80.256300016,36.1306195485,High
27860,1921,Mitchell,98,14783.0,Western,67.4,458.42,High,-82.1635815487,36.0132038869,High
27813,12776,Caldwell,98,81319.0,Northern,170.9,2504.8,High,-81.5464366451,35.9530379334,High
27897,12787,Wilson,98,79078.0,Coastal,214.3,2386.9,High,-77.9186629547,35.7051457145,High
27840,64984,Guilford,98,545484.0,Northern,838.0,3371.1,High,-79.7889042685,36.0794717315,High
27819,4520,Cherokee,98,28738.0,Western,63.2,3613.3,High,-84.063444228,35.1338574515,High
27858,8244,McDowell,98,44151.0,Western,101.3,2610.9,High,-82.0493124426,35.6816924709,High
27824,13772,Craven,98,102568.0,Coastal,142.5,2112.3,High,-77.082003837,35.117685821,High
27803,3703,Anson,98,22028.0,Central,41.5,2802.1,High,-80.102712026,34.9737894417,High
27807,2382,Bertie,98,17302.0,Coastal,25.7,1594.6,High,-76.9667121404,36.0656302022,Substantial
27871,1457,Perquimans,98,13049.0,Coastal,52.6,684.8,High,-76.4076199893,36.1772228503,High
27850,31301,Johnston,98,224833.0,Coastal,272.7,1547.3,High,-78.3657109025,35.5178069265,High
27899,2705,Yancey,98,18320.0,Western,59.1,557.0,High,-82.3076279784,35.8989479924,High
27874,2229,Polk,98,19461.0,Western,81.3,1596.5,High,-82.1696779265,35.2792789622,High
27814,1060,Camden,98,10537.0,Coastal,43.1,793.0,High,-76.1609504039,36.3411216216,High
27842,17618,Harnett,98,134986.0,Eastern,224.5,2172.6,High,-78.8694125204,35.3686291614,High
27866,27051,Onslow,98,207928.0,Coastal,268.4,2191.23,High,-77.4157658244,34.709836363,High
27825,43017,Cumberland,98,341793.0,Eastern,512.9,3748.5,High,-78.8275607671,35.048611942,High
27805,2609,Avery,98,17347.0,Western,72.0,1003.4,High,-81.9226013745,36.0766050343,High
27868,1639,Pamlico,98,12215.0,Coastal,36.5,2321.5,High,-76.6694598427,35.151021226,High
27861,4365,Montgomery,98,25485.0,Eastern,52.4,2480.1,High,-79.9054790812,35.332466935,High
27849,5368,Jackson,98,41919.0,Western,87.8,1864.6,High,-83.1408496187,35.2875866253,High
27863,14881,Nash,98,96101.0,Coastal,175.7,1838.5,High,-77.9864448378,35.9672502839,High
27859,152437,Mecklenburg,98,1128426.0,Central,2130.4,3736.1,High,-80.8327311406,35.2467670437,High
27847,812,Hyde,98,4595.0,Coastal,7.5,0.0,High,-76.1449651093,35.4081187361,High
27893,1527,Washington,98,10708.0,Coastal,31.8,1746.8,High,-76.5693098876,35.8392646425,High
27891,126251,Wake,98,1154170.0,Eastern,1353.3,1846.0,High,-78.6503081729,35.7902443741,High
27889,34957,Union,98,244960.0,Central,376.6,1582.3,High,-80.5307400446,34.9883574887,High
27829,6088,Davie,98,43127.0,Northern,162.0,1665.25,High,-80.5444636482,35.929110866,High
27838,7639,Granville,98,60720.0,Eastern,114.6,1466.3,High,-78.6527194252,36.3040698262,High
27892,2277,Warren,98,18621.0,Eastern,43.4,2235.0,High,-78.1067171324,36.3965102811,High
27845,2693,Hertford,98,20374.0,Coastal,61.0,2281.6,High,-76.9807147831,36.3586360305,High
27895,15334,Wayne,98,115895.0,Coastal,211.8,2813.0,High,-78.0039971272,35.3639599672,High
27846,6898,Hoke,98,53783.0,Eastern,133.5,2028.14,High,-79.237290715,35.0175290075,High
27810,26512,Buncombe,98,271638.0,Western,410.4,3012.8,High,-82.5301070587,35.611177887,High
27884,5884,Stokes,98,44422.0,Northern,99.1,2146.85,High,-80.2395157151,36.4019040049,High
27816,3070,Caswell,98,22400.0,Eastern,53.5,317.5,High,-79.3335234769,36.3932742158,High
27854,14356,Lincoln,98,88742.0,Central,293.4,1745.2,High,-81.2235326264,35.4855950234,High
27898,5761,Yadkin,98,36925.0,Northern,111.1,1820.8,High,-80.6652439331,36.1605336919,High
27843,7036,Haywood,98,62831.0,Western,112.2,3591.8,High,-82.9821729698,35.5560557128,High
27806,6765,Beaufort,98,44150.0,Coastal,53.6,2157.95,High,-76.8453144055,35.486983815,High
27853,9206,Lenoir,98,54323.0,Coastal,138.1,3246.04,High,-77.6412486292,35.2387731611,High
27828,24883,Davidson,98,171752.0,Northern,305.4,1757.8,High,-80.2127487756,35.7933524917,High
27800,25346,Alamance,98,175029.0,Northern,404.8,3065.6,High,-79.3994248175,36.0437098766,High
27875,20778,Randolph,98,143325.0,Northern,184.3,1615.5,High,-79.8060069064,35.7103417044,High
27848,27779,Iredell,98,192986.0,Northern,325.0,1866.4,High,-80.8734378255,35.8070259189,High
27827,3598,Dare,98,37817.0,Coastal,96.3,1872.9,High,-75.6852333134,35.664936694,High
27812,31678,Cabarrus,98,232873.0,Central,625.1,1374.8,High,-80.5518508851,35.3867940405,High
27832,7660,Edgecombe,98,48604.0,Coastal,96.7,2366.3,High,-77.5970588882,35.912880671,High
27835,38383,Gaston,98,233387.0,Central,640.7,2912.4,High,-81.1802416273,35.2943489527,High
27820,2205,Chowan,98,13646.0,Coastal,79.4,1402.6,High,-76.6021303656,36.1265615389,High
27802,1564,Alleghany,98,11057.0,Northern,46.4,697.2,High,-81.1278593427,36.4912704378,High
27808,5339,Bladen,98,29171.0,Coastal,33.8,2578.5,High,-78.5636493115,34.6145873342,High
27844,14552,Henderson,98,117429.0,Western,311.8,2039.7,High,-82.4799463782,35.3362263031,High
27865,2513,Northampton,98,16953.0,Eastern,32.6,2092.6,High,-77.3968212099,36.4177312434,High
27887,3755,Transylvania,98,32825.0,Western,87.2,978.5,High,-82.7983001279,35.2021778635,Substantial
27867,11374,Orange,98,148331.0,Eastern,374.0,1991.9,High,-79.120649356,36.0611182361,High
27821,1580,Clay,98,11238.0,Western,51.6,2288.34,High,-83.7501767115,35.0571811284,High
27852,9110,Lee,98,64360.0,Eastern,248.1,1631.1,High,-79.1714836119,35.4751864248,High
27857,3487,Martin,98,21503.0,Coastal,48.3,2717.4,High,-77.109232267,35.843213981,High
27878,11315,Rockingham,98,90457.0,Northern,161.0,2130.4,High,-79.7749871967,36.3960127906,High
27831,33914,Durham,98,331347.0,Eastern,1133.7,3966.0,High,-78.8765926949,36.0360299243,Substantial
27894,6346,Watauga,98,54804.0,Northern,173.1,1191.8,High,-81.6964250718,36.2311062795,High
27839,3200,Greene,98,19978.0,Coastal,76.7,1640.3,High,-77.6757626742,35.4849957203,High
27817,27280,Catawba,98,162841.0,Northern,400.2,2802.5,High,-81.2150705598,35.662042354,High
27870,8552,Pender,98,62250.0,Coastal,69.1,1461.9,High,-77.8884355846,34.5150997489,High
27815,7964,Carteret,98,69039.0,Coastal,133.3,1912.1,High,-76.5357430669,34.8612598084,High
27862,13138,Moore,98,102966.0,Eastern,142.9,1617.3,High,-79.4813744392,35.3106538555,High
27873,28671,Pitt,98,173536.0,Coastal,261.0,2238.9,High,-77.3744965519,35.5932989746,High
27877,24433,Robeson,98,115899.0,Coastal,123.0,5137.4,High,-79.1038649277,34.6402420514,High
27882,5534,Scotland,98,33662.0,Eastern,107.1,3528.0,High,-79.4804292418,34.8408848102,High
27869,4773,Pasquotank,98,40966.0,Coastal,178.8,2078.8,High,-76.2492413613,36.2650187228,High
27841,7537,Halifax,98,47859.0,Coastal,67.2,2754.7,High,-77.6517329831,36.2574485453,High
27890,6422,Vance,98,41665.0,Eastern,168.7,3584.5,High,-78.4079288849,36.3649169333,High
27883,11194,Stanly,98,62143.0,Central,158.2,2425.2,High,-80.2509863077,35.3119550622,High
27864,27926,New Hanover,98,230423.0,Coastal,1174.0,2612.3,High,-77.865597569,34.1815553357,High
27896,10247,Wilkes,98,65151.0,Northern,87.5,1887.3,High,-81.1633856618,36.2062757623,High
27856,2636,Madison,98,21146.0,Western,47.1,1247.6,High,-82.7057582627,35.8580358086,High
27872,4949,Person,98,39048.0,Eastern,99.7,1862.8,High,-78.9718051426,36.3900951244,Substantial
27822,17566,Cleveland,98,99332.0,Western,214.4,2001.7,High,-81.5555471412,35.3341018022,High
27834,9438,Franklin,98,70655.0,Eastern,139.4,1314.6,High,-78.2856965824,36.0827733527,High
27804,3305,Ashe,98,26506.0,Northern,62.3,1123.1,High,-81.5005211955,36.434424701,High
27851,1278,Jones,98,9076.0,Coastal,19.5,0.0,High,-77.3551679748,35.0217248029,High
27855,4727,Macon,98,37041.0,Western,71.8,2077.4,High,-83.4221767088,35.1504672096,High
27880,10893,Rutherford,98,63870.0,Western,114.0,2009.9,High,-81.9198334642,35.4025956291,High
27876,6914,Richmond,98,43006.0,Eastern,90.7,5508.4,High,-79.7477780226,35.0060483545,High
27881,10857,Sampson,98,58371.0,Coastal,62.4,2241.9,High,-78.3713906105,34.9915361594,High
27809,15587,Brunswick,98,144821.0,Coastal,160.8,1537.1,High,-78.2274071617,34.0388755841,High
27818,6526,Chatham,98,77095.0,Eastern,111.9,1456.0,High,-79.2552758614,35.7025721296,High
27826,2575,Currituck,98,29385.0,Coastal,107.3,1344.3,High,-75.936949201,36.3672994836,High
27823,9794,Columbus,98,49795.0,Coastal,54.0,2887.71,High,-78.6550308717,34.2656450828,High
27811,15139,Burke,98,88398.0,Western,173.0,1836.1,High,-81.7047784739,35.7496106399,High
27886,1879,Swain,98,14046.0,Western,26.8,3517.8,High,-83.4927393736,35.4868150519,High
27968,1642,Pamlico,99,12215.0,Coastal,36.5,2321.5,High,-76.6694598427,35.151021226,High
27915,7984,Carteret,99,69039.0,Coastal,133.3,1912.1,High,-76.5357430669,34.8612598084,High
27967,11393,Orange,99,148331.0,Eastern,374.0,1991.9,High,-79.120649356,36.0611182361,Substantial
27970,8576,Pender,99,62250.0,Coastal,69.1,1461.9,High,-77.8884355846,34.5150997489,High
27963,14921,Nash,99,96101.0,Coastal,175.7,1838.5,High,-77.9864448378,35.9672502839,High
27936,1021,Gates,99,10324.0,Coastal,30.8,750.9,High,-76.7005266521,36.4449435708,High
27917,27391,Catawba,99,162841.0,Northern,400.2,2802.5,High,-81.2150705598,35.662042354,High
27918,6541,Chatham,99,77095.0,Eastern,111.9,1456.0,High,-79.2552758614,35.7025721296,Substantial
27998,5782,Yadkin,99,36925.0,Northern,111.1,1820.8,High,-80.6652439331,36.1605336919,High
27965,2512,Northampton,99,16953.0,Eastern,32.6,2092.6,High,-77.3968212099,36.4177312434,High
27997,12826,Wilson,99,79078.0,Coastal,214.3,2386.9,High,-77.9186629547,35.7051457145,High
27934,9449,Franklin,99,70655.0,Eastern,139.4,1314.6,High,-78.2856965824,36.0827733527,High
27900,25442,Alamance,99,175029.0,Northern,404.8,3065.6,High,-79.3994248175,36.0437098766,High
27935,38491,Gaston,99,233387.0,Central,640.7,2912.4,High,-81.1802416273,35.2943489527,High
27969,4791,Pasquotank,99,40966.0,Coastal,178.8,2078.8,High,-76.2492413613,36.2650187228,High
27919,4532,Cherokee,99,28738.0,Western,63.2,3613.3,High,-84.063444228,35.1338574515,Substantial
27966,27207,Onslow,99,207928.0,Coastal,268.4,2191.23,High,-77.4157658244,34.709836363,High
27916,3083,Caswell,99,22400.0,Eastern,53.5,317.5,High,-79.3335234769,36.3932742158,High
27964,27995,New Hanover,99,230423.0,Coastal,1174.0,2612.3,High,-77.865597569,34.1815553357,Substantial
27989,35059,Union,99,244960.0,Central,376.6,1582.3,High,-80.5307400446,34.9883574887,High
27913,12808,Caldwell,99,81319.0,Northern,170.9,2504.8,High,-81.5464366451,35.9530379334,High
27952,9139,Lee,99,64360.0,Eastern,248.1,1631.1,High,-79.1714836119,35.4751864248,High
27976,6918,Richmond,99,43006.0,Eastern,90.7,5508.4,High,-79.7477780226,35.0060483545,High
27907,2381,Bertie,99,17302.0,Coastal,25.7,1594.6,High,-76.9667121404,36.0656302022,High
27909,15651,Brunswick,99,144821.0,Coastal,160.8,1537.1,High,-78.2274071617,34.0388755841,High
27948,27854,Iredell,99,192986.0,Northern,325.0,1866.4,High,-80.8734378255,35.8070259189,High
27904,3317,Ashe,99,26506.0,Northern,62.3,1123.1,High,-81.5005211955,36.434424701,High
27981,10887,Sampson,99,58371.0,Coastal,62.4,2241.9,High,-78.3713906105,34.9915361594,High
27943,7059,Haywood,99,62831.0,Western,112.2,3591.8,High,-82.9821729698,35.5560557128,High
27925,43172,Cumberland,99,341793.0,Eastern,512.9,3748.5,High,-78.8275607671,35.048611942,High
27953,9233,Lenoir,99,54323.0,Coastal,138.1,3246.04,High,-77.6412486292,35.2387731611,Substantial
27912,31747,Cabarrus,99,232873.0,Central,625.1,1374.8,High,-80.5518508851,35.3867940405,High
27973,28694,Pitt,99,173536.0,Coastal,261.0,2238.9,High,-77.3744965519,35.5932989746,High
27959,152696,Mecklenburg,99,1128426.0,Central,2130.4,3736.1,High,-80.8327311406,35.2467670437,High
27957,3497,Martin,99,21503.0,Coastal,48.3,2717.4,High,-77.109232267,35.843213981,High
27939,3208,Greene,99,19978.0,Coastal,76.7,1640.3,High,-77.6757626742,35.4849957203,High
27990,6452,Vance,99,41665.0,Eastern,168.7,3584.5,High,-78.4079288849,36.3649169333,High
27986,1885,Swain,99,14046.0,Western,26.8,3517.8,High,-83.4927393736,35.4868150519,Substantial
27971,1459,Perquimans,99,13049.0,Coastal,52.6,684.8,High,-76.4076199893,36.1772228503,High
27980,10921,Rutherford,99,63870.0,Western,114.0,2009.9,High,-81.9198334642,35.4025956291,High
27947,816,Hyde,99,4595.0,Coastal,7.5,0.0,High,-76.1449651093,35.4081187361,Substantial
27902,1568,Alleghany,99,11057.0,Northern,46.4,697.2,High,-81.1278593427,36.4912704378,High
27985,11776,Surry,99,70573.0,Northern,134.0,1507.5,High,-80.6880779273,36.4148205561,High
27901,6205,Alexander,99,36172.0,Northern,140.2,1440.7,High,-81.1770268506,35.9210263138,High
27922,17619,Cleveland,99,99332.0,Western,214.4,2001.7,High,-81.5555471412,35.3341018022,High
27933,49851,Forsyth,99,387703.0,Northern,938.1,4129.5,High,-80.256300016,36.1306195485,High
27983,11229,Stanly,99,62143.0,Central,158.2,2425.2,High,-80.2509863077,35.3119550622,High
27926,2585,Currituck,99,29385.0,Coastal,107.3,1344.3,High,-75.936949201,36.3672994836,High
27931,34078,Durham,99,331347.0,Eastern,1133.7,3966.0,High,-78.8765926949,36.0360299243,Substantial
27978,11368,Rockingham,99,90457.0,Northern,161.0,2130.4,High,-79.7749871967,36.3960127906,High
27951,1280,Jones,99,9076.0,Coastal,19.5,0.0,High,-77.3551679748,35.0217248029,High
27908,5348,Bladen,99,29171.0,Coastal,33.8,2578.5,High,-78.5636493115,34.6145873342,High
27995,15367,Wayne,99,115895.0,Coastal,211.8,2813.0,High,-78.0039971272,35.3639599672,High
27950,31352,Johnston,99,224833.0,Coastal,272.7,1547.3,High,-78.3657109025,35.5178069265,High
27942,17661,Harnett,99,134986.0,Eastern,224.5,2172.6,High,-78.8694125204,35.3686291614,High
27975,20846,Randolph,99,143325.0,Northern,184.3,1615.5,High,-79.8060069064,35.7103417044,High
27982,5547,Scotland,99,33662.0,Eastern,107.1,3528.0,High,-79.4804292418,34.8408848102,High
27984,5903,Stokes,99,44422.0,Northern,99.1,2146.85,High,-80.2395157151,36.4019040049,High
27992,2285,Warren,99,18621.0,Eastern,43.4,2235.0,High,-78.1067171324,36.3965102811,High
27974,2235,Polk,99,19461.0,Western,81.3,1596.5,High,-82.1696779265,35.2792789622,High
27991,126359,Wake,99,1154170.0,Eastern,1353.3,1846.0,High,-78.6503081729,35.7902443741,Substantial
27903,3711,Anson,99,22028.0,Central,41.5,2802.1,High,-80.102712026,34.9737894417,High
27921,1588,Clay,99,11238.0,Western,51.6,2288.34,High,-83.7501767115,35.0571811284,High
27960,1935,Mitchell,99,14783.0,Western,67.4,458.42,High,-82.1635815487,36.0132038869,High
27941,7542,Halifax,99,47859.0,Coastal,67.2,2754.7,High,-77.6517329831,36.2574485453,High
27949,5396,Jackson,99,41919.0,Western,87.8,1864.6,High,-83.1408496187,35.2875866253,High
27927,3601,Dare,99,37817.0,Coastal,96.3,1872.9,High,-75.6852333134,35.664936694,High
27958,8276,McDowell,99,44151.0,Western,101.3,2610.9,High,-82.0493124426,35.6816924709,High
27961,4375,Montgomery,99,25485.0,Eastern,52.4,2480.1,High,-79.9054790812,35.332466935,High
27996,10267,Wilkes,99,65151.0,Northern,87.5,1887.3,High,-81.1633856618,36.2062757623,High
27988,529,Tyrrell,99,3315.0,Coastal,8.3,957.2,High,-76.1704523585,35.8694070017,High
27977,24467,Robeson,99,115899.0,Coastal,123.0,5137.4,High,-79.1038649277,34.6402420514,High
27946,6916,Hoke,99,53783.0,Eastern,133.5,2028.14,High,-79.237290715,35.0175290075,High
27944,14598,Henderson,99,117429.0,Western,311.8,2039.7,High,-82.4799463782,35.3362263031,High
27979,25516,Rowan,99,148565.0,Northern,287.1,2292.8,High,-80.5247717485,35.6394734632,High
27972,4962,Person,99,39048.0,Eastern,99.7,1862.8,High,-78.9718051426,36.3900951244,Substantial
27928,24930,Davidson,99,171752.0,Northern,305.4,1757.8,High,-80.2127487756,35.7933524917,High
27924,13816,Craven,99,102568.0,Coastal,142.5,2112.3,High,-77.082003837,35.117685821,High
27955,4741,Macon,99,37041.0,Western,71.8,2077.4,High,-83.4221767088,35.1504672096,High
27920,2205,Chowan,99,13646.0,Coastal,79.4,1402.6,High,-76.6021303656,36.1265615389,High
27945,2705,Hertford,99,20374.0,Coastal,61.0,2281.6,High,-76.9807147831,36.3586360305,High
27911,15172,Burke,99,88398.0,Western,173.0,1836.1,High,-81.7047784739,35.7496106399,High
27932,7676,Edgecombe,99,48604.0,Coastal,96.7,2366.3,High,-77.5970588882,35.912880671,High
27937,1284,Graham,99,7935.0,Western,27.5,8085.4,High,-83.833581803,35.350171951,High
27962,13190,Moore,99,102966.0,Eastern,142.9,1617.3,High,-79.4813744392,35.3106538555,High
27929,6112,Davie,99,43127.0,Northern,162.0,1665.25,High,-80.5444636482,35.929110866,High
27956,2644,Madison,99,21146.0,Western,47.1,1247.6,High,-82.7057582627,35.8580358086,High
27923,9803,Columbus,99,49795.0,Coastal,54.0,2887.71,High,-78.6550308717,34.2656450828,High
27999,2713,Yancey,99,18320.0,Western,59.1,557.0,High,-82.3076279784,35.8989479924,High
27905,2617,Avery,99,17347.0,Western,72.0,1003.4,High,-81.9226013745,36.0766050343,High
27906,6769,Beaufort,99,44150.0,Coastal,53.6,2157.95,High,-76.8453144055,35.486983815,High
27994,6374,Watauga,99,54804.0,Northern,173.1,1191.8,High,-81.6964250718,36.2311062795,High
27938,7666,Granville,99,60720.0,Eastern,114.6,1466.3,High,-78.6527194252,36.3040698262,High
27987,3768,Transylvania,99,32825.0,Western,87.2,978.5,High,-82.7983001279,35.2021778635,Substantial
27954,14398,Lincoln,99,88742.0,Central,293.4,1745.2,High,-81.2235326264,35.4855950234,High
27930,9621,Duplin,99,48249.0,Coastal,59.8,2911.6,High,-77.9330277459,34.9365348363,High
27993,1532,Washington,99,10708.0,Coastal,31.8,1746.8,High,-76.5693098876,35.8392646425,Substantial
27940,65233,Guilford,99,545484.0,Northern,838.0,3371.1,High,-79.7889042685,36.0794717315,High
27910,26719,Buncombe,99,271638.0,Western,410.4,3012.8,High,-82.5301070587,35.611177887,High
27914,1064,Camden,99,10537.0,Coastal,43.1,793.0,High,-76.1609504039,36.3411216216,High
28092,2292,Warren,100,18621.0,Eastern,43.4,2235.0,High,-78.1067171324,36.3965102811,High
28039,3217,Greene,100,19978.0,Coastal,76.7,1640.3,High,-77.6757626742,35.4849957203,High
28082,5569,Scotland,100,33662.0,Eastern,107.1,3528.0,High,-79.4804292418,34.8408848102,High
28075,20926,Randolph,100,143325.0,Northern,184.3,1615.5,High,-79.8060069064,35.7103417044,High
28032,7688,Edgecombe,100,48604.0,Coastal,96.7,2366.3,High,-77.5970588882,35.912880671,High
28040,65461,Guilford,100,545484.0,Northern,838.0,3371.1,High,-79.7889042685,36.0794717315,High
28056,2661,Madison,100,21146.0,Western,47.1,1247.6,High,-82.7057582627,35.8580358086,High
28081,10910,Sampson,100,58371.0,Coastal,62.4,2241.9,High,-78.3713906105,34.9915361594,High
28068,1647,Pamlico,100,12215.0,Coastal,36.5,2321.5,High,-76.6694598427,35.151021226,High
28031,34130,Durham,100,331347.0,Eastern,1133.7,3966.0,High,-78.8765926949,36.0360299243,Substantial
28064,28036,New Hanover,100,230423.0,Coastal,1174.0,2612.3,High,-77.865597569,34.1815553357,Substantial
28051,1284,Jones,100,9076.0,Coastal,19.5,0.0,High,-77.3551679748,35.0217248029,High
28034,9465,Franklin,100,70655.0,Eastern,139.4,1314.6,High,-78.2856965824,36.0827733527,High
28018,6554,Chatham,100,77095.0,Eastern,111.9,1456.0,High,-79.2552758614,35.7025721296,Substantial
28093,1539,Washington,100,10708.0,Coastal,31.8,1746.8,High,-76.5693098876,35.8392646425,High
28078,11435,Rockingham,100,90457.0,Northern,161.0,2130.4,High,-79.7749871967,36.3960127906,High
28023,9816,Columbus,100,49795.0,Coastal,54.0,2887.71,High,-78.6550308717,34.2656450828,High
28026,2596,Currituck,100,29385.0,Coastal,107.3,1344.3,High,-75.936949201,36.3672994836,High
28038,7690,Granville,100,60720.0,Eastern,114.6,1466.3,High,-78.6527194252,36.3040698262,High
28080,10970,Rutherford,100,63870.0,Western,114.0,2009.9,High,-81.9198334642,35.4025956291,High
28095,15404,Wayne,100,115895.0,Coastal,211.8,2813.0,High,-78.0039971272,35.3639599672,High
28036,1025,Gates,100,10324.0,Coastal,30.8,750.9,High,-76.7005266521,36.4449435708,High
28025,43333,Cumberland,100,341793.0,Eastern,512.9,3748.5,High,-78.8275607671,35.048611942,High
28009,15701,Brunswick,100,144821.0,Coastal,160.8,1537.1,High,-78.2274071617,34.0388755841,High
28094,6386,Watauga,100,54804.0,Northern,173.1,1191.8,High,-81.6964250718,36.2311062795,High
28079,25580,Rowan,100,148565.0,Northern,287.1,2292.8,High,-80.5247717485,35.6394734632,High
28077,24495,Robeson,100,115899.0,Coastal,123.0,5137.4,High,-79.1038649277,34.6402420514,High
28076,6927,Richmond,100,43006.0,Eastern,90.7,5508.4,High,-79.7477780226,35.0060483545,High
28010,26856,Buncombe,100,271638.0,Western,410.4,3012.8,High,-82.5301070587,35.611177887,High
28012,31851,Cabarrus,100,232873.0,Central,625.1,1374.8,High,-80.5518508851,35.3867940405,High
28052,9164,Lee,100,64360.0,Eastern,248.1,1631.1,High,-79.1714836119,35.4751864248,Substantial
28065,2517,Northampton,100,16953.0,Eastern,32.6,2092.6,High,-77.3968212099,36.4177312434,High
28022,17709,Cleveland,100,99332.0,Western,214.4,2001.7,High,-81.5555471412,35.3341018022,High
28016,3092,Caswell,100,22400.0,Eastern,53.5,317.5,High,-79.3335234769,36.3932742158,High
28053,9254,Lenoir,100,54323.0,Coastal,138.1,3246.04,High,-77.6412486292,35.2387731611,Substantial
28024,13856,Craven,100,102568.0,Coastal,142.5,2112.3,High,-77.082003837,35.117685821,High
28054,14446,Lincoln,100,88742.0,Central,293.4,1745.2,High,-81.2235326264,35.4855950234,High
28058,8323,McDowell,100,44151.0,Western,101.3,2610.9,High,-82.0493124426,35.6816924709,High
28098,5795,Yadkin,100,36925.0,Northern,111.1,1820.8,High,-80.6652439331,36.1605336919,High
28057,3512,Martin,100,21503.0,Coastal,48.3,2717.4,High,-77.109232267,35.843213981,High
28041,7568,Halifax,100,47859.0,Coastal,67.2,2754.7,High,-77.6517329831,36.2574485453,High
28055,4760,Macon,100,37041.0,Western,71.8,2077.4,High,-83.4221767088,35.1504672096,High
28069,4846,Pasquotank,100,40966.0,Coastal,178.8,2078.8,High,-76.2492413613,36.2650187228,High
28011,15238,Burke,100,88398.0,Western,173.0,1836.1,High,-81.7047784739,35.7496106399,High
28003,3720,Anson,100,22028.0,Central,41.5,2802.1,High,-80.102712026,34.9737894417,High
28099,2728,Yancey,100,18320.0,Western,59.1,557.0,High,-82.3076279784,35.8989479924,High
28002,1573,Alleghany,100,11057.0,Northern,46.4,697.2,High,-81.1278593427,36.4912704378,High
28071,1463,Perquimans,100,13049.0,Coastal,52.6,684.8,High,-76.4076199893,36.1772228503,High
28089,35163,Union,100,244960.0,Central,376.6,1582.3,High,-80.5307400446,34.9883574887,High
28033,50000,Forsyth,100,387703.0,Northern,938.1,4129.5,High,-80.256300016,36.1306195485,High
28088,530,Tyrrell,100,3315.0,Coastal,8.3,957.2,High,-76.1704523585,35.8694070017,Substantial
28007,2386,Bertie,100,17302.0,Coastal,25.7,1594.6,High,-76.9667121404,36.0656302022,High
28044,14660,Henderson,100,117429.0,Western,311.8,2039.7,High,-82.4799463782,35.3362263031,High
28070,8585,Pender,100,62250.0,Coastal,69.1,1461.9,High,-77.8884355846,34.5150997489,Substantial
28072,4984,Person,100,39048.0,Eastern,99.7,1862.8,High,-78.9718051426,36.3900951244,Substantial
28048,27929,Iredell,100,192986.0,Northern,325.0,1866.4,High,-80.8734378255,35.8070259189,High
28004,3328,Ashe,100,26506.0,Northern,62.3,1123.1,High,-81.5005211955,36.434424701,High
28046,6933,Hoke,100,53783.0,Eastern,133.5,2028.14,High,-79.237290715,35.0175290075,High
28006,6786,Beaufort,100,44150.0,Coastal,53.6,2157.95,High,-76.8453144055,35.486983815,High
28066,27286,Onslow,100,207928.0,Coastal,268.4,2191.23,High,-77.4157658244,34.709836363,High
28067,11440,Orange,100,148331.0,Eastern,374.0,1991.9,High,-79.120649356,36.0611182361,Substantial
28043,7081,Haywood,100,62831.0,Western,112.2,3591.8,High,-82.9821729698,35.5560557128,High
28015,8017,Carteret,100,69039.0,Coastal,133.3,1912.1,High,-76.5357430669,34.8612598084,High
28073,28711,Pitt,100,173536.0,Coastal,261.0,2238.9,High,-77.3744965519,35.5932989746,High
28059,153083,Mecklenburg,100,1128426.0,Central,2130.4,3736.1,High,-80.8327311406,35.2467670437,High
28096,10280,Wilkes,100,65151.0,Northern,87.5,1887.3,High,-81.1633856618,36.2062757623,High
28035,38627,Gaston,100,233387.0,Central,640.7,2912.4,High,-81.1802416273,35.2943489527,High
28090,6471,Vance,100,41665.0,Eastern,168.7,3584.5,High,-78.4079288849,36.3649169333,High
28086,1900,Swain,100,14046.0,Western,26.8,3517.8,High,-83.4927393736,35.4868150519,Substantial
28014,1067,Camden,100,10537.0,Coastal,43.1,793.0,High,-76.1609504039,36.3411216216,High
28047,818,Hyde,100,4595.0,Coastal,7.5,0.0,High,-76.1449651093,35.4081187361,Substantial
28087,3785,Transylvania,100,32825.0,Western,87.2,978.5,High,-82.7983001279,35.2021778635,Substantial
28001,6238,Alexander,100,36172.0,Northern,140.2,1440.7,High,-81.1770268506,35.9210263138,High
28028,25006,Davidson,100,171752.0,Northern,305.4,1757.8,High,-80.2127487756,35.7933524917,High
28030,9649,Duplin,100,48249.0,Coastal,59.8,2911.6,High,-77.9330277459,34.9365348363,High
28061,4382,Montgomery,100,25485.0,Eastern,52.4,2480.1,High,-79.9054790812,35.332466935,High
28027,3604,Dare,100,37817.0,Coastal,96.3,1872.9,Substantial,-75.6852333134,35.664936694,High
28020,2209,Chowan,100,13646.0,Coastal,79.4,1402.6,High,-76.6021303656,36.1265615389,High
28085,11815,Surry,100,70573.0,Northern,134.0,1507.5,High,-80.6880779273,36.4148205561,High
28060,1945,Mitchell,100,14783.0,Western,67.4,458.42,High,-82.1635815487,36.0132038869,High
28083,11276,Stanly,100,62143.0,Central,158.2,2425.2,High,-80.2509863077,35.3119550622,High
28013,12849,Caldwell,100,81319.0,Northern,170.9,2504.8,High,-81.5464366451,35.9530379334,High
28005,2638,Avery,100,17347.0,Western,72.0,1003.4,High,-81.9226013745,36.0766050343,High
28008,5358,Bladen,100,29171.0,Coastal,33.8,2578.5,High,-78.5636493115,34.6145873342,High
28017,27487,Catawba,100,162841.0,Northern,400.2,2802.5,High,-81.2150705598,35.662042354,High
28019,4537,Cherokee,100,28738.0,Western,63.2,3613.3,High,-84.063444228,35.1338574515,Moderate
28050,31402,Johnston,100,224833.0,Coastal,272.7,1547.3,High,-78.3657109025,35.5178069265,High
28000,25524,Alamance,100,175029.0,Northern,404.8,3065.6,High,-79.3994248175,36.0437098766,High
28029,6152,Davie,100,43127.0,Northern,162.0,1665.25,High,-80.5444636482,35.929110866,High
28049,5414,Jackson,100,41919.0,Western,87.8,1864.6,High,-83.1408496187,35.2875866253,High
28042,17735,Harnett,100,134986.0,Eastern,224.5,2172.6,High,-78.8694125204,35.3686291614,High
28084,5922,Stokes,100,44422.0,Northern,99.1,2146.85,High,-80.2395157151,36.4019040049,High
28062,13226,Moore,100,102966.0,Eastern,142.9,1617.3,High,-79.4813744392,35.3106538555,High
28063,14947,Nash,100,96101.0,Coastal,175.7,1838.5,High,-77.9864448378,35.9672502839,Substantial
28037,1288,Graham,100,7935.0,Western,27.5,8085.4,High,-83.833581803,35.350171951,High
28074,2235,Polk,100,19461.0,Western,81.3,1596.5,High,-82.1696779265,35.2792789622,High
28097,12863,Wilson,100,79078.0,Coastal,214.3,2386.9,High,-77.9186629547,35.7051457145,High
28045,2716,Hertford,100,20374.0,Coastal,61.0,2281.6,High,-76.9807147831,36.3586360305,High
28021,1595,Clay,100,11238.0,Western,51.6,2288.34,High,-83.7501767115,35.0571811284,High
28091,126366,Wake,100,1154170.0,Eastern,1353.3,1846.0,Substantial,-78.6503081729,35.7902443741,High
28188,530,Tyrrell,101,3315.0,Coastal,8.3,957.2,High,-76.1704523585,35.8694070017,Substantial
28189,35163,Union,101,244960.0,Central,376.6,1582.3,High,-80.5307400446,34.9883574887,High
28155,4760,Macon,101,37041.0,Western,71.8,2077.4,High,-83.4221767088,35.1504672096,High
28105,2638,Avery,101,17347.0,Western,72.0,1003.4,High,-81.9226013745,36.0766050343,High
28140,65461,Guilford,101,545484.0,Northern,838.0,3371.1,High,-79.7889042685,36.0794717315,High
28144,14660,Henderson,101,117429.0,Western,311.8,2039.7,High,-82.4799463782,35.3362263031,High
28154,14446,Lincoln,101,88742.0,Central,293.4,1745.2,High,-81.2235326264,35.4855950234,High
28117,27487,Catawba,101,162841.0,Northern,400.2,2802.5,High,-81.2150705598,35.662042354,High
28145,2716,Hertford,101,20374.0,Coastal,61.0,2281.6,High,-76.9807147831,36.3586360305,High
28187,3785,Transylvania,101,32825.0,Western,87.2,978.5,High,-82.7983001279,35.2021778635,Substantial
28146,6933,Hoke,101,53783.0,Eastern,133.5,2028.14,High,-79.237290715,35.0175290075,High
28167,11440,Orange,101,148331.0,Eastern,374.0,1991.9,High,-79.120649356,36.0611182361,Substantial
28129,6152,Davie,101,43127.0,Northern,162.0,1665.25,High,-80.5444636482,35.929110866,High
28169,4846,Pasquotank,101,40966.0,Coastal,178.8,2078.8,High,-76.2492413613,36.2650187228,High
28110,26856,Buncombe,101,271638.0,Western,410.4,3012.8,High,-82.5301070587,35.611177887,High
28179,25580,Rowan,101,148565.0,Northern,287.1,2292.8,High,-80.5247717485,35.6394734632,High
28132,7688,Edgecombe,101,48604.0,Coastal,96.7,2366.3,High,-77.5970588882,35.912880671,High
28106,6786,Beaufort,101,44150.0,Coastal,53.6,2157.95,High,-76.8453144055,35.486983815,High
28124,13856,Craven,101,102568.0,Coastal,142.5,2112.3,High,-77.082003837,35.117685821,High
28178,11435,Rockingham,101,90457.0,Northern,161.0,2130.4,High,-79.7749871967,36.3960127906,High
28126,2596,Currituck,101,29385.0,Coastal,107.3,1344.3,High,-75.936949201,36.3672994836,High
28130,9649,Duplin,101,48249.0,Coastal,59.8,2911.6,High,-77.9330277459,34.9365348363,High
28149,5414,Jackson,101,41919.0,Western,87.8,1864.6,High,-83.1408496187,35.2875866253,High
28103,3720,Anson,101,22028.0,Central,41.5,2802.1,High,-80.102712026,34.9737894417,High
28191,126366,Wake,101,1154170.0,Eastern,1353.3,1846.0,Substantial,-78.6503081729,35.7902443741,High
28116,3092,Caswell,101,22400.0,Eastern,53.5,317.5,High,-79.3335234769,36.3932742158,High
28168,1647,Pamlico,101,12215.0,Coastal,36.5,2321.5,High,-76.6694598427,35.151021226,High
28192,2292,Warren,101,18621.0,Eastern,43.4,2235.0,High,-78.1067171324,36.3965102811,High
28184,5922,Stokes,101,44422.0,Northern,99.1,2146.85,High,-80.2395157151,36.4019040049,High
28141,7568,Halifax,101,47859.0,Coastal,67.2,2754.7,High,-77.6517329831,36.2574485453,High
28142,17735,Harnett,101,134986.0,Eastern,224.5,2172.6,High,-78.8694125204,35.3686291614,High
28131,34130,Durham,101,331347.0,Eastern,1133.7,3966.0,High,-78.8765926949,36.0360299243,High
28100,25524,Alamance,101,175029.0,Northern,404.8,3065.6,High,-79.3994248175,36.0437098766,High
28150,31402,Johnston,101,224833.0,Coastal,272.7,1547.3,High,-78.3657109025,35.5178069265,High
28151,1284,Jones,101,9076.0,Coastal,19.5,0.0,High,-77.3551679748,35.0217248029,High
28108,5358,Bladen,101,29171.0,Coastal,33.8,2578.5,High,-78.5636493115,34.6145873342,High
28118,6554,Chatham,101,77095.0,Eastern,111.9,1456.0,High,-79.2552758614,35.7025721296,Substantial
28183,11276,Stanly,101,62143.0,Central,158.2,2425.2,High,-80.2509863077,35.3119550622,High
28182,5569,Scotland,101,33662.0,Eastern,107.1,3528.0,High,-79.4804292418,34.8408848102,High
28193,1539,Washington,101,10708.0,Coastal,31.8,1746.8,High,-76.5693098876,35.8392646425,High
28165,2517,Northampton,101,16953.0,Eastern,32.6,2092.6,High,-77.3968212099,36.4177312434,High
28185,11815,Surry,101,70573.0,Northern,134.0,1507.5,High,-80.6880779273,36.4148205561,High
28128,25006,Davidson,101,171752.0,Northern,305.4,1757.8,High,-80.2127487756,35.7933524917,High
28199,2728,Yancey,101,18320.0,Western,59.1,557.0,High,-82.3076279784,35.8989479924,High
28147,818,Hyde,101,4595.0,Coastal,7.5,0.0,High,-76.1449651093,35.4081187361,Substantial
28186,1900,Swain,101,14046.0,Western,26.8,3517.8,High,-83.4927393736,35.4868150519,Substantial
28190,6471,Vance,101,41665.0,Eastern,168.7,3584.5,High,-78.4079288849,36.3649169333,High
28153,9254,Lenoir,101,54323.0,Coastal,138.1,3246.04,High,-77.6412486292,35.2387731611,Substantial
28135,38627,Gaston,101,233387.0,Central,640.7,2912.4,High,-81.1802416273,35.2943489527,High
28127,3604,Dare,101,37817.0,Coastal,96.3,1872.9,Substantial,-75.6852333134,35.664936694,High
28143,7081,Haywood,101,62831.0,Western,112.2,3591.8,High,-82.9821729698,35.5560557128,High
28125,43333,Cumberland,101,341793.0,Eastern,512.9,3748.5,High,-78.8275607671,35.048611942,High
28104,3328,Ashe,101,26506.0,Northern,62.3,1123.1,High,-81.5005211955,36.434424701,High
28181,10910,Sampson,101,58371.0,Coastal,62.4,2241.9,High,-78.3713906105,34.9915361594,High
28109,15701,Brunswick,101,144821.0,Coastal,160.8,1537.1,High,-78.2274071617,34.0388755841,High
28148,27929,Iredell,101,192986.0,Northern,325.0,1866.4,High,-80.8734378255,35.8070259189,High
28152,9164,Lee,101,64360.0,Eastern,248.1,1631.1,High,-79.1714836119,35.4751864248,Substantial
28107,2386,Bertie,101,17302.0,Coastal,25.7,1594.6,High,-76.9667121404,36.0656302022,High
28166,27286,Onslow,101,207928.0,Coastal,268.4,2191.23,High,-77.4157658244,34.709836363,High
28198,5795,Yadkin,101,36925.0,Northern,111.1,1820.8,High,-80.6652439331,36.1605336919,High
28180,10970,Rutherford,101,63870.0,Western,114.0,2009.9,High,-81.9198334642,35.4025956291,High
28113,12849,Caldwell,101,81319.0,Northern,170.9,2504.8,High,-81.5464366451,35.9530379334,High
28120,2209,Chowan,101,13646.0,Coastal,79.4,1402.6,High,-76.6021303656,36.1265615389,High
28177,24495,Robeson,101,115899.0,Coastal,123.0,5137.4,High,-79.1038649277,34.6402420514,High
28194,6386,Watauga,101,54804.0,Northern,173.1,1191.8,High,-81.6964250718,36.2311062795,High
28121,1595,Clay,101,11238.0,Western,51.6,2288.34,High,-83.7501767115,35.0571811284,High
28160,1945,Mitchell,101,14783.0,Western,67.4,458.42,High,-82.1635815487,36.0132038869,High
28172,4984,Person,101,39048.0,Eastern,99.7,1862.8,High,-78.9718051426,36.3900951244,Substantial
28136,1025,Gates,101,10324.0,Coastal,30.8,750.9,High,-76.7005266521,36.4449435708,High
28170,8585,Pender,101,62250.0,Coastal,69.1,1461.9,High,-77.8884355846,34.5150997489,Substantial
28164,28036,New Hanover,101,230423.0,Coastal,1174.0,2612.3,High,-77.865597569,34.1815553357,Substantial
28114,1067,Camden,101,10537.0,Coastal,43.1,793.0,High,-76.1609504039,36.3411216216,High
28161,4382,Montgomery,101,25485.0,Eastern,52.4,2480.1,High,-79.9054790812,35.332466935,High
28158,8323,McDowell,101,44151.0,Western,101.3,2610.9,High,-82.0493124426,35.6816924709,High
28163,14947,Nash,101,96101.0,Coastal,175.7,1838.5,High,-77.9864448378,35.9672502839,Substantial
28122,17709,Cleveland,101,99332.0,Western,214.4,2001.7,High,-81.5555471412,35.3341018022,High
28102,1573,Alleghany,101,11057.0,Northern,46.4,697.2,High,-81.1278593427,36.4912704378,High
28139,3217,Greene,101,19978.0,Coastal,76.7,1640.3,High,-77.6757626742,35.4849957203,High
28115,8017,Carteret,101,69039.0,Coastal,133.3,1912.1,High,-76.5357430669,34.8612598084,High
28176,6927,Richmond,101,43006.0,Eastern,90.7,5508.4,High,-79.7477780226,35.0060483545,High
28101,6238,Alexander,101,36172.0,Northern,140.2,1440.7,High,-81.1770268506,35.9210263138,High
28157,3512,Martin,101,21503.0,Coastal,48.3,2717.4,High,-77.109232267,35.843213981,High
28173,28711,Pitt,101,173536.0,Coastal,261.0,2238.9,High,-77.3744965519,35.5932989746,High
28196,10280,Wilkes,101,65151.0,Northern,87.5,1887.3,High,-81.1633856618,36.2062757623,High
28112,31851,Cabarrus,101,232873.0,Central,625.1,1374.8,High,-80.5518508851,35.3867940405,High
28197,12863,Wilson,101,79078.0,Coastal,214.3,2386.9,High,-77.9186629547,35.7051457145,High
28174,2235,Polk,101,19461.0,Western,81.3,1596.5,High,-82.1696779265,35.2792789622,High
28133,50000,Forsyth,101,387703.0,Northern,938.1,4129.5,High,-80.256300016,36.1306195485,High
28111,15238,Burke,101,88398.0,Western,173.0,1836.1,High,-81.7047784739,35.7496106399,High
28134,9465,Franklin,101,70655.0,Eastern,139.4,1314.6,High,-78.2856965824,36.0827733527,High
28119,4537,Cherokee,101,28738.0,Western,63.2,3613.3,High,-84.063444228,35.1338574515,Moderate
28123,9816,Columbus,101,49795.0,Coastal,54.0,2887.71,High,-78.6550308717,34.2656450828,High
28159,153083,Mecklenburg,101,1128426.0,Central,2130.4,3736.1,High,-80.8327311406,35.2467670437,High
28138,7690,Granville,101,60720.0,Eastern,114.6,1466.3,High,-78.6527194252,36.3040698262,High
28195,15404,Wayne,101,115895.0,Coastal,211.8,2813.0,High,-78.0039971272,35.3639599672,High
28156,2661,Madison,101,21146.0,Western,47.1,1247.6,High,-82.7057582627,35.8580358086,High
28171,1463,Perquimans,101,13049.0,Coastal,52.6,684.8,High,-76.4076199893,36.1772228503,High
28175,20926,Randolph,101,143325.0,Northern,184.3,1615.5,High,-79.8060069064,35.7103417044,High
28137,1288,Graham,101,7935.0,Western,27.5,8085.4,High,-83.833581803,35.350171951,High
28162,13226,Moore,101,102966.0,Eastern,142.9,1617.3,High,-79.4813744392,35.3106538555,High
28252,9164,Lee,102,64360.0,Eastern,248.1,1631.1,High,-79.1714836119,35.4751864248,Substantial
28265,2517,Northampton,102,16953.0,Eastern,32.6,2092.6,High,-77.3968212099,36.4177312434,High
28226,2596,Currituck,102,29385.0,Coastal,107.3,1344.3,High,-75.936949201,36.3672994836,High
28266,27286,Onslow,102,207928.0,Coastal,268.4,2191.23,High,-77.4157658244,34.709836363,High
28219,4537,Cherokee,102,28738.0,Western,63.2,3613.3,High,-84.063444228,35.1338574515,Moderate
28222,17709,Cleveland,102,99332.0,Western,214.4,2001.7,High,-81.5555471412,35.3341018022,High
28215,8017,Carteret,102,69039.0,Coastal,133.3,1912.1,High,-76.5357430669,34.8612598084,High
28231,34130,Durham,102,331347.0,Eastern,1133.7,3966.0,High,-78.8765926949,36.0360299243,High
28276,6927,Richmond,102,43006.0,Eastern,90.7,5508.4,High,-79.7477780226,35.0060483545,High
28273,28711,Pitt,102,173536.0,Coastal,261.0,2238.9,High,-77.3744965519,35.5932989746,High
28238,7690,Granville,102,60720.0,Eastern,114.6,1466.3,High,-78.6527194252,36.3040698262,High
28243,7081,Haywood,102,62831.0,Western,112.2,3591.8,High,-82.9821729698,35.5560557128,High
28259,153083,Mecklenburg,102,1128426.0,Central,2130.4,3736.1,High,-80.8327311406,35.2467670437,High
28209,15701,Brunswick,102,144821.0,Coastal,160.8,1537.1,High,-78.2274071617,34.0388755841,High
28235,38627,Gaston,102,233387.0,Central,640.7,2912.4,High,-81.1802416273,35.2943489527,High
28283,11276,Stanly,102,62143.0,Central,158.2,2425.2,High,-80.2509863077,35.3119550622,High
28213,12849,Caldwell,102,81319.0,Northern,170.9,2504.8,High,-81.5464366451,35.9530379334,High
28281,10910,Sampson,102,58371.0,Coastal,62.4,2241.9,High,-78.3713906105,34.9915361594,High
28290,6471,Vance,102,41665.0,Eastern,168.7,3584.5,High,-78.4079288849,36.3649169333,High
28208,5358,Bladen,102,29171.0,Coastal,33.8,2578.5,High,-78.5636493115,34.6145873342,High
28250,31402,Johnston,102,224833.0,Coastal,272.7,1547.3,High,-78.3657109025,35.5178069265,High
28258,8323,McDowell,102,44151.0,Western,101.3,2610.9,High,-82.0493124426,35.6816924709,High
28298,5795,Yadkin,102,36925.0,Northern,111.1,1820.8,High,-80.6652439331,36.1605336919,High
28241,7568,Halifax,102,47859.0,Coastal,67.2,2754.7,High,-77.6517329831,36.2574485453,High
28284,5922,Stokes,102,44422.0,Northern,99.1,2146.85,High,-80.2395157151,36.4019040049,High
28291,126366,Wake,102,1154170.0,Eastern,1353.3,1846.0,Substantial,-78.6503081729,35.7902443741,High
28282,5569,Scotland,102,33662.0,Eastern,107.1,3528.0,High,-79.4804292418,34.8408848102,High
28275,20926,Randolph,102,143325.0,Northern,184.3,1615.5,High,-79.8060069064,35.7103417044,High
28297,12863,Wilson,102,79078.0,Coastal,214.3,2386.9,High,-77.9186629547,35.7051457145,High
28274,2235,Polk,102,19461.0,Western,81.3,1596.5,High,-82.1696779265,35.2792789622,High
28221,1595,Clay,102,11238.0,Western,51.6,2288.34,High,-83.7501767115,35.0571811284,High
28249,5414,Jackson,102,41919.0,Western,87.8,1864.6,High,-83.1408496187,35.2875866253,High
28292,2292,Warren,102,18621.0,Eastern,43.4,2235.0,High,-78.1067171324,36.3965102811,High
28251,1284,Jones,102,9076.0,Coastal,19.5,0.0,High,-77.3551679748,35.0217248029,High
28295,15404,Wayne,102,115895.0,Coastal,211.8,2813.0,High,-78.0039971272,35.3639599672,High
28260,1945,Mitchell,102,14783.0,Western,67.4,458.42,High,-82.1635815487,36.0132038869,High
28204,3328,Ashe,102,26506.0,Northern,62.3,1123.1,High,-81.5005211955,36.434424701,High
28242,17735,Harnett,102,134986.0,Eastern,224.5,2172.6,High,-78.8694125204,35.3686291614,High
28268,1647,Pamlico,102,12215.0,Coastal,36.5,2321.5,High,-76.6694598427,35.151021226,High
28227,3604,Dare,102,37817.0,Coastal,96.3,1872.9,Substantial,-75.6852333134,35.664936694,High
28233,50000,Forsyth,102,387703.0,Northern,938.1,4129.5,High,-80.256300016,36.1306195485,High
28285,11815,Surry,102,70573.0,Northern,134.0,1507.5,High,-80.6880779273,36.4148205561,High
28216,3092,Caswell,102,22400.0,Eastern,53.5,317.5,High,-79.3335234769,36.3932742158,High
28236,1025,Gates,102,10324.0,Coastal,30.8,750.9,High,-76.7005266521,36.4449435708,High
28200,25524,Alamance,102,175029.0,Northern,404.8,3065.6,High,-79.3994248175,36.0437098766,High
28207,2386,Bertie,102,17302.0,Coastal,25.7,1594.6,High,-76.9667121404,36.0656302022,High
28218,6554,Chatham,102,77095.0,Eastern,111.9,1456.0,High,-79.2552758614,35.7025721296,Substantial
28203,3720,Anson,102,22028.0,Central,41.5,2802.1,High,-80.102712026,34.9737894417,High
28248,27929,Iredell,102,192986.0,Northern,325.0,1866.4,High,-80.8734378255,35.8070259189,High
28270,8585,Pender,102,62250.0,Coastal,69.1,1461.9,High,-77.8884355846,34.5150997489,Substantial
28299,2728,Yancey,102,18320.0,Western,59.1,557.0,High,-82.3076279784,35.8989479924,High
28286,1900,Swain,102,14046.0,Western,26.8,3517.8,High,-83.4927393736,35.4868150519,Substantial
28296,10280,Wilkes,102,65151.0,Northern,87.5,1887.3,High,-81.1633856618,36.2062757623,High
28225,43333,Cumberland,102,341793.0,Eastern,512.9,3748.5,High,-78.8275607671,35.048611942,High
28267,11440,Orange,102,148331.0,Eastern,374.0,1991.9,High,-79.120649356,36.0611182361,Substantial
28254,14446,Lincoln,102,88742.0,Central,293.4,1745.2,High,-81.2235326264,35.4855950234,High
28214,1067,Camden,102,10537.0,Coastal,43.1,793.0,High,-76.1609504039,36.3411216216,High
28246,6933,Hoke,102,53783.0,Eastern,133.5,2028.14,High,-79.237290715,35.0175290075,High
28272,4984,Person,102,39048.0,Eastern,99.7,1862.8,High,-78.9718051426,36.3900951244,Substantial
28244,14660,Henderson,102,117429.0,Western,311.8,2039.7,High,-82.4799463782,35.3362263031,High
28220,2209,Chowan,102,13646.0,Coastal,79.4,1402.6,High,-76.6021303656,36.1265615389,High
28279,25580,Rowan,102,148565.0,Northern,287.1,2292.8,High,-80.5247717485,35.6394734632,High
28294,6386,Watauga,102,54804.0,Northern,173.1,1191.8,High,-81.6964250718,36.2311062795,High
28277,24495,Robeson,102,115899.0,Coastal,123.0,5137.4,High,-79.1038649277,34.6402420514,High
28224,13856,Craven,102,102568.0,Coastal,142.5,2112.3,High,-77.082003837,35.117685821,High
28288,530,Tyrrell,102,3315.0,Coastal,8.3,957.2,High,-76.1704523585,35.8694070017,Substantial
28245,2716,Hertford,102,20374.0,Coastal,61.0,2281.6,High,-76.9807147831,36.3586360305,High
28206,6786,Beaufort,102,44150.0,Coastal,53.6,2157.95,High,-76.8453144055,35.486983815,High
28237,1288,Graham,102,7935.0,Western,27.5,8085.4,High,-83.833581803,35.350171951,High
28211,15238,Burke,102,88398.0,Western,173.0,1836.1,High,-81.7047784739,35.7496106399,High
28269,4846,Pasquotank,102,40966.0,Coastal,178.8,2078.8,High,-76.2492413613,36.2650187228,High
28262,13226,Moore,102,102966.0,Eastern,142.9,1617.3,High,-79.4813744392,35.3106538555,High
28229,6152,Davie,102,43127.0,Northern,162.0,1665.25,High,-80.5444636482,35.929110866,High
28217,27487,Catawba,102,162841.0,Northern,400.2,2802.5,High,-81.2150705598,35.662042354,High
28205,2638,Avery,102,17347.0,Western,72.0,1003.4,High,-81.9226013745,36.0766050343,High
28256,2661,Madison,102,21146.0,Western,47.1,1247.6,High,-82.7057582627,35.8580358086,High
28232,7688,Edgecombe,102,48604.0,Coastal,96.7,2366.3,High,-77.5970588882,35.912880671,High
28271,1463,Perquimans,102,13049.0,Coastal,52.6,684.8,High,-76.4076199893,36.1772228503,High
28278,11435,Rockingham,102,90457.0,Northern,161.0,2130.4,High,-79.7749871967,36.3960127906,High
28234,9465,Franklin,102,70655.0,Eastern,139.4,1314.6,High,-78.2856965824,36.0827733527,High
28223,9816,Columbus,102,49795.0,Coastal,54.0,2887.71,High,-78.6550308717,34.2656450828,High
28289,35163,Union,102,244960.0,Central,376.6,1582.3,High,-80.5307400446,34.9883574887,High
28255,4760,Macon,102,37041.0,Western,71.8,2077.4,High,-83.4221767088,35.1504672096,High
28264,28036,New Hanover,102,230423.0,Coastal,1174.0,2612.3,High,-77.865597569,34.1815553357,Substantial
28210,26856,Buncombe,102,271638.0,Western,410.4,3012.8,High,-82.5301070587,35.611177887,High
28228,25006,Davidson,102,171752.0,Northern,305.4,1757.8,High,-80.2127487756,35.7933524917,High
28202,1573,Alleghany,102,11057.0,Northern,46.4,697.2,High,-81.1278593427,36.4912704378,High
28280,10970,Rutherford,102,63870.0,Western,114.0,2009.9,High,-81.9198334642,35.4025956291,High
28257,3512,Martin,102,21503.0,Coastal,48.3,2717.4,High,-77.109232267,35.843213981,High
28201,6238,Alexander,102,36172.0,Northern,140.2,1440.7,High,-81.1770268506,35.9210263138,High
28230,9649,Duplin,102,48249.0,Coastal,59.8,2911.6,High,-77.9330277459,34.9365348363,High
28293,1539,Washington,102,10708.0,Coastal,31.8,1746.8,High,-76.5693098876,35.8392646425,High
28212,31851,Cabarrus,102,232873.0,Central,625.1,1374.8,High,-80.5518508851,35.3867940405,High
28261,4382,Montgomery,102,25485.0,Eastern,52.4,2480.1,High,-79.9054790812,35.332466935,High
28287,3785,Transylvania,102,32825.0,Western,87.2,978.5,High,-82.7983001279,35.2021778635,Substantial
28239,3217,Greene,102,19978.0,Coastal,76.7,1640.3,High,-77.6757626742,35.4849957203,High
28253,9254,Lenoir,102,54323.0,Coastal,138.1,3246.04,High,-77.6412486292,35.2387731611,Substantial
28240,65461,Guilford,102,545484.0,Northern,838.0,3371.1,High,-79.7889042685,36.0794717315,High
28263,14947,Nash,102,96101.0,Coastal,175.7,1838.5,High,-77.9864448378,35.9672502839,Substantial
28247,818,Hyde,102,4595.0,Coastal,7.5,0.0,High,-76.1449651093,35.4081187361,Substantial
28342,17907,Harnett,103,134986.0,Eastern,224.5,2172.6,High,-78.8694125204,35.3686291614,High
28343,7164,Haywood,103,62831.0,Western,112.2,3591.8,High,-82.9821729698,35.5560557128,High
28374,2251,Polk,103,19461.0,Western,81.3,1596.5,High,-82.1696779265,35.2792789622,High
28329,6226,Davie,103,43127.0,Northern,162.0,1665.25,High,-80.5444636482,35.929110866,High
28363,15055,Nash,103,96101.0,Coastal,175.7,1838.5,High,-77.9864448378,35.9672502839,Substantial
28362,13304,Moore,103,102966.0,Eastern,142.9,1617.3,High,-79.4813744392,35.3106538555,High
28373,29019,Pitt,103,173536.0,Coastal,261.0,2238.9,High,-77.3744965519,35.5932989746,High
28335,38951,Gaston,103,233387.0,Central,640.7,2912.4,High,-81.1802416273,35.2943489527,High
28398,5828,Yadkin,103,36925.0,Northern,111.1,1820.8,High,-80.6652439331,36.1605336919,High
28319,4563,Cherokee,103,28738.0,Western,63.2,3613.3,High,-84.063444228,35.1338574515,Moderate
28301,6261,Alexander,103,36172.0,Northern,140.2,1440.7,High,-81.1770268506,35.9210263138,High
28371,1471,Perquimans,103,13049.0,Coastal,52.6,684.8,High,-76.4076199893,36.1772228503,High
28390,6527,Vance,103,41665.0,Eastern,168.7,3584.5,High,-78.4079288849,36.3649169333,High
28389,35357,Union,103,244960.0,Central,376.6,1582.3,High,-80.5307400446,34.9883574887,High
28350,31583,Johnston,103,224833.0,Coastal,272.7,1547.3,High,-78.3657109025,35.5178069265,High
28313,12923,Caldwell,103,81319.0,Northern,170.9,2504.8,High,-81.5464366451,35.9530379334,High
28347,817,Hyde,103,4595.0,Coastal,7.5,0.0,High,-76.1449651093,35.4081187361,Moderate
28396,10331,Wilkes,103,65151.0,Northern,87.5,1887.3,High,-81.1633856618,36.2062757623,High
28323,9847,Columbus,103,49795.0,Coastal,54.0,2887.71,High,-78.6550308717,34.2656450828,High
28300,25682,Alamance,103,175029.0,Northern,404.8,3065.6,High,-79.3994248175,36.0437098766,High
28305,2660,Avery,103,17347.0,Western,72.0,1003.4,High,-81.9226013745,36.0766050343,High
28391,127636,Wake,103,1154170.0,Eastern,1353.3,1846.0,High,-78.6503081729,35.7902443741,Substantial
28337,1292,Graham,103,7935.0,Western,27.5,8085.4,High,-83.833581803,35.350171951,High
28306,6884,Beaufort,103,44150.0,Coastal,53.6,2157.95,High,-76.8453144055,35.486983815,High
28348,28070,Iredell,103,192986.0,Northern,325.0,1866.4,High,-80.8734378255,35.8070259189,High
28367,11511,Orange,103,148331.0,Eastern,374.0,1991.9,High,-79.120649356,36.0611182361,Substantial
28387,3812,Transylvania,103,32825.0,Western,87.2,978.5,High,-82.7983001279,35.2021778635,Substantial
28315,8081,Carteret,103,69039.0,Coastal,133.3,1912.1,High,-76.5357430669,34.8612598084,High
28314,1074,Camden,103,10537.0,Coastal,43.1,793.0,High,-76.1609504039,36.3411216216,High
28307,2416,Bertie,103,17302.0,Coastal,25.7,1594.6,High,-76.9667121404,36.0656302022,High
28385,11912,Surry,103,70573.0,Northern,134.0,1507.5,High,-80.6880779273,36.4148205561,High
28346,6963,Hoke,103,53783.0,Eastern,133.5,2028.14,High,-79.237290715,35.0175290075,High
28333,50324,Forsyth,103,387703.0,Northern,938.1,4129.5,High,-80.256300016,36.1306195485,High
28361,4408,Montgomery,103,25485.0,Eastern,52.4,2480.1,High,-79.9054790812,35.332466935,High
28327,3648,Dare,103,37817.0,Coastal,96.3,1872.9,High,-75.6852333134,35.664936694,High
28328,25149,Davidson,103,171752.0,Northern,305.4,1757.8,High,-80.2127487756,35.7933524917,High
28372,5008,Person,103,39048.0,Eastern,99.7,1862.8,High,-78.9718051426,36.3900951244,Substantial
28366,27469,Onslow,103,207928.0,Coastal,268.4,2191.23,High,-77.4157658244,34.709836363,High
28360,1957,Mitchell,103,14783.0,Western,67.4,458.42,High,-82.1635815487,36.0132038869,High
28320,2233,Chowan,103,13646.0,Coastal,79.4,1402.6,High,-76.6021303656,36.1265615389,High
28344,14743,Henderson,103,117429.0,Western,311.8,2039.7,High,-82.4799463782,35.3362263031,High
28349,5453,Jackson,103,41919.0,Western,87.8,1864.6,High,-83.1408496187,35.2875866253,High
28321,1607,Clay,103,11238.0,Western,51.6,2288.34,High,-83.7501767115,35.0571811284,Substantial
28304,3350,Ashe,103,26506.0,Northern,62.3,1123.1,High,-81.5005211955,36.434424701,High
28330,9694,Duplin,103,48249.0,Coastal,59.8,2911.6,High,-77.9330277459,34.9365348363,High
28388,536,Tyrrell,103,3315.0,Coastal,8.3,957.2,High,-76.1704523585,35.8694070017,High
28345,2734,Hertford,103,20374.0,Coastal,61.0,2281.6,High,-76.9807147831,36.3586360305,High
28370,8616,Pender,103,62250.0,Coastal,69.1,1461.9,High,-77.8884355846,34.5150997489,Substantial
28384,5966,Stokes,103,44422.0,Northern,99.1,2146.85,High,-80.2395157151,36.4019040049,High
28386,1913,Swain,103,14046.0,Western,26.8,3517.8,High,-83.4927393736,35.4868150519,Substantial
28308,5382,Bladen,103,29171.0,Coastal,33.8,2578.5,High,-78.5636493115,34.6145873342,High
28317,27648,Catawba,103,162841.0,Northern,400.2,2802.5,High,-81.2150705598,35.662042354,High
28365,2542,Northampton,103,16953.0,Eastern,32.6,2092.6,High,-77.3968212099,36.4177312434,High
28351,1290,Jones,103,9076.0,Coastal,19.5,0.0,High,-77.3551679748,35.0217248029,High
28322,17836,Cleveland,103,99332.0,Western,214.4,2001.7,High,-81.5555471412,35.3341018022,High
28331,34275,Durham,103,331347.0,Eastern,1133.7,3966.0,High,-78.8765926949,36.0360299243,Substantial
28357,3551,Martin,103,21503.0,Coastal,48.3,2717.4,High,-77.109232267,35.843213981,High
28316,3112,Caswell,103,22400.0,Eastern,53.5,317.5,High,-79.3335234769,36.3932742158,High
28377,24588,Robeson,103,115899.0,Coastal,123.0,5137.4,High,-79.1038649277,34.6402420514,High
28353,9318,Lenoir,103,54323.0,Coastal,138.1,3246.04,High,-77.6412486292,35.2387731611,High
28324,13944,Craven,103,102568.0,Coastal,142.5,2112.3,High,-77.082003837,35.117685821,Substantial
28379,25712,Rowan,103,148565.0,Northern,287.1,2292.8,High,-80.5247717485,35.6394734632,High
28358,8389,McDowell,103,44151.0,Western,101.3,2610.9,High,-82.0493124426,35.6816924709,High
28382,5602,Scotland,103,33662.0,Eastern,107.1,3528.0,High,-79.4804292418,34.8408848102,High
28354,14558,Lincoln,103,88742.0,Central,293.4,1745.2,High,-81.2235326264,35.4855950234,High
28399,2741,Yancey,103,18320.0,Western,59.1,557.0,High,-82.3076279784,35.8989479924,High
28397,12900,Wilson,103,79078.0,Coastal,214.3,2386.9,High,-77.9186629547,35.7051457145,High
28339,3233,Greene,103,19978.0,Coastal,76.7,1640.3,High,-77.6757626742,35.4849957203,High
28310,27120,Buncombe,103,271638.0,Western,410.4,3012.8,High,-82.5301070587,35.611177887,High
28392,2310,Warren,103,18621.0,Eastern,43.4,2235.0,High,-78.1067171324,36.3965102811,High
28394,6420,Watauga,103,54804.0,Northern,173.1,1191.8,High,-81.6964250718,36.2311062795,High
28341,7653,Halifax,103,47859.0,Coastal,67.2,2754.7,High,-77.6517329831,36.2574485453,High
28380,11060,Rutherford,103,63870.0,Western,114.0,2009.9,High,-81.9198334642,35.4025956291,High
28381,10967,Sampson,103,58371.0,Coastal,62.4,2241.9,High,-78.3713906105,34.9915361594,High
28336,1042,Gates,103,10324.0,Coastal,30.8,750.9,High,-76.7005266521,36.4449435708,High
28312,32051,Cabarrus,103,232873.0,Central,625.1,1374.8,High,-80.5518508851,35.3867940405,High
28395,15485,Wayne,103,115895.0,Coastal,211.8,2813.0,High,-78.0039971272,35.3639599672,High
28355,4813,Macon,103,37041.0,Western,71.8,2077.4,High,-83.4221767088,35.1504672096,High
28332,7757,Edgecombe,103,48604.0,Coastal,96.7,2366.3,High,-77.5970588882,35.912880671,High
28383,11346,Stanly,103,62143.0,Central,158.2,2425.2,High,-80.2509863077,35.3119550622,High
28378,11539,Rockingham,103,90457.0,Northern,161.0,2130.4,High,-79.7749871967,36.3960127906,High
28340,65872,Guilford,103,545484.0,Northern,838.0,3371.1,High,-79.7889042685,36.0794717315,High
28359,153765,Mecklenburg,103,1128426.0,Central,2130.4,3736.1,High,-80.8327311406,35.2467670437,High
28303,3751,Anson,103,22028.0,Central,41.5,2802.1,High,-80.102712026,34.9737894417,Substantial
28393,1547,Washington,103,10708.0,Coastal,31.8,1746.8,High,-76.5693098876,35.8392646425,High
28334,9595,Franklin,103,70655.0,Eastern,139.4,1314.6,High,-78.2856965824,36.0827733527,High
28326,2629,Currituck,103,29385.0,Coastal,107.3,1344.3,High,-75.936949201,36.3672994836,High
28311,15308,Burke,103,88398.0,Western,173.0,1836.1,High,-81.7047784739,35.7496106399,High
28338,7728,Granville,103,60720.0,Eastern,114.6,1466.3,High,-78.6527194252,36.3040698262,High
28364,28161,New Hanover,103,230423.0,Coastal,1174.0,2612.3,High,-77.865597569,34.1815553357,Substantial
28375,21065,Randolph,103,143325.0,Northern,184.3,1615.5,High,-79.8060069064,35.7103417044,High
28356,2684,Madison,103,21146.0,Western,47.1,1247.6,High,-82.7057582627,35.8580358086,High
28309,15802,Brunswick,103,144821.0,Coastal,160.8,1537.1,High,-78.2274071617,34.0388755841,High
28376,6965,Richmond,103,43006.0,Eastern,90.7,5508.4,High,-79.7477780226,35.0060483545,High
28318,6584,Chatham,103,77095.0,Eastern,111.9,1456.0,High,-79.2552758614,35.7025721296,Substantial
28302,1579,Alleghany,103,11057.0,Northern,46.4,697.2,High,-81.1278593427,36.4912704378,Substantial
28369,4895,Pasquotank,103,40966.0,Coastal,178.8,2078.8,High,-76.2492413613,36.2650187228,High
28352,9245,Lee,103,64360.0,Eastern,248.1,1631.1,High,-79.1714836119,35.4751864248,Substantial
28325,43659,Cumberland,103,341793.0,Eastern,512.9,3748.5,High,-78.8275607671,35.048611942,High
28368,1659,Pamlico,103,12215.0,Coastal,36.5,2321.5,High,-76.6694598427,35.151021226,High
28428,25195,Davidson,104,171752.0,Northern,305.4,1757.8,High,-80.2127487756,35.7933524917,High
28439,3239,Greene,104,19978.0,Coastal,76.7,1640.3,High,-77.6757626742,35.4849957203,High
28493,1549,Washington,104,10708.0,Coastal,31.8,1746.8,High,-76.5693098876,35.8392646425,High
28490,6554,Vance,104,41665.0,Eastern,168.7,3584.5,High,-78.4079288849,36.3649169333,High
28453,9324,Lenoir,104,54323.0,Coastal,138.1,3246.04,High,-77.6412486292,35.2387731611,High
28463,15066,Nash,104,96101.0,Coastal,175.7,1838.5,High,-77.9864448378,35.9672502839,Substantial
28457,3557,Martin,104,21503.0,Coastal,48.3,2717.4,High,-77.109232267,35.843213981,High
28412,32084,Cabarrus,104,232873.0,Central,625.1,1374.8,High,-80.5518508851,35.3867940405,High
28447,819,Hyde,104,4595.0,Coastal,7.5,0.0,High,-76.1449651093,35.4081187361,Moderate
28486,1920,Swain,104,14046.0,Western,26.8,3517.8,High,-83.4927393736,35.4868150519,Substantial
28425,43737,Cumberland,104,341793.0,Eastern,512.9,3748.5,High,-78.8275607671,35.048611942,High
28401,6264,Alexander,104,36172.0,Northern,140.2,1440.7,High,-81.1770268506,35.9210263138,High
28496,10340,Wilkes,104,65151.0,Northern,87.5,1887.3,High,-81.1633856618,36.2062757623,High
28476,6978,Richmond,104,43006.0,Eastern,90.7,5508.4,High,-79.7477780226,35.0060483545,High
28480,11076,Rutherford,104,63870.0,Western,114.0,2009.9,High,-81.9198334642,35.4025956291,High
28461,4414,Montgomery,104,25485.0,Eastern,52.4,2480.1,High,-79.9054790812,35.332466935,High
28446,6969,Hoke,104,53783.0,Eastern,133.5,2028.14,High,-79.237290715,35.0175290075,High
28440,65987,Guilford,104,545484.0,Northern,838.0,3371.1,High,-79.7889042685,36.0794717315,High
28432,7771,Edgecombe,104,48604.0,Coastal,96.7,2366.3,High,-77.5970588882,35.912880671,High
28489,35432,Union,104,244960.0,Central,376.6,1582.3,High,-80.5307400446,34.9883574887,High
28478,11561,Rockingham,104,90457.0,Northern,161.0,2130.4,High,-79.7749871967,36.3960127906,High
28471,1475,Perquimans,104,13049.0,Coastal,52.6,684.8,High,-76.4076199893,36.1772228503,High
28434,9604,Franklin,104,70655.0,Eastern,139.4,1314.6,High,-78.2856965824,36.0827733527,High
28429,6238,Davie,104,43127.0,Northern,162.0,1665.25,High,-80.5444636482,35.929110866,High
28462,13318,Moore,104,102966.0,Eastern,142.9,1617.3,High,-79.4813744392,35.3106538555,High
28456,2688,Madison,104,21146.0,Western,47.1,1247.6,High,-82.7057582627,35.8580358086,High
28417,27685,Catawba,104,162841.0,Northern,400.2,2802.5,High,-81.2150705598,35.662042354,High
28469,4915,Pasquotank,104,40966.0,Coastal,178.8,2078.8,High,-76.2492413613,36.2650187228,High
28455,4824,Macon,104,37041.0,Western,71.8,2077.4,High,-83.4221767088,35.1504672096,High
28411,15337,Burke,104,88398.0,Western,173.0,1836.1,High,-81.7047784739,35.7496106399,High
28445,2736,Hertford,104,20374.0,Coastal,61.0,2281.6,High,-76.9807147831,36.3586360305,High
28405,2661,Avery,104,17347.0,Western,72.0,1003.4,High,-81.9226013745,36.0766050343,High
28424,13959,Craven,104,102568.0,Coastal,142.5,2112.3,High,-77.082003837,35.117685821,High
28488,538,Tyrrell,104,3315.0,Coastal,8.3,957.2,High,-76.1704523585,35.8694070017,High
28437,1297,Graham,104,7935.0,Western,27.5,8085.4,High,-83.833581803,35.350171951,High
28444,14773,Henderson,104,117429.0,Western,311.8,2039.7,High,-82.4799463782,35.3362263031,High
28479,25739,Rowan,104,148565.0,Northern,287.1,2292.8,High,-80.5247717485,35.6394734632,High
28420,2234,Chowan,104,13646.0,Coastal,79.4,1402.6,High,-76.6021303656,36.1265615389,High
28410,27180,Buncombe,104,271638.0,Western,410.4,3012.8,High,-82.5301070587,35.611177887,High
28472,5021,Person,104,39048.0,Eastern,99.7,1862.8,High,-78.9718051426,36.3900951244,Substantial
28494,6423,Watauga,104,54804.0,Northern,173.1,1191.8,High,-81.6964250718,36.2311062795,High
28414,1076,Camden,104,10537.0,Coastal,43.1,793.0,High,-76.1609504039,36.3411216216,High
28454,14571,Lincoln,104,88742.0,Central,293.4,1745.2,High,-81.2235326264,35.4855950234,High
28402,1580,Alleghany,104,11057.0,Northern,46.4,697.2,High,-81.1278593427,36.4912704378,Substantial
28467,11523,Orange,104,148331.0,Eastern,374.0,1991.9,High,-79.120649356,36.0611182361,Substantial
28464,28194,New Hanover,104,230423.0,Coastal,1174.0,2612.3,High,-77.865597569,34.1815553357,Substantial
28406,6893,Beaufort,104,44150.0,Coastal,53.6,2157.95,High,-76.8453144055,35.486983815,High
28487,3814,Transylvania,104,32825.0,Western,87.2,978.5,High,-82.7983001279,35.2021778635,Substantial
28477,24600,Robeson,104,115899.0,Coastal,123.0,5137.4,High,-79.1038649277,34.6402420514,High
28408,5385,Bladen,104,29171.0,Coastal,33.8,2578.5,High,-78.5636493115,34.6145873342,High
28423,9851,Columbus,104,49795.0,Coastal,54.0,2887.71,High,-78.6550308717,34.2656450828,High
28407,2424,Bertie,104,17302.0,Coastal,25.7,1594.6,High,-76.9667121404,36.0656302022,High
28498,5840,Yadkin,104,36925.0,Northern,111.1,1820.8,High,-80.6652439331,36.1605336919,High
28403,3758,Anson,104,22028.0,Central,41.5,2802.1,High,-80.102712026,34.9737894417,High
28400,25745,Alamance,104,175029.0,Northern,404.8,3065.6,High,-79.3994248175,36.0437098766,High
28485,11939,Surry,104,70573.0,Northern,134.0,1507.5,High,-80.6880779273,36.4148205561,High
28416,3117,Caswell,104,22400.0,Eastern,53.5,317.5,High,-79.3335234769,36.3932742158,High
28418,6589,Chatham,104,77095.0,Eastern,111.9,1456.0,High,-79.2552758614,35.7025721296,Substantial
28419,4579,Cherokee,104,28738.0,Western,63.2,3613.3,High,-84.063444228,35.1338574515,Substantial
28433,50390,Forsyth,104,387703.0,Northern,938.1,4129.5,High,-80.256300016,36.1306195485,High
28474,2254,Polk,104,19461.0,Western,81.3,1596.5,High,-82.1696779265,35.2792789622,High
28427,3656,Dare,104,37817.0,Coastal,96.3,1872.9,High,-75.6852333134,35.664936694,High
28468,1662,Pamlico,104,12215.0,Coastal,36.5,2321.5,High,-76.6694598427,35.151021226,High
28495,15494,Wayne,104,115895.0,Coastal,211.8,2813.0,High,-78.0039971272,35.3639599672,High
28460,1958,Mitchell,104,14783.0,Western,67.4,458.42,High,-82.1635815487,36.0132038869,High
28436,1047,Gates,104,10324.0,Coastal,30.8,750.9,High,-76.7005266521,36.4449435708,High
28442,17937,Harnett,104,134986.0,Eastern,224.5,2172.6,High,-78.8694125204,35.3686291614,High
28492,2311,Warren,104,18621.0,Eastern,43.4,2235.0,High,-78.1067171324,36.3965102811,High
28451,1292,Jones,104,9076.0,Coastal,19.5,0.0,High,-77.3551679748,35.0217248029,High
28497,12920,Wilson,104,79078.0,Coastal,214.3,2386.9,High,-77.9186629547,35.7051457145,High
28449,5472,Jackson,104,41919.0,Western,87.8,1864.6,High,-83.1408496187,35.2875866253,High
28421,1609,Clay,104,11238.0,Western,51.6,2288.34,High,-83.7501767115,35.0571811284,Substantial
28482,5610,Scotland,104,33662.0,Eastern,107.1,3528.0,High,-79.4804292418,34.8408848102,High
28491,127882,Wake,104,1154170.0,Eastern,1353.3,1846.0,High,-78.6503081729,35.7902443741,Substantial
28431,34333,Durham,104,331347.0,Eastern,1133.7,3966.0,High,-78.8765926949,36.0360299243,Substantial
28473,29036,Pitt,104,173536.0,Coastal,261.0,2238.9,High,-77.3744965519,35.5932989746,High
28448,28098,Iredell,104,192986.0,Northern,325.0,1866.4,High,-80.8734378255,35.8070259189,High
28484,5979,Stokes,104,44422.0,Northern,99.1,2146.85,High,-80.2395157151,36.4019040049,High
28422,17884,Cleveland,104,99332.0,Western,214.4,2001.7,High,-81.5555471412,35.3341018022,High
28499,2741,Yancey,104,18320.0,Western,59.1,557.0,High,-82.3076279784,35.8989479924,High
28450,31615,Johnston,104,224833.0,Coastal,272.7,1547.3,High,-78.3657109025,35.5178069265,High
28443,7192,Haywood,104,62831.0,Western,112.2,3591.8,High,-82.9821729698,35.5560557128,High
28452,9255,Lee,104,64360.0,Eastern,248.1,1631.1,High,-79.1714836119,35.4751864248,Substantial
28475,21108,Randolph,104,143325.0,Northern,184.3,1615.5,High,-79.8060069064,35.7103417044,High
28430,9711,Duplin,104,48249.0,Coastal,59.8,2911.6,High,-77.9330277459,34.9365348363,High
28459,153971,Mecklenburg,104,1128426.0,Central,2130.4,3736.1,High,-80.8327311406,35.2467670437,High
28466,27562,Onslow,104,207928.0,Coastal,268.4,2191.23,High,-77.4157658244,34.709836363,High
28465,2544,Northampton,104,16953.0,Eastern,32.6,2092.6,High,-77.3968212099,36.4177312434,High
28435,39027,Gaston,104,233387.0,Central,640.7,2912.4,High,-81.1802416273,35.2943489527,High
28415,8110,Carteret,104,69039.0,Coastal,133.3,1912.1,High,-76.5357430669,34.8612598084,High
28413,12951,Caldwell,104,81319.0,Northern,170.9,2504.8,High,-81.5464366451,35.9530379334,High
28426,2633,Currituck,104,29385.0,Coastal,107.3,1344.3,High,-75.936949201,36.3672994836,High
28481,10976,Sampson,104,58371.0,Coastal,62.4,2241.9,High,-78.3713906105,34.9915361594,High
28483,11356,Stanly,104,62143.0,Central,158.2,2425.2,High,-80.2509863077,35.3119550622,High
28438,7738,Granville,104,60720.0,Eastern,114.6,1466.3,High,-78.6527194252,36.3040698262,High
28470,8635,Pender,104,62250.0,Coastal,69.1,1461.9,High,-77.8884355846,34.5150997489,Substantial
28404,3354,Ashe,104,26506.0,Northern,62.3,1123.1,High,-81.5005211955,36.434424701,Substantial
28441,7661,Halifax,104,47859.0,Coastal,67.2,2754.7,High,-77.6517329831,36.2574485453,High
28458,8403,McDowell,104,44151.0,Western,101.3,2610.9,High,-82.0493124426,35.6816924709,High
28409,15841,Brunswick,104,144821.0,Coastal,160.8,1537.1,High,-78.2274071617,34.0388755841,High
28588,538,Tyrrell,105,3315.0,Coastal,8.3,957.2,High,-76.1704523585,35.8694070017,High
28505,2673,Avery,105,17347.0,Western,72.0,1003.4,High,-81.9226013745,36.0766050343,High
28583,11375,Stanly,105,62143.0,Central,158.2,2425.2,High,-80.2509863077,35.3119550622,High
28589,35502,Union,105,244960.0,Central,376.6,1582.3,High,-80.5307400446,34.9883574887,High
28595,15542,Wayne,105,115895.0,Coastal,211.8,2813.0,High,-78.0039971272,35.3639599672,High
28578,11597,Rockingham,105,90457.0,Northern,161.0,2130.4,High,-79.7749871967,36.3960127906,High
28511,15385,Burke,105,88398.0,Western,173.0,1836.1,High,-81.7047784739,35.7496106399,High
28574,2261,Polk,105,19461.0,Western,81.3,1596.5,High,-82.1696779265,35.2792789622,High
28513,12976,Caldwell,105,81319.0,Northern,170.9,2504.8,High,-81.5464366451,35.9530379334,High
28569,4940,Pasquotank,105,40966.0,Coastal,178.8,2078.8,High,-76.2492413613,36.2650187228,High
28500,25792,Alamance,105,175029.0,Northern,404.8,3065.6,High,-79.3994248175,36.0437098766,High
28598,5858,Yadkin,105,36925.0,Northern,111.1,1820.8,High,-80.6652439331,36.1605336919,High
28582,5619,Scotland,105,33662.0,Eastern,107.1,3528.0,High,-79.4804292418,34.8408848102,High
28571,1481,Perquimans,105,13049.0,Coastal,52.6,684.8,High,-76.4076199893,36.1772228503,High
28577,24637,Robeson,105,115899.0,Coastal,123.0,5137.4,High,-79.1038649277,34.6402420514,High
28504,3357,Ashe,105,26506.0,Northern,62.3,1123.1,High,-81.5005211955,36.434424701,Substantial
28572,5022,Person,105,39048.0,Eastern,99.7,1862.8,High,-78.9718051426,36.3900951244,Substantial
28591,128204,Wake,105,1154170.0,Eastern,1353.3,1846.0,High,-78.6503081729,35.7902443741,Substantial
28576,6992,Richmond,105,43006.0,Eastern,90.7,5508.4,High,-79.7477780226,35.0060483545,High
28512,32149,Cabarrus,105,232873.0,Central,625.1,1374.8,High,-80.5518508851,35.3867940405,High
28596,10350,Wilkes,105,65151.0,Northern,87.5,1887.3,High,-81.1633856618,36.2062757623,High
28501,6312,Alexander,105,36172.0,Northern,140.2,1440.7,High,-81.1770268506,35.9210263138,High
28581,11003,Sampson,105,58371.0,Coastal,62.4,2241.9,High,-78.3713906105,34.9915361594,High
28509,15873,Brunswick,105,144821.0,Coastal,160.8,1537.1,High,-78.2274071617,34.0388755841,High
28586,1927,Swain,105,14046.0,Western,26.8,3517.8,High,-83.4927393736,35.4868150519,High
28580,11103,Rutherford,105,63870.0,Western,114.0,2009.9,High,-81.9198334642,35.4025956291,High
28515,8144,Carteret,105,69039.0,Coastal,133.3,1912.1,High,-76.5357430669,34.8612598084,High
28570,8651,Pender,105,62250.0,Coastal,69.1,1461.9,High,-77.8884355846,34.5150997489,Substantial
28575,21166,Randolph,105,143325.0,Northern,184.3,1615.5,High,-79.8060069064,35.7103417044,High
28593,1553,Washington,105,10708.0,Coastal,31.8,1746.8,High,-76.5693098876,35.8392646425,High
28573,29097,Pitt,105,173536.0,Coastal,261.0,2238.9,High,-77.3744965519,35.5932989746,High
28507,2430,Bertie,105,17302.0,Coastal,25.7,1594.6,High,-76.9667121404,36.0656302022,High
28585,11982,Surry,105,70573.0,Northern,134.0,1507.5,High,-80.6880779273,36.4148205561,High
28587,3828,Transylvania,105,32825.0,Western,87.2,978.5,High,-82.7983001279,35.2021778635,Substantial
28506,6900,Beaufort,105,44150.0,Coastal,53.6,2157.95,High,-76.8453144055,35.486983815,High
28516,3123,Caswell,105,22400.0,Eastern,53.5,317.5,High,-79.3335234769,36.3932742158,High
28567,11550,Orange,105,148331.0,Eastern,374.0,1991.9,High,-79.120649356,36.0611182361,Substantial
28503,3765,Anson,105,22028.0,Central,41.5,2802.1,High,-80.102712026,34.9737894417,High
28502,1586,Alleghany,105,11057.0,Northern,46.4,697.2,High,-81.1278593427,36.4912704378,Substantial
28568,1676,Pamlico,105,12215.0,Coastal,36.5,2321.5,High,-76.6694598427,35.151021226,Substantial
28514,1078,Camden,105,10537.0,Coastal,43.1,793.0,High,-76.1609504039,36.3411216216,High
28590,6584,Vance,105,41665.0,Eastern,168.7,3584.5,High,-78.4079288849,36.3649169333,High
28594,6431,Watauga,105,54804.0,Northern,173.1,1191.8,High,-81.6964250718,36.2311062795,High
28592,2314,Warren,105,18621.0,Eastern,43.4,2235.0,High,-78.1067171324,36.3965102811,High
28597,12944,Wilson,105,79078.0,Coastal,214.3,2386.9,High,-77.9186629547,35.7051457145,High
28510,27296,Buncombe,105,271638.0,Western,410.4,3012.8,High,-82.5301070587,35.611177887,High
28579,25773,Rowan,105,148565.0,Northern,287.1,2292.8,High,-80.5247717485,35.6394734632,High
28584,5999,Stokes,105,44422.0,Northern,99.1,2146.85,High,-80.2395157151,36.4019040049,High
28508,5388,Bladen,105,29171.0,Coastal,33.8,2578.5,High,-78.5636493115,34.6145873342,High
28549,5480,Jackson,105,41919.0,Western,87.8,1864.6,High,-83.1408496187,35.2875866253,High
28517,27749,Catawba,105,162841.0,Northern,400.2,2802.5,High,-81.2150705598,35.662042354,High
28552,9267,Lee,105,64360.0,Eastern,248.1,1631.1,High,-79.1714836119,35.4751864248,Substantial
28525,43865,Cumberland,105,341793.0,Eastern,512.9,3748.5,High,-78.8275607671,35.048611942,High
28553,9334,Lenoir,105,54323.0,Coastal,138.1,3246.04,High,-77.6412486292,35.2387731611,High
28524,14006,Craven,105,102568.0,Coastal,142.5,2112.3,High,-77.082003837,35.117685821,High
28554,14597,Lincoln,105,88742.0,Central,293.4,1745.2,High,-81.2235326264,35.4855950234,High
28555,4832,Macon,105,37041.0,Western,71.8,2077.4,High,-83.4221767088,35.1504672096,High
28523,9871,Columbus,105,49795.0,Coastal,54.0,2887.71,High,-78.6550308717,34.2656450828,High
28556,2694,Madison,105,21146.0,Western,47.1,1247.6,High,-82.7057582627,35.8580358086,High
28557,3562,Martin,105,21503.0,Coastal,48.3,2717.4,High,-77.109232267,35.843213981,High
28522,17925,Cleveland,105,99332.0,Western,214.4,2001.7,High,-81.5555471412,35.3341018022,High
28558,8420,McDowell,105,44151.0,Western,101.3,2610.9,High,-82.0493124426,35.6816924709,High
28559,154206,Mecklenburg,105,1128426.0,Central,2130.4,3736.1,High,-80.8327311406,35.2467670437,High
28521,1620,Clay,105,11238.0,Western,51.6,2288.34,High,-83.7501767115,35.0571811284,Substantial
28560,1960,Mitchell,105,14783.0,Western,67.4,458.42,High,-82.1635815487,36.0132038869,High
28561,4419,Montgomery,105,25485.0,Eastern,52.4,2480.1,High,-79.9054790812,35.332466935,High
28520,2239,Chowan,105,13646.0,Coastal,79.4,1402.6,High,-76.6021303656,36.1265615389,High
28562,13339,Moore,105,102966.0,Eastern,142.9,1617.3,High,-79.4813744392,35.3106538555,High
28563,15079,Nash,105,96101.0,Coastal,175.7,1838.5,High,-77.9864448378,35.9672502839,Moderate
28519,4592,Cherokee,105,28738.0,Western,63.2,3613.3,High,-84.063444228,35.1338574515,Substantial
28564,28236,New Hanover,105,230423.0,Coastal,1174.0,2612.3,High,-77.865597569,34.1815553357,Substantial
28518,6604,Chatham,105,77095.0,Eastern,111.9,1456.0,High,-79.2552758614,35.7025721296,Substantial
28551,1292,Jones,105,9076.0,Coastal,19.5,0.0,High,-77.3551679748,35.0217248029,High
28565,2550,Northampton,105,16953.0,Eastern,32.6,2092.6,High,-77.3968212099,36.4177312434,Substantial
28550,31680,Johnston,105,224833.0,Coastal,272.7,1547.3,High,-78.3657109025,35.5178069265,High
28599,2743,Yancey,105,18320.0,Western,59.1,557.0,High,-82.3076279784,35.8989479924,High
28535,39114,Gaston,105,233387.0,Central,640.7,2912.4,High,-81.1802416273,35.2943489527,High
28534,9643,Franklin,105,70655.0,Eastern,139.4,1314.6,High,-78.2856965824,36.0827733527,High
28536,1054,Gates,105,10324.0,Coastal,30.8,750.9,High,-76.7005266521,36.4449435708,High
28537,1303,Graham,105,7935.0,Western,27.5,8085.4,High,-83.833581803,35.350171951,High
28533,50506,Forsyth,105,387703.0,Northern,938.1,4129.5,High,-80.256300016,36.1306195485,High
28538,7764,Granville,105,60720.0,Eastern,114.6,1466.3,High,-78.6527194252,36.3040698262,High
28539,3241,Greene,105,19978.0,Coastal,76.7,1640.3,High,-77.6757626742,35.4849957203,High
28532,7785,Edgecombe,105,48604.0,Coastal,96.7,2366.3,High,-77.5970588882,35.912880671,High
28540,66140,Guilford,105,545484.0,Northern,838.0,3371.1,High,-79.7889042685,36.0794717315,High
28541,7682,Halifax,105,47859.0,Coastal,67.2,2754.7,High,-77.6517329831,36.2574485453,High
28531,34392,Durham,105,331347.0,Eastern,1133.7,3966.0,High,-78.8765926949,36.0360299243,High
28542,17957,Harnett,105,134986.0,Eastern,224.5,2172.6,High,-78.8694125204,35.3686291614,High
28530,9733,Duplin,105,48249.0,Coastal,59.8,2911.6,High,-77.9330277459,34.9365348363,High
28543,7209,Haywood,105,62831.0,Western,112.2,3591.8,High,-82.9821729698,35.5560557128,High
28544,14818,Henderson,105,117429.0,Western,311.8,2039.7,High,-82.4799463782,35.3362263031,High
28529,6251,Davie,105,43127.0,Northern,162.0,1665.25,High,-80.5444636482,35.929110866,High
28545,2758,Hertford,105,20374.0,Coastal,61.0,2281.6,High,-76.9807147831,36.3586360305,High
28546,6975,Hoke,105,53783.0,Eastern,133.5,2028.14,High,-79.237290715,35.0175290075,High
28528,25245,Davidson,105,171752.0,Northern,305.4,1757.8,High,-80.2127487756,35.7933524917,High
28547,820,Hyde,105,4595.0,Coastal,7.5,0.0,High,-76.1449651093,35.4081187361,Low
28548,28148,Iredell,105,192986.0,Northern,325.0,1866.4,High,-80.8734378255,35.8070259189,High
28527,3668,Dare,105,37817.0,Coastal,96.3,1872.9,High,-75.6852333134,35.664936694,High
28566,27735,Onslow,105,207928.0,Coastal,268.4,2191.23,High,-77.4157658244,34.709836363,High
28526,2641,Currituck,105,29385.0,Coastal,107.3,1344.3,High,-75.936949201,36.3672994836,High
28674,2266,Polk,106,19461.0,Western,81.3,1596.5,High,-82.1696779265,35.2792789622,High
28627,3677,Dare,106,37817.0,Coastal,96.3,1872.9,High,-75.6852333134,35.664936694,High
28611,15425,Burke,106,88398.0,Western,173.0,1836.1,High,-81.7047784739,35.7496106399,High
28640,66300,Guilford,106,545484.0,Northern,838.0,3371.1,High,-79.7889042685,36.0794717315,High
28691,128440,Wake,106,1154170.0,Eastern,1353.3,1846.0,High,-78.6503081729,35.7902443741,High
28620,2244,Chowan,106,13646.0,Coastal,79.4,1402.6,High,-76.6021303656,36.1265615389,High
28632,7805,Edgecombe,106,48604.0,Coastal,96.7,2366.3,High,-77.5970588882,35.912880671,High
28685,12024,Surry,106,70573.0,Northern,134.0,1507.5,High,-80.6880779273,36.4148205561,High
28694,6460,Watauga,106,54804.0,Northern,173.1,1191.8,High,-81.6964250718,36.2311062795,High
28662,13375,Moore,106,102966.0,Eastern,142.9,1617.3,High,-79.4813744392,35.3106538555,High
28601,6342,Alexander,106,36172.0,Northern,140.2,1440.7,High,-81.1770268506,35.9210263138,High
28606,6921,Beaufort,106,44150.0,Coastal,53.6,2157.95,High,-76.8453144055,35.486983815,High
28663,15094,Nash,106,96101.0,Coastal,175.7,1838.5,High,-77.9864448378,35.9672502839,Moderate
28677,24661,Robeson,106,115899.0,Coastal,123.0,5137.4,High,-79.1038649277,34.6402420514,High
28673,29150,Pitt,106,173536.0,Coastal,261.0,2238.9,High,-77.3744965519,35.5932989746,High
28670,8695,Pender,106,62250.0,Coastal,69.1,1461.9,High,-77.8884355846,34.5150997489,Substantial
28644,14869,Henderson,106,117429.0,Western,311.8,2039.7,High,-82.4799463782,35.3362263031,High
28642,18009,Harnett,106,134986.0,Eastern,224.5,2172.6,High,-78.8694125204,35.3686291614,High
28607,2432,Bertie,106,17302.0,Coastal,25.7,1594.6,High,-76.9667121404,36.0656302022,High
28679,25827,Rowan,106,148565.0,Northern,287.1,2292.8,High,-80.5247717485,35.6394734632,High
28683,11393,Stanly,106,62143.0,Central,158.2,2425.2,High,-80.2509863077,35.3119550622,High
28633,50639,Forsyth,106,387703.0,Northern,938.1,4129.5,High,-80.256300016,36.1306195485,High
28657,3570,Martin,106,21503.0,Coastal,48.3,2717.4,High,-77.109232267,35.843213981,High
28638,7775,Granville,106,60720.0,Eastern,114.6,1466.3,High,-78.6527194252,36.3040698262,High
28687,3834,Transylvania,106,32825.0,Western,87.2,978.5,High,-82.7983001279,35.2021778635,Substantial
28692,2318,Warren,106,18621.0,Eastern,43.4,2235.0,High,-78.1067171324,36.3965102811,High
28649,5516,Jackson,106,41919.0,Western,87.8,1864.6,High,-83.1408496187,35.2875866253,High
28653,9355,Lenoir,106,54323.0,Coastal,138.1,3246.04,High,-77.6412486292,35.2387731611,High
28656,2711,Madison,106,21146.0,Western,47.1,1247.6,High,-82.7057582627,35.8580358086,High
28680,11160,Rutherford,106,63870.0,Western,114.0,2009.9,High,-81.9198334642,35.4025956291,High
28696,10370,Wilkes,106,65151.0,Northern,87.5,1887.3,High,-81.1633856618,36.2062757623,High
28650,31743,Johnston,106,224833.0,Coastal,272.7,1547.3,High,-78.3657109025,35.5178069265,High
28688,538,Tyrrell,106,3315.0,Coastal,8.3,957.2,High,-76.1704523585,35.8694070017,High
28655,4848,Macon,106,37041.0,Western,71.8,2077.4,High,-83.4221767088,35.1504672096,High
28668,1678,Pamlico,106,12215.0,Coastal,36.5,2321.5,High,-76.6694598427,35.151021226,Substantial
28610,27410,Buncombe,106,271638.0,Western,410.4,3012.8,High,-82.5301070587,35.611177887,High
28604,3372,Ashe,106,26506.0,Northern,62.3,1123.1,High,-81.5005211955,36.434424701,Substantial
28643,7237,Haywood,106,62831.0,Western,112.2,3591.8,High,-82.9821729698,35.5560557128,High
28630,9774,Duplin,106,48249.0,Coastal,59.8,2911.6,High,-77.9330277459,34.9365348363,High
28695,15585,Wayne,106,115895.0,Coastal,211.8,2813.0,High,-78.0039971272,35.3639599672,High
28684,6033,Stokes,106,44422.0,Northern,99.1,2146.85,High,-80.2395157151,36.4019040049,High
28600,25839,Alamance,106,175029.0,Northern,404.8,3065.6,High,-79.3994248175,36.0437098766,High
28672,5026,Person,106,39048.0,Eastern,99.7,1862.8,High,-78.9718051426,36.3900951244,Substantial
28615,8167,Carteret,106,69039.0,Coastal,133.3,1912.1,High,-76.5357430669,34.8612598084,High
28614,1080,Camden,106,10537.0,Coastal,43.1,793.0,High,-76.1609504039,36.3411216216,High
28646,6991,Hoke,106,53783.0,Eastern,133.5,2028.14,High,-79.237290715,35.0175290075,High
28654,14635,Lincoln,106,88742.0,Central,293.4,1745.2,High,-81.2235326264,35.4855950234,High
28608,5395,Bladen,106,29171.0,Coastal,33.8,2578.5,High,-78.5636493115,34.6145873342,High
28678,11657,Rockingham,106,90457.0,Northern,161.0,2130.4,High,-79.7749871967,36.3960127906,High
28669,4970,Pasquotank,106,40966.0,Coastal,178.8,2078.8,High,-76.2492413613,36.2650187228,High
28690,6611,Vance,106,41665.0,Eastern,168.7,3584.5,High,-78.4079288849,36.3649169333,High
28661,4427,Montgomery,106,25485.0,Eastern,52.4,2480.1,High,-79.9054790812,35.332466935,High
28666,27932,Onslow,106,207928.0,Coastal,268.4,2191.23,High,-77.4157658244,34.709836363,High
28624,14026,Craven,106,102568.0,Coastal,142.5,2112.3,High,-77.082003837,35.117685821,Substantial
28667,11574,Orange,106,148331.0,Eastern,374.0,1991.9,High,-79.120649356,36.0611182361,Substantial
28623,9881,Columbus,106,49795.0,Coastal,54.0,2887.71,High,-78.6550308717,34.2656450828,High
28637,1306,Graham,106,7935.0,Western,27.5,8085.4,High,-83.833581803,35.350171951,Substantial
28631,34392,Durham,106,331347.0,Eastern,1133.7,3966.0,Substantial,-78.8765926949,36.0360299243,Substantial
28617,27822,Catawba,106,162841.0,Northern,400.2,2802.5,High,-81.2150705598,35.662042354,High
28621,1627,Clay,106,11238.0,Western,51.6,2288.34,High,-83.7501767115,35.0571811284,Substantial
28628,25308,Davidson,106,171752.0,Northern,305.4,1757.8,High,-80.2127487756,35.7933524917,High
28652,9285,Lee,106,64360.0,Eastern,248.1,1631.1,High,-79.1714836119,35.4751864248,High
28647,822,Hyde,106,4595.0,Coastal,7.5,0.0,High,-76.1449651093,35.4081187361,Low
28609,15915,Brunswick,106,144821.0,Coastal,160.8,1537.1,High,-78.2274071617,34.0388755841,High
28665,2557,Northampton,106,16953.0,Eastern,32.6,2092.6,High,-77.3968212099,36.4177312434,Substantial
28675,21251,Randolph,106,143325.0,Northern,184.3,1615.5,High,-79.8060069064,35.7103417044,High
28686,1930,Swain,106,14046.0,Western,26.8,3517.8,High,-83.4927393736,35.4868150519,High
28697,12987,Wilson,106,79078.0,Coastal,214.3,2386.9,High,-77.9186629547,35.7051457145,High
28641,7715,Halifax,106,47859.0,Coastal,67.2,2754.7,High,-77.6517329831,36.2574485453,High
28660,1979,Mitchell,106,14783.0,Western,67.4,458.42,High,-82.1635815487,36.0132038869,High
28625,43989,Cumberland,106,341793.0,Eastern,512.9,3748.5,High,-78.8275607671,35.048611942,High
28603,3769,Anson,106,22028.0,Central,41.5,2802.1,High,-80.102712026,34.9737894417,High
28659,154435,Mecklenburg,106,1128426.0,Central,2130.4,3736.1,High,-80.8327311406,35.2467670437,High
28671,1488,Perquimans,106,13049.0,Coastal,52.6,684.8,High,-76.4076199893,36.1772228503,High
28634,9674,Franklin,106,70655.0,Eastern,139.4,1314.6,High,-78.2856965824,36.0827733527,High
28648,28210,Iredell,106,192986.0,Northern,325.0,1866.4,High,-80.8734378255,35.8070259189,High
28639,3251,Greene,106,19978.0,Coastal,76.7,1640.3,High,-77.6757626742,35.4849957203,High
28613,13004,Caldwell,106,81319.0,Northern,170.9,2504.8,High,-81.5464366451,35.9530379334,High
28699,2750,Yancey,106,18320.0,Western,59.1,557.0,High,-82.3076279784,35.8989479924,Moderate
28636,1056,Gates,106,10324.0,Coastal,30.8,750.9,High,-76.7005266521,36.4449435708,High
28635,39208,Gaston,106,233387.0,Central,640.7,2912.4,High,-81.1802416273,35.2943489527,High
28629,6269,Davie,106,43127.0,Northern,162.0,1665.25,High,-80.5444636482,35.929110866,High
28622,17991,Cleveland,106,99332.0,Western,214.4,2001.7,High,-81.5555471412,35.3341018022,High
28681,11040,Sampson,106,58371.0,Coastal,62.4,2241.9,High,-78.3713906105,34.9915361594,High
28664,28286,New Hanover,106,230423.0,Coastal,1174.0,2612.3,High,-77.865597569,34.1815553357,Substantial
28676,6999,Richmond,106,43006.0,Eastern,90.7,5508.4,High,-79.7477780226,35.0060483545,High
28658,8446,McDowell,106,44151.0,Western,101.3,2610.9,High,-82.0493124426,35.6816924709,High
28616,3134,Caswell,106,22400.0,Eastern,53.5,317.5,High,-79.3335234769,36.3932742158,High
28602,1589,Alleghany,106,11057.0,Northern,46.4,697.2,High,-81.1278593427,36.4912704378,Substantial
28605,2675,Avery,106,17347.0,Western,72.0,1003.4,High,-81.9226013745,36.0766050343,High
28651,1296,Jones,106,9076.0,Coastal,19.5,0.0,High,-77.3551679748,35.0217248029,High
28645,2765,Hertford,106,20374.0,Coastal,61.0,2281.6,High,-76.9807147831,36.3586360305,High
28619,4602,Cherokee,106,28738.0,Western,63.2,3613.3,High,-84.063444228,35.1338574515,Substantial
28682,5628,Scotland,106,33662.0,Eastern,107.1,3528.0,High,-79.4804292418,34.8408848102,High
28612,32215,Cabarrus,106,232873.0,Central,625.1,1374.8,High,-80.5518508851,35.3867940405,High
28618,6639,Chatham,106,77095.0,Eastern,111.9,1456.0,High,-79.2552758614,35.7025721296,Substantial
28693,1559,Washington,106,10708.0,Coastal,31.8,1746.8,High,-76.5693098876,35.8392646425,High
28698,5874,Yadkin,106,36925.0,Northern,111.1,1820.8,High,-80.6652439331,36.1605336919,High
28689,35570,Union,106,244960.0,Central,376.6,1582.3,High,-80.5307400446,34.9883574887,High
28626,2650,Currituck,106,29385.0,Coastal,107.3,1344.3,High,-75.936949201,36.3672994836,High
28754,14677,Lincoln,107,88742.0,Central,293.4,1745.2,High,-81.2235326264,35.4855950234,High
28715,8194,Carteret,107,69039.0,Coastal,133.3,1912.1,High,-76.5357430669,34.8612598084,High
28752,9299,Lee,107,64360.0,Eastern,248.1,1631.1,High,-79.1714836119,35.4751864248,High
28750,31817,Johnston,107,224833.0,Coastal,272.7,1547.3,High,-78.3657109025,35.5178069265,High
28771,1496,Perquimans,107,13049.0,Coastal,52.6,684.8,High,-76.4076199893,36.1772228503,High
28768,1681,Pamlico,107,12215.0,Coastal,36.5,2321.5,High,-76.6694598427,35.151021226,High
28772,5036,Person,107,39048.0,Eastern,99.7,1862.8,High,-78.9718051426,36.3900951244,Substantial
28710,27486,Buncombe,107,271638.0,Western,410.4,3012.8,High,-82.5301070587,35.611177887,High
28716,3138,Caswell,107,22400.0,Eastern,53.5,317.5,High,-79.3335234769,36.3932742158,Substantial
28738,7789,Granville,107,60720.0,Eastern,114.6,1466.3,High,-78.6527194252,36.3040698262,High
28774,2273,Polk,107,19461.0,Western,81.3,1596.5,High,-82.1696779265,35.2792789622,High
28725,44099,Cumberland,107,341793.0,Eastern,512.9,3748.5,High,-78.8275607671,35.048611942,High
28763,15116,Nash,107,96101.0,Coastal,175.7,1838.5,High,-77.9864448378,35.9672502839,Moderate
28790,6627,Vance,107,41665.0,Eastern,168.7,3584.5,High,-78.4079288849,36.3649169333,High
28753,9369,Lenoir,107,54323.0,Coastal,138.1,3246.04,High,-77.6412486292,35.2387731611,High
28726,2656,Currituck,107,29385.0,Coastal,107.3,1344.3,High,-75.936949201,36.3672994836,High
28733,50752,Forsyth,107,387703.0,Northern,938.1,4129.5,High,-80.256300016,36.1306195485,High
28744,14918,Henderson,107,117429.0,Western,311.8,2039.7,High,-82.4799463782,35.3362263031,High
28781,11069,Sampson,107,58371.0,Coastal,62.4,2241.9,High,-78.3713906105,34.9915361594,High
28751,1297,Jones,107,9076.0,Coastal,19.5,0.0,High,-77.3551679748,35.0217248029,High
28700,25869,Alamance,107,175029.0,Northern,404.8,3065.6,High,-79.3994248175,36.0437098766,High
28783,11421,Stanly,107,62143.0,Central,158.2,2425.2,High,-80.2509863077,35.3119550622,High
28718,6649,Chatham,107,77095.0,Eastern,111.9,1456.0,High,-79.2552758614,35.7025721296,Substantial
28747,822,Hyde,107,4595.0,Coastal,7.5,0.0,Substantial,-76.1449651093,35.4081187361,Moderate
28789,35655,Union,107,244960.0,Central,376.6,1582.3,High,-80.5307400446,34.9883574887,High
28729,6286,Davie,107,43127.0,Northern,162.0,1665.25,High,-80.5444636482,35.929110866,High
28762,13404,Moore,107,102966.0,Eastern,142.9,1617.3,High,-79.4813744392,35.3106538555,High
28767,11600,Orange,107,148331.0,Eastern,374.0,1991.9,High,-79.120649356,36.0611182361,Substantial
28794,6478,Watauga,107,54804.0,Northern,173.1,1191.8,High,-81.6964250718,36.2311062795,High
28732,7817,Edgecombe,107,48604.0,Coastal,96.7,2366.3,High,-77.5970588882,35.912880671,High
28720,2247,Chowan,107,13646.0,Coastal,79.4,1402.6,High,-76.6021303656,36.1265615389,High
28745,2787,Hertford,107,20374.0,Coastal,61.0,2281.6,High,-76.9807147831,36.3586360305,High
28765,2563,Northampton,107,16953.0,Eastern,32.6,2092.6,High,-77.3968212099,36.4177312434,Substantial
28717,27883,Catawba,107,162841.0,Northern,400.2,2802.5,High,-81.2150705598,35.662042354,High
28780,11191,Rutherford,107,63870.0,Western,114.0,2009.9,High,-81.9198334642,35.4025956291,High
28724,14051,Craven,107,102568.0,Coastal,142.5,2112.3,High,-77.082003837,35.117685821,Substantial
28708,5407,Bladen,107,29171.0,Coastal,33.8,2578.5,High,-78.5636493115,34.6145873342,High
28734,9701,Franklin,107,70655.0,Eastern,139.4,1314.6,High,-78.2856965824,36.0827733527,High
28709,15967,Brunswick,107,144821.0,Coastal,160.8,1537.1,High,-78.2274071617,34.0388755841,High
28788,542,Tyrrell,107,3315.0,Coastal,8.3,957.2,High,-76.1704523585,35.8694070017,High
28782,5636,Scotland,107,33662.0,Eastern,107.1,3528.0,High,-79.4804292418,34.8408848102,High
28743,7258,Haywood,107,62831.0,Western,112.2,3591.8,High,-82.9821729698,35.5560557128,High
28722,18044,Cleveland,107,99332.0,Western,214.4,2001.7,High,-81.5555471412,35.3341018022,High
28764,28341,New Hanover,107,230423.0,Coastal,1174.0,2612.3,High,-77.865597569,34.1815553357,Substantial
28776,7012,Richmond,107,43006.0,Eastern,90.7,5508.4,High,-79.7477780226,35.0060483545,High
28719,4613,Cherokee,107,28738.0,Western,63.2,3613.3,High,-84.063444228,35.1338574515,Substantial
28799,2751,Yancey,107,18320.0,Western,59.1,557.0,High,-82.3076279784,35.8989479924,High
28792,2322,Warren,107,18621.0,Eastern,43.4,2235.0,High,-78.1067171324,36.3965102811,High
28758,8461,McDowell,107,44151.0,Western,101.3,2610.9,High,-82.0493124426,35.6816924709,High
28787,3842,Transylvania,107,32825.0,Western,87.2,978.5,High,-82.7983001279,35.2021778635,Substantial
28737,1311,Graham,107,7935.0,Western,27.5,8085.4,High,-83.833581803,35.350171951,Substantial
28779,25869,Rowan,107,148565.0,Northern,287.1,2292.8,High,-80.5247717485,35.6394734632,High
28742,18056,Harnett,107,134986.0,Eastern,224.5,2172.6,High,-78.8694125204,35.3686291614,High
28707,2434,Bertie,107,17302.0,Coastal,25.7,1594.6,High,-76.9667121404,36.0656302022,High
28773,29209,Pitt,107,173536.0,Coastal,261.0,2238.9,High,-77.3744965519,35.5932989746,High
28777,24681,Robeson,107,115899.0,Coastal,123.0,5137.4,High,-79.1038649277,34.6402420514,High
28757,3578,Martin,107,21503.0,Coastal,48.3,2717.4,High,-77.109232267,35.843213981,High
28748,28258,Iredell,107,192986.0,Northern,325.0,1866.4,High,-80.8734378255,35.8070259189,High
28712,32263,Cabarrus,107,232873.0,Central,625.1,1374.8,High,-80.5518508851,35.3867940405,High
28735,39320,Gaston,107,233387.0,Central,640.7,2912.4,High,-81.1802416273,35.2943489527,High
28793,1560,Washington,107,10708.0,Coastal,31.8,1746.8,High,-76.5693098876,35.8392646425,High
28702,1590,Alleghany,107,11057.0,Northern,46.4,697.2,High,-81.1278593427,36.4912704378,Substantial
28798,5890,Yadkin,107,36925.0,Northern,111.1,1820.8,High,-80.6652439331,36.1605336919,High
28721,1634,Clay,107,11238.0,Western,51.6,2288.34,High,-83.7501767115,35.0571811284,Substantial
28786,1932,Swain,107,14046.0,Western,26.8,3517.8,High,-83.4927393736,35.4868150519,High
28760,1986,Mitchell,107,14783.0,Western,67.4,458.42,High,-82.1635815487,36.0132038869,High
28741,7739,Halifax,107,47859.0,Coastal,67.2,2754.7,High,-77.6517329831,36.2574485453,High
28739,3257,Greene,107,19978.0,Coastal,76.7,1640.3,High,-77.6757626742,35.4849957203,High
28713,13023,Caldwell,107,81319.0,Northern,170.9,2504.8,High,-81.5464366451,35.9530379334,High
28759,154718,Mecklenburg,107,1128426.0,Central,2130.4,3736.1,High,-80.8327311406,35.2467670437,High
28703,3781,Anson,107,22028.0,Central,41.5,2802.1,High,-80.102712026,34.9737894417,High
28797,13019,Wilson,107,79078.0,Coastal,214.3,2386.9,High,-77.9186629547,35.7051457145,High
28775,21297,Randolph,107,143325.0,Northern,184.3,1615.5,High,-79.8060069064,35.7103417044,High
28706,6934,Beaufort,107,44150.0,Coastal,53.6,2157.95,High,-76.8453144055,35.486983815,High
28728,25347,Davidson,107,171752.0,Northern,305.4,1757.8,High,-80.2127487756,35.7933524917,High
28770,8709,Pender,107,62250.0,Coastal,69.1,1461.9,High,-77.8884355846,34.5150997489,Substantial
28701,6353,Alexander,107,36172.0,Northern,140.2,1440.7,High,-81.1770268506,35.9210263138,High
28731,34435,Durham,107,331347.0,Eastern,1133.7,3966.0,Substantial,-78.8765926949,36.0360299243,Substantial
28755,4867,Macon,107,37041.0,Western,71.8,2077.4,High,-83.4221767088,35.1504672096,High
28795,15619,Wayne,107,115895.0,Coastal,211.8,2813.0,High,-78.0039971272,35.3639599672,High
28704,3381,Ashe,107,26506.0,Northern,62.3,1123.1,High,-81.5005211955,36.434424701,Substantial
28769,4994,Pasquotank,107,40966.0,Coastal,178.8,2078.8,High,-76.2492413613,36.2650187228,High
28784,6052,Stokes,107,44422.0,Northern,99.1,2146.85,High,-80.2395157151,36.4019040049,High
28749,5534,Jackson,107,41919.0,Western,87.8,1864.6,High,-83.1408496187,35.2875866253,High
28723,9894,Columbus,107,49795.0,Coastal,54.0,2887.71,High,-78.6550308717,34.2656450828,High
28746,7003,Hoke,107,53783.0,Eastern,133.5,2028.14,High,-79.237290715,35.0175290075,High
28756,2718,Madison,107,21146.0,Western,47.1,1247.6,High,-82.7057582627,35.8580358086,High
28766,28084,Onslow,107,207928.0,Coastal,268.4,2191.23,High,-77.4157658244,34.709836363,High
28730,9811,Duplin,107,48249.0,Coastal,59.8,2911.6,High,-77.9330277459,34.9365348363,High
28711,15474,Burke,107,88398.0,Western,173.0,1836.1,High,-81.7047784739,35.7496106399,High
28727,3683,Dare,107,37817.0,Coastal,96.3,1872.9,High,-75.6852333134,35.664936694,High
28791,128440,Wake,107,1154170.0,Eastern,1353.3,1846.0,High,-78.6503081729,35.7902443741,Substantial
28778,11705,Rockingham,107,90457.0,Northern,161.0,2130.4,High,-79.7749871967,36.3960127906,High
28796,10393,Wilkes,107,65151.0,Northern,87.5,1887.3,High,-81.1633856618,36.2062757623,High
28705,2675,Avery,107,17347.0,Western,72.0,1003.4,High,-81.9226013745,36.0766050343,Substantial
28714,1087,Camden,107,10537.0,Coastal,43.1,793.0,High,-76.1609504039,36.3411216216,High
28736,1059,Gates,107,10324.0,Coastal,30.8,750.9,High,-76.7005266521,36.4449435708,High
28785,12044,Surry,107,70573.0,Northern,134.0,1507.5,High,-80.6880779273,36.4148205561,High
28740,66455,Guilford,107,545484.0,Northern,838.0,3371.1,High,-79.7889042685,36.0794717315,High
28761,4438,Montgomery,107,25485.0,Eastern,52.4,2480.1,High,-79.9054790812,35.332466935,High
28834,9701,Franklin,108,70655.0,Eastern,139.4,1314.6,High,-78.2856965824,36.0827733527,High
28815,8194,Carteret,108,69039.0,Coastal,133.3,1912.1,High,-76.5357430669,34.8612598084,High
28870,8709,Pender,108,62250.0,Coastal,69.1,1461.9,High,-77.8884355846,34.5150997489,Substantial
28850,31817,Johnston,108,224833.0,Coastal,272.7,1547.3,High,-78.3657109025,35.5178069265,High
28895,15619,Wayne,108,115895.0,Coastal,211.8,2813.0,High,-78.0039971272,35.3639599672,High
28886,1932,Swain,108,14046.0,Western,26.8,3517.8,High,-83.4927393736,35.4868150519,High
28871,1496,Perquimans,108,13049.0,Coastal,52.6,684.8,High,-76.4076199893,36.1772228503,High
28845,2787,Hertford,108,20374.0,Coastal,61.0,2281.6,High,-76.9807147831,36.3586360305,High
28882,5636,Scotland,108,33662.0,Eastern,107.1,3528.0,High,-79.4804292418,34.8408848102,High
28898,5890,Yadkin,108,36925.0,Northern,111.1,1820.8,High,-80.6652439331,36.1605336919,High
28847,822,Hyde,108,4595.0,Coastal,7.5,0.0,Substantial,-76.1449651093,35.4081187361,Moderate
28888,542,Tyrrell,108,3315.0,Coastal,8.3,957.2,High,-76.1704523585,35.8694070017,High
28839,3257,Greene,108,19978.0,Coastal,76.7,1640.3,High,-77.6757626742,35.4849957203,High
28865,2563,Northampton,108,16953.0,Eastern,32.6,2092.6,High,-77.3968212099,36.4177312434,Substantial
28851,1297,Jones,108,9076.0,Coastal,19.5,0.0,High,-77.3551679748,35.0217248029,High
28884,6052,Stokes,108,44422.0,Northern,99.1,2146.85,High,-80.2395157151,36.4019040049,High
28846,7003,Hoke,108,53783.0,Eastern,133.5,2028.14,High,-79.237290715,35.0175290075,High
28827,3683,Dare,108,37817.0,Coastal,96.3,1872.9,High,-75.6852333134,35.664936694,High
28883,11421,Stanly,108,62143.0,Central,158.2,2425.2,High,-80.2509863077,35.3119550622,High
28807,2434,Bertie,108,17302.0,Coastal,25.7,1594.6,High,-76.9667121404,36.0656302022,High
28848,28258,Iredell,108,192986.0,Northern,325.0,1866.4,High,-80.8734378255,35.8070259189,High
28887,3842,Transylvania,108,32825.0,Western,87.2,978.5,High,-82.7983001279,35.2021778635,Substantial
28894,6478,Watauga,108,54804.0,Northern,173.1,1191.8,High,-81.6964250718,36.2311062795,High
28826,2656,Currituck,108,29385.0,Coastal,107.3,1344.3,High,-75.936949201,36.3672994836,High
28863,15116,Nash,108,96101.0,Coastal,175.7,1838.5,High,-77.9864448378,35.9672502839,Moderate
28819,4613,Cherokee,108,28738.0,Western,63.2,3613.3,High,-84.063444228,35.1338574515,Substantial
28808,5407,Bladen,108,29171.0,Coastal,33.8,2578.5,High,-78.5636493115,34.6145873342,High
28849,5534,Jackson,108,41919.0,Western,87.8,1864.6,High,-83.1408496187,35.2875866253,High
28869,4994,Pasquotank,108,40966.0,Coastal,178.8,2078.8,High,-76.2492413613,36.2650187228,High
28864,28341,New Hanover,108,230423.0,Coastal,1174.0,2612.3,High,-77.865597569,34.1815553357,Substantial
28818,6649,Chatham,108,77095.0,Eastern,111.9,1456.0,High,-79.2552758614,35.7025721296,Substantial
28885,12044,Surry,108,70573.0,Northern,134.0,1507.5,High,-80.6880779273,36.4148205561,High
28828,25347,Davidson,108,171752.0,Northern,305.4,1757.8,High,-80.2127487756,35.7933524917,High
28806,6934,Beaufort,108,44150.0,Coastal,53.6,2157.95,High,-76.8453144055,35.486983815,High
28899,2751,Yancey,108,18320.0,Western,59.1,557.0,High,-82.3076279784,35.8989479924,High
28802,1590,Alleghany,108,11057.0,Northern,46.4,697.2,High,-81.1278593427,36.4912704378,Substantial
28816,3138,Caswell,108,22400.0,Eastern,53.5,317.5,High,-79.3335234769,36.3932742158,Substantial
28822,18044,Cleveland,108,99332.0,Western,214.4,2001.7,High,-81.5555471412,35.3341018022,High
28830,9811,Duplin,108,48249.0,Coastal,59.8,2911.6,High,-77.9330277459,34.9365348363,High
28804,3381,Ashe,108,26506.0,Northern,62.3,1123.1,High,-81.5005211955,36.434424701,Substantial
28855,4867,Macon,108,37041.0,Western,71.8,2077.4,High,-83.4221767088,35.1504672096,High
28858,8461,McDowell,108,44151.0,Western,101.3,2610.9,High,-82.0493124426,35.6816924709,High
28896,10393,Wilkes,108,65151.0,Northern,87.5,1887.3,High,-81.1633856618,36.2062757623,High
28879,25869,Rowan,108,148565.0,Northern,287.1,2292.8,High,-80.5247717485,35.6394734632,High
28835,39320,Gaston,108,233387.0,Central,640.7,2912.4,High,-81.1802416273,35.2943489527,High
28810,27486,Buncombe,108,271638.0,Western,410.4,3012.8,High,-82.5301070587,35.611177887,High
28868,1681,Pamlico,108,12215.0,Coastal,36.5,2321.5,High,-76.6694598427,35.151021226,High
28812,32263,Cabarrus,108,232873.0,Central,625.1,1374.8,High,-80.5518508851,35.3867940405,High
28873,29209,Pitt,108,173536.0,Coastal,261.0,2238.9,High,-77.3744965519,35.5932989746,High
28875,21297,Randolph,108,143325.0,Northern,184.3,1615.5,High,-79.8060069064,35.7103417044,High
28854,14677,Lincoln,108,88742.0,Central,293.4,1745.2,High,-81.2235326264,35.4855950234,High
28890,6627,Vance,108,41665.0,Eastern,168.7,3584.5,High,-78.4079288849,36.3649169333,High
28814,1087,Camden,108,10537.0,Coastal,43.1,793.0,High,-76.1609504039,36.3411216216,High
28843,7258,Haywood,108,62831.0,Western,112.2,3591.8,High,-82.9821729698,35.5560557128,High
28876,7012,Richmond,108,43006.0,Eastern,90.7,5508.4,High,-79.7477780226,35.0060483545,High
28840,66455,Guilford,108,545484.0,Northern,838.0,3371.1,High,-79.7889042685,36.0794717315,High
28877,24681,Robeson,108,115899.0,Coastal,123.0,5137.4,High,-79.1038649277,34.6402420514,High
28842,18056,Harnett,108,134986.0,Eastern,224.5,2172.6,High,-78.8694125204,35.3686291614,High
28801,6353,Alexander,108,36172.0,Northern,140.2,1440.7,High,-81.1770268506,35.9210263138,High
28831,34435,Durham,108,331347.0,Eastern,1133.7,3966.0,Substantial,-78.8765926949,36.0360299243,Substantial
28836,1059,Gates,108,10324.0,Coastal,30.8,750.9,High,-76.7005266521,36.4449435708,High
28837,1311,Graham,108,7935.0,Western,27.5,8085.4,High,-83.833581803,35.350171951,Substantial
28857,3578,Martin,108,21503.0,Coastal,48.3,2717.4,High,-77.109232267,35.843213981,High
28891,128440,Wake,108,1154170.0,Eastern,1353.3,1846.0,High,-78.6503081729,35.7902443741,Substantial
28811,15474,Burke,108,88398.0,Western,173.0,1836.1,High,-81.7047784739,35.7496106399,High
28856,2718,Madison,108,21146.0,Western,47.1,1247.6,High,-82.7057582627,35.8580358086,High
28823,9894,Columbus,108,49795.0,Coastal,54.0,2887.71,High,-78.6550308717,34.2656450828,High
28892,2322,Warren,108,18621.0,Eastern,43.4,2235.0,High,-78.1067171324,36.3965102811,High
28866,28084,Onslow,108,207928.0,Coastal,268.4,2191.23,High,-77.4157658244,34.709836363,High
28861,4438,Montgomery,108,25485.0,Eastern,52.4,2480.1,High,-79.9054790812,35.332466935,High
28805,2675,Avery,108,17347.0,Western,72.0,1003.4,High,-81.9226013745,36.0766050343,Substantial
28878,11705,Rockingham,108,90457.0,Northern,161.0,2130.4,High,-79.7749871967,36.3960127906,High
28824,14051,Craven,108,102568.0,Coastal,142.5,2112.3,High,-77.082003837,35.117685821,Substantial
28872,5036,Person,108,39048.0,Eastern,99.7,1862.8,High,-78.9718051426,36.3900951244,Substantial
28859,154718,Mecklenburg,108,1128426.0,Central,2130.4,3736.1,High,-80.8327311406,35.2467670437,High
28817,27883,Catawba,108,162841.0,Northern,400.2,2802.5,High,-81.2150705598,35.662042354,High
28889,35655,Union,108,244960.0,Central,376.6,1582.3,High,-80.5307400446,34.9883574887,High
28809,15967,Brunswick,108,144821.0,Coastal,160.8,1537.1,High,-78.2274071617,34.0388755841,High
28897,13019,Wilson,108,79078.0,Coastal,214.3,2386.9,High,-77.9186629547,35.7051457145,High
28881,11069,Sampson,108,58371.0,Coastal,62.4,2241.9,High,-78.3713906105,34.9915361594,High
28803,3781,Anson,108,22028.0,Central,41.5,2802.1,High,-80.102712026,34.9737894417,High
28821,1634,Clay,108,11238.0,Western,51.6,2288.34,High,-83.7501767115,35.0571811284,Substantial
28825,44099,Cumberland,108,341793.0,Eastern,512.9,3748.5,High,-78.8275607671,35.048611942,High
28829,6286,Davie,108,43127.0,Northern,162.0,1665.25,High,-80.5444636482,35.929110866,High
28853,9369,Lenoir,108,54323.0,Coastal,138.1,3246.04,High,-77.6412486292,35.2387731611,High
28852,9299,Lee,108,64360.0,Eastern,248.1,1631.1,High,-79.1714836119,35.4751864248,High
28813,13023,Caldwell,108,81319.0,Northern,170.9,2504.8,High,-81.5464366451,35.9530379334,High
28833,50752,Forsyth,108,387703.0,Northern,938.1,4129.5,High,-80.256300016,36.1306195485,High
28844,14918,Henderson,108,117429.0,Western,311.8,2039.7,High,-82.4799463782,35.3362263031,High
28838,7789,Granville,108,60720.0,Eastern,114.6,1466.3,High,-78.6527194252,36.3040698262,High
28893,1560,Washington,108,10708.0,Coastal,31.8,1746.8,High,-76.5693098876,35.8392646425,High
28880,11191,Rutherford,108,63870.0,Western,114.0,2009.9,High,-81.9198334642,35.4025956291,High
28841,7739,Halifax,108,47859.0,Coastal,67.2,2754.7,High,-77.6517329831,36.2574485453,High
28820,2247,Chowan,108,13646.0,Coastal,79.4,1402.6,High,-76.6021303656,36.1265615389,High
28832,7817,Edgecombe,108,48604.0,Coastal,96.7,2366.3,High,-77.5970588882,35.912880671,High
28874,2273,Polk,108,19461.0,Western,81.3,1596.5,High,-82.1696779265,35.2792789622,High
28862,13404,Moore,108,102966.0,Eastern,142.9,1617.3,High,-79.4813744392,35.3106538555,High
28860,1986,Mitchell,108,14783.0,Western,67.4,458.42,High,-82.1635815487,36.0132038869,High
28867,11600,Orange,108,148331.0,Eastern,374.0,1991.9,High,-79.120649356,36.0611182361,Substantial
28800,25869,Alamance,108,175029.0,Northern,404.8,3065.6,High,-79.3994248175,36.0437098766,High
28919,4613,Cherokee,109,28738.0,Western,63.2,3613.3,High,-84.063444228,35.1338574515,Substantial
28947,822,Hyde,109,4595.0,Coastal,7.5,0.0,Substantial,-76.1449651093,35.4081187361,Moderate
28974,2273,Polk,109,19461.0,Western,81.3,1596.5,High,-82.1696779265,35.2792789622,High
28937,1311,Graham,109,7935.0,Western,27.5,8085.4,High,-83.833581803,35.350171951,Substantial
28948,28258,Iredell,109,192986.0,Northern,325.0,1866.4,High,-80.8734378255,35.8070259189,High
28986,1932,Swain,109,14046.0,Western,26.8,3517.8,High,-83.4927393736,35.4868150519,High
28957,3578,Martin,109,21503.0,Coastal,48.3,2717.4,High,-77.109232267,35.843213981,High
28976,7012,Richmond,109,43006.0,Eastern,90.7,5508.4,High,-79.7477780226,35.0060483545,High
28997,13019,Wilson,109,79078.0,Coastal,214.3,2386.9,High,-77.9186629547,35.7051457145,High
28917,27883,Catawba,109,162841.0,Northern,400.2,2802.5,High,-81.2150705598,35.662042354,High
28921,1634,Clay,109,11238.0,Western,51.6,2288.34,High,-83.7501767115,35.0571811284,Substantial
28922,18044,Cleveland,109,99332.0,Western,214.4,2001.7,High,-81.5555471412,35.3341018022,High
28913,13023,Caldwell,109,81319.0,Northern,170.9,2504.8,High,-81.5464366451,35.9530379334,High
28964,28341,New Hanover,109,230423.0,Coastal,1174.0,2612.3,High,-77.865597569,34.1815553357,Substantial
28939,3257,Greene,109,19978.0,Coastal,76.7,1640.3,High,-77.6757626742,35.4849957203,High
28958,8461,McDowell,109,44151.0,Western,101.3,2610.9,High,-82.0493124426,35.6816924709,High
28960,1986,Mitchell,109,14783.0,Western,67.4,458.42,High,-82.1635815487,36.0132038869,High
28912,32263,Cabarrus,109,232873.0,Central,625.1,1374.8,High,-80.5518508851,35.3867940405,High
28975,21297,Randolph,109,143325.0,Northern,184.3,1615.5,High,-79.8060069064,35.7103417044,High
28959,154718,Mecklenburg,109,1128426.0,Central,2130.4,3736.1,High,-80.8327311406,35.2467670437,High
28998,5890,Yadkin,109,36925.0,Northern,111.1,1820.8,High,-80.6652439331,36.1605336919,High
28973,29209,Pitt,109,173536.0,Coastal,261.0,2238.9,High,-77.3744965519,35.5932989746,High
28961,4438,Montgomery,109,25485.0,Eastern,52.4,2480.1,High,-79.9054790812,35.332466935,High
28977,24681,Robeson,109,115899.0,Coastal,123.0,5137.4,High,-79.1038649277,34.6402420514,High
28963,15116,Nash,109,96101.0,Coastal,175.7,1838.5,High,-77.9864448378,35.9672502839,Moderate
28924,14051,Craven,109,102568.0,Coastal,142.5,2112.3,High,-77.082003837,35.117685821,Substantial
28920,2247,Chowan,109,13646.0,Coastal,79.4,1402.6,High,-76.6021303656,36.1265615389,High
28967,11600,Orange,109,148331.0,Eastern,374.0,1991.9,High,-79.120649356,36.0611182361,Substantial
28983,11421,Stanly,109,62143.0,Central,158.2,2425.2,High,-80.2509863077,35.3119550622,High
28933,50752,Forsyth,109,387703.0,Northern,938.1,4129.5,High,-80.256300016,36.1306195485,High
28926,2656,Currituck,109,29385.0,Coastal,107.3,1344.3,High,-75.936949201,36.3672994836,High
28953,9369,Lenoir,109,54323.0,Coastal,138.1,3246.04,High,-77.6412486292,35.2387731611,High
28908,5407,Bladen,109,29171.0,Coastal,33.8,2578.5,High,-78.5636493115,34.6145873342,High
28925,44099,Cumberland,109,341793.0,Eastern,512.9,3748.5,High,-78.8275607671,35.048611942,High
28909,15967,Brunswick,109,144821.0,Coastal,160.8,1537.1,High,-78.2274071617,34.0388755841,High
28951,1297,Jones,109,9076.0,Coastal,19.5,0.0,High,-77.3551679748,35.0217248029,High
28900,25869,Alamance,109,175029.0,Northern,404.8,3065.6,High,-79.3994248175,36.0437098766,High
28934,9701,Franklin,109,70655.0,Eastern,139.4,1314.6,High,-78.2856965824,36.0827733527,High
28952,9299,Lee,109,64360.0,Eastern,248.1,1631.1,High,-79.1714836119,35.4751864248,High
28938,7789,Granville,109,60720.0,Eastern,114.6,1466.3,High,-78.6527194252,36.3040698262,High
28971,1496,Perquimans,109,13049.0,Coastal,52.6,684.8,High,-76.4076199893,36.1772228503,High
28982,5636,Scotland,109,33662.0,Eastern,107.1,3528.0,High,-79.4804292418,34.8408848102,High
28981,11069,Sampson,109,58371.0,Coastal,62.4,2241.9,High,-78.3713906105,34.9915361594,High
28907,2434,Bertie,109,17302.0,Coastal,25.7,1594.6,High,-76.9667121404,36.0656302022,High
28954,14677,Lincoln,109,88742.0,Central,293.4,1745.2,High,-81.2235326264,35.4855950234,High
28915,8194,Carteret,109,69039.0,Coastal,133.3,1912.1,High,-76.5357430669,34.8612598084,High
28970,8709,Pender,109,62250.0,Coastal,69.1,1461.9,High,-77.8884355846,34.5150997489,Substantial
28985,12044,Surry,109,70573.0,Northern,134.0,1507.5,High,-80.6880779273,36.4148205561,High
28901,6353,Alexander,109,36172.0,Northern,140.2,1440.7,High,-81.1770268506,35.9210263138,High
28936,1059,Gates,109,10324.0,Coastal,30.8,750.9,High,-76.7005266521,36.4449435708,High
28927,3683,Dare,109,37817.0,Coastal,96.3,1872.9,High,-75.6852333134,35.664936694,High
28911,15474,Burke,109,88398.0,Western,173.0,1836.1,High,-81.7047784739,35.7496106399,High
28956,2718,Madison,109,21146.0,Western,47.1,1247.6,High,-82.7057582627,35.8580358086,High
28923,9894,Columbus,109,49795.0,Coastal,54.0,2887.71,High,-78.6550308717,34.2656450828,High
28972,5036,Person,109,39048.0,Eastern,99.7,1862.8,High,-78.9718051426,36.3900951244,Substantial
28949,5534,Jackson,109,41919.0,Western,87.8,1864.6,High,-83.1408496187,35.2875866253,High
28984,6052,Stokes,109,44422.0,Northern,99.1,2146.85,High,-80.2395157151,36.4019040049,High
28914,1087,Camden,109,10537.0,Coastal,43.1,793.0,High,-76.1609504039,36.3411216216,High
28955,4867,Macon,109,37041.0,Western,71.8,2077.4,High,-83.4221767088,35.1504672096,High
28995,15619,Wayne,109,115895.0,Coastal,211.8,2813.0,High,-78.0039971272,35.3639599672,High
28996,10393,Wilkes,109,65151.0,Northern,87.5,1887.3,High,-81.1633856618,36.2062757623,High
28979,25869,Rowan,109,148565.0,Northern,287.1,2292.8,High,-80.5247717485,35.6394734632,High
28910,27486,Buncombe,109,271638.0,Western,410.4,3012.8,High,-82.5301070587,35.611177887,High
28950,31817,Johnston,109,224833.0,Coastal,272.7,1547.3,High,-78.3657109025,35.5178069265,High
28978,11705,Rockingham,109,90457.0,Northern,161.0,2130.4,High,-79.7749871967,36.3960127906,High
28962,13404,Moore,109,102966.0,Eastern,142.9,1617.3,High,-79.4813744392,35.3106538555,High
28980,11191,Rutherford,109,63870.0,Western,114.0,2009.9,High,-81.9198334642,35.4025956291,High
28905,2675,Avery,109,17347.0,Western,72.0,1003.4,High,-81.9226013745,36.0766050343,Substantial
28989,35655,Union,109,244960.0,Central,376.6,1582.3,High,-80.5307400446,34.9883574887,High
28916,3138,Caswell,109,22400.0,Eastern,53.5,317.5,High,-79.3335234769,36.3932742158,Substantial
28946,7003,Hoke,109,53783.0,Eastern,133.5,2028.14,High,-79.237290715,35.0175290075,High
28930,9811,Duplin,109,48249.0,Coastal,59.8,2911.6,High,-77.9330277459,34.9365348363,High
28904,3381,Ashe,109,26506.0,Northern,62.3,1123.1,High,-81.5005211955,36.434424701,Substantial
28969,4994,Pasquotank,109,40966.0,Coastal,178.8,2078.8,High,-76.2492413613,36.2650187228,High
28987,3842,Transylvania,109,32825.0,Western,87.2,978.5,High,-82.7983001279,35.2021778635,Substantial
28945,2787,Hertford,109,20374.0,Coastal,61.0,2281.6,High,-76.9807147831,36.3586360305,High
28991,128440,Wake,109,1154170.0,Eastern,1353.3,1846.0,High,-78.6503081729,35.7902443741,Substantial
28999,2751,Yancey,109,18320.0,Western,59.1,557.0,High,-82.3076279784,35.8989479924,High
28994,6478,Watauga,109,54804.0,Northern,173.1,1191.8,High,-81.6964250718,36.2311062795,High
28931,34435,Durham,109,331347.0,Eastern,1133.7,3966.0,Substantial,-78.8765926949,36.0360299243,Substantial
28929,6286,Davie,109,43127.0,Northern,162.0,1665.25,High,-80.5444636482,35.929110866,High
28943,7258,Haywood,109,62831.0,Western,112.2,3591.8,High,-82.9821729698,35.5560557128,High
28990,6627,Vance,109,41665.0,Eastern,168.7,3584.5,High,-78.4079288849,36.3649169333,High
28966,28084,Onslow,109,207928.0,Coastal,268.4,2191.23,High,-77.4157658244,34.709836363,High
28932,7817,Edgecombe,109,48604.0,Coastal,96.7,2366.3,High,-77.5970588882,35.912880671,High
28988,542,Tyrrell,109,3315.0,Coastal,8.3,957.2,High,-76.1704523585,35.8694070017,High
28965,2563,Northampton,109,16953.0,Eastern,32.6,2092.6,High,-77.3968212099,36.4177312434,Substantial
28918,6649,Chatham,109,77095.0,Eastern,111.9,1456.0,High,-79.2552758614,35.7025721296,Substantial
28935,39320,Gaston,109,233387.0,Central,640.7,2912.4,High,-81.1802416273,35.2943489527,High
28941,7739,Halifax,109,47859.0,Coastal,67.2,2754.7,High,-77.6517329831,36.2574485453,High
28902,1590,Alleghany,109,11057.0,Northern,46.4,697.2,High,-81.1278593427,36.4912704378,Substantial
28906,6934,Beaufort,109,44150.0,Coastal,53.6,2157.95,High,-76.8453144055,35.486983815,High
28993,1560,Washington,109,10708.0,Coastal,31.8,1746.8,High,-76.5693098876,35.8392646425,High
28968,1681,Pamlico,109,12215.0,Coastal,36.5,2321.5,High,-76.6694598427,35.151021226,High
28903,3781,Anson,109,22028.0,Central,41.5,2802.1,High,-80.102712026,34.9737894417,High
28992,2322,Warren,109,18621.0,Eastern,43.4,2235.0,High,-78.1067171324,36.3965102811,High
28942,18056,Harnett,109,134986.0,Eastern,224.5,2172.6,High,-78.8694125204,35.3686291614,High
28928,25347,Davidson,109,171752.0,Northern,305.4,1757.8,High,-80.2127487756,35.7933524917,High
28944,14918,Henderson,109,117429.0,Western,311.8,2039.7,High,-82.4799463782,35.3362263031,High
28940,66455,Guilford,109,545484.0,Northern,838.0,3371.1,High,-79.7889042685,36.0794717315,High
29027,3711,Dare,110,37817.0,Coastal,96.3,1872.9,High,-75.6852333134,35.664936694,High
29076,7029,Richmond,110,43006.0,Eastern,90.7,5508.4,High,-79.7477780226,35.0060483545,High
29025,44333,Cumberland,110,341793.0,Eastern,512.9,3748.5,High,-78.8275607671,35.048611942,High
29024,14123,Craven,110,102568.0,Coastal,142.5,2112.3,High,-77.082003837,35.117685821,Substantial
29002,1599,Alleghany,110,11057.0,Northern,46.4,697.2,High,-81.1278593427,36.4912704378,High
29059,155299,Mecklenburg,110,1128426.0,Central,2130.4,3736.1,High,-80.8327311406,35.2467670437,High
29046,7024,Hoke,110,53783.0,Eastern,133.5,2028.14,High,-79.237290715,35.0175290075,High
29090,6686,Vance,110,41665.0,Eastern,168.7,3584.5,High,-78.4079288849,36.3649169333,High
29085,12115,Surry,110,70573.0,Northern,134.0,1507.5,High,-80.6880779273,36.4148205561,High
29081,11132,Sampson,110,58371.0,Coastal,62.4,2241.9,High,-78.3713906105,34.9915361594,High
29026,2671,Currituck,110,29385.0,Coastal,107.3,1344.3,High,-75.936949201,36.3672994836,High
29018,6672,Chatham,110,77095.0,Eastern,111.9,1456.0,High,-79.2552758614,35.7025721296,Substantial
29070,8737,Pender,110,62250.0,Coastal,69.1,1461.9,High,-77.8884355846,34.5150997489,Moderate
29041,7786,Halifax,110,47859.0,Coastal,67.2,2754.7,High,-77.6517329831,36.2574485453,High
29072,5055,Person,110,39048.0,Eastern,99.7,1862.8,High,-78.9718051426,36.3900951244,Substantial
29077,24727,Robeson,110,115899.0,Coastal,123.0,5137.4,High,-79.1038649277,34.6402420514,High
29043,7312,Haywood,110,62831.0,Western,112.2,3591.8,High,-82.9821729698,35.5560557128,High
29083,11476,Stanly,110,62143.0,Central,158.2,2425.2,High,-80.2509863077,35.3119550622,High
29003,3798,Anson,110,22028.0,Central,41.5,2802.1,High,-80.102712026,34.9737894417,High
29069,5055,Pasquotank,110,40966.0,Coastal,178.8,2078.8,High,-76.2492413613,36.2650187228,High
29035,39524,Gaston,110,233387.0,Central,640.7,2912.4,High,-81.1802416273,35.2943489527,High
29001,6372,Alexander,110,36172.0,Northern,140.2,1440.7,High,-81.1770268506,35.9210263138,High
29008,5426,Bladen,110,29171.0,Coastal,33.8,2578.5,High,-78.5636493115,34.6145873342,Substantial
29012,32433,Cabarrus,110,232873.0,Central,625.1,1374.8,High,-80.5518508851,35.3867940405,High
29015,8227,Carteret,110,69039.0,Coastal,133.3,1912.1,High,-76.5357430669,34.8612598084,High
29091,129090,Wake,110,1154170.0,Eastern,1353.3,1846.0,High,-78.6503081729,35.7902443741,High
29058,8501,McDowell,110,44151.0,Western,101.3,2610.9,High,-82.0493124426,35.6816924709,High
29062,13469,Moore,110,102966.0,Eastern,142.9,1617.3,High,-79.4813744392,35.3106538555,High
29050,31918,Johnston,110,224833.0,Coastal,272.7,1547.3,High,-78.3657109025,35.5178069265,High
29088,544,Tyrrell,110,3315.0,Coastal,8.3,957.2,High,-76.1704523585,35.8694070017,High
29063,15167,Nash,110,96101.0,Coastal,175.7,1838.5,High,-77.9864448378,35.9672502839,Moderate
29032,7847,Edgecombe,110,48604.0,Coastal,96.7,2366.3,High,-77.5970588882,35.912880671,High
29011,15538,Burke,110,88398.0,Western,173.0,1836.1,High,-81.7047784739,35.7496106399,High
29036,1066,Gates,110,10324.0,Coastal,30.8,750.9,High,-76.7005266521,36.4449435708,Substantial
29099,2769,Yancey,110,18320.0,Western,59.1,557.0,High,-82.3076279784,35.8989479924,High
29045,2810,Hertford,110,20374.0,Coastal,61.0,2281.6,High,-76.9807147831,36.3586360305,Substantial
29094,6514,Watauga,110,54804.0,Northern,173.1,1191.8,High,-81.6964250718,36.2311062795,High
29020,2255,Chowan,110,13646.0,Coastal,79.4,1402.6,High,-76.6021303656,36.1265615389,Substantial
29075,21441,Randolph,110,143325.0,Northern,184.3,1615.5,High,-79.8060069064,35.7103417044,High
29084,6101,Stokes,110,44422.0,Northern,99.1,2146.85,High,-80.2395157151,36.4019040049,High
29044,14985,Henderson,110,117429.0,Western,311.8,2039.7,High,-82.4799463782,35.3362263031,High
29017,27976,Catawba,110,162841.0,Northern,400.2,2802.5,High,-81.2150705598,35.662042354,High
29022,18123,Cleveland,110,99332.0,Western,214.4,2001.7,High,-81.5555471412,35.3341018022,High
29080,11265,Rutherford,110,63870.0,Western,114.0,2009.9,High,-81.9198334642,35.4025956291,High
29051,1306,Jones,110,9076.0,Coastal,19.5,0.0,High,-77.3551679748,35.0217248029,High
29056,2731,Madison,110,21146.0,Western,47.1,1247.6,High,-82.7057582627,35.8580358086,High
29053,9386,Lenoir,110,54323.0,Coastal,138.1,3246.04,High,-77.6412486292,35.2387731611,Substantial
29049,5572,Jackson,110,41919.0,Western,87.8,1864.6,High,-83.1408496187,35.2875866253,High
29095,15794,Wayne,110,115895.0,Coastal,211.8,2813.0,High,-78.0039971272,35.3639599672,High
29060,1998,Mitchell,110,14783.0,Western,67.4,458.42,High,-82.1635815487,36.0132038869,High
29066,28373,Onslow,110,207928.0,Coastal,268.4,2191.23,High,-77.4157658244,34.709836363,High
29054,14771,Lincoln,110,88742.0,Central,293.4,1745.2,High,-81.2235326264,35.4855950234,High
29000,26005,Alamance,110,175029.0,Northern,404.8,3065.6,High,-79.3994248175,36.0437098766,High
29042,18157,Harnett,110,134986.0,Eastern,224.5,2172.6,High,-78.8694125204,35.3686291614,High
29013,13084,Caldwell,110,81319.0,Northern,170.9,2504.8,High,-81.5464366451,35.9530379334,High
29023,9939,Columbus,110,49795.0,Coastal,54.0,2887.71,High,-78.6550308717,34.2656450828,High
29006,6999,Beaufort,110,44150.0,Coastal,53.6,2157.95,High,-76.8453144055,35.486983815,High
29071,1506,Perquimans,110,13049.0,Coastal,52.6,684.8,High,-76.4076199893,36.1772228503,High
29039,3265,Greene,110,19978.0,Coastal,76.7,1640.3,High,-77.6757626742,35.4849957203,High
29031,34603,Durham,110,331347.0,Eastern,1133.7,3966.0,Substantial,-78.8765926949,36.0360299243,Substantial
29096,10430,Wilkes,110,65151.0,Northern,87.5,1887.3,High,-81.1633856618,36.2062757623,High
29078,11812,Rockingham,110,90457.0,Northern,161.0,2130.4,High,-79.7749871967,36.3960127906,High
29082,5651,Scotland,110,33662.0,Eastern,107.1,3528.0,High,-79.4804292418,34.8408848102,High
29097,13048,Wilson,110,79078.0,Coastal,214.3,2386.9,High,-77.9186629547,35.7051457145,High
29005,2699,Avery,110,17347.0,Western,72.0,1003.4,High,-81.9226013745,36.0766050343,Substantial
29064,28426,New Hanover,110,230423.0,Coastal,1174.0,2612.3,High,-77.865597569,34.1815553357,Substantial
29004,3403,Ashe,110,26506.0,Northern,62.3,1123.1,High,-81.5005211955,36.434424701,Substantial
29037,1317,Graham,110,7935.0,Western,27.5,8085.4,High,-83.833581803,35.350171951,Substantial
29098,5909,Yadkin,110,36925.0,Northern,111.1,1820.8,High,-80.6652439331,36.1605336919,High
29029,6315,Davie,110,43127.0,Northern,162.0,1665.25,High,-80.5444636482,35.929110866,High
29073,29301,Pitt,110,173536.0,Coastal,261.0,2238.9,High,-77.3744965519,35.5932989746,High
29086,1939,Swain,110,14046.0,Western,26.8,3517.8,High,-83.4927393736,35.4868150519,High
29038,7811,Granville,110,60720.0,Eastern,114.6,1466.3,High,-78.6527194252,36.3040698262,High
29074,2285,Polk,110,19461.0,Western,81.3,1596.5,High,-82.1696779265,35.2792789622,High
29093,1566,Washington,110,10708.0,Coastal,31.8,1746.8,High,-76.5693098876,35.8392646425,High
29014,1099,Camden,110,10537.0,Coastal,43.1,793.0,High,-76.1609504039,36.3411216216,High
29030,9839,Duplin,110,48249.0,Coastal,59.8,2911.6,High,-77.9330277459,34.9365348363,High
29016,3156,Caswell,110,22400.0,Eastern,53.5,317.5,High,-79.3335234769,36.3932742158,High
29047,824,Hyde,110,4595.0,Coastal,7.5,0.0,High,-76.1449651093,35.4081187361,Substantial
29052,9332,Lee,110,64360.0,Eastern,248.1,1631.1,High,-79.1714836119,35.4751864248,Substantial
29055,4884,Macon,110,37041.0,Western,71.8,2077.4,High,-83.4221767088,35.1504672096,High
29028,25458,Davidson,110,171752.0,Northern,305.4,1757.8,High,-80.2127487756,35.7933524917,High
29033,50993,Forsyth,110,387703.0,Northern,938.1,4129.5,High,-80.256300016,36.1306195485,High
29007,2442,Bertie,110,17302.0,Coastal,25.7,1594.6,High,-76.9667121404,36.0656302022,Substantial
29010,27658,Buncombe,110,271638.0,Western,410.4,3012.8,High,-82.5301070587,35.611177887,High
29092,2335,Warren,110,18621.0,Eastern,43.4,2235.0,High,-78.1067171324,36.3965102811,High
29021,1642,Clay,110,11238.0,Western,51.6,2288.34,High,-83.7501767115,35.0571811284,Substantial
29019,4621,Cherokee,110,28738.0,Western,63.2,3613.3,High,-84.063444228,35.1338574515,Moderate
29040,66809,Guilford,110,545484.0,Northern,838.0,3371.1,High,-79.7889042685,36.0794717315,High
29068,1694,Pamlico,110,12215.0,Coastal,36.5,2321.5,High,-76.6694598427,35.151021226,High
29087,3849,Transylvania,110,32825.0,Western,87.2,978.5,High,-82.7983001279,35.2021778635,Substantial
29061,4469,Montgomery,110,25485.0,Eastern,52.4,2480.1,High,-79.9054790812,35.332466935,High
29057,3593,Martin,110,21503.0,Coastal,48.3,2717.4,High,-77.109232267,35.843213981,High
29034,9745,Franklin,110,70655.0,Eastern,139.4,1314.6,High,-78.2856965824,36.0827733527,High
29079,25954,Rowan,110,148565.0,Northern,287.1,2292.8,High,-80.5247717485,35.6394734632,High
29009,16040,Brunswick,110,144821.0,Coastal,160.8,1537.1,High,-78.2274071617,34.0388755841,Substantial
29067,11675,Orange,110,148331.0,Eastern,374.0,1991.9,High,-79.120649356,36.0611182361,Substantial
29065,2577,Northampton,110,16953.0,Eastern,32.6,2092.6,High,-77.3968212099,36.4177312434,Moderate
29089,35785,Union,110,244960.0,Central,376.6,1582.3,High,-80.5307400446,34.9883574887,High
29048,28387,Iredell,110,192986.0,Northern,325.0,1866.4,High,-80.8734378255,35.8070259189,High
29163,15179,Nash,111,96101.0,Coastal,175.7,1838.5,High,-77.9864448378,35.9672502839,Substantial
29191,129144,Wake,111,1154170.0,Eastern,1353.3,1846.0,High,-78.6503081729,35.7902443741,High
29118,6675,Chatham,111,77095.0,Eastern,111.9,1456.0,High,-79.2552758614,35.7025721296,Substantial
29173,29316,Pitt,111,173536.0,Coastal,261.0,2238.9,High,-77.3744965519,35.5932989746,High
29183,11488,Stanly,111,62143.0,Central,158.2,2425.2,High,-80.2509863077,35.3119550622,High
29138,7825,Granville,111,60720.0,Eastern,114.6,1466.3,High,-78.6527194252,36.3040698262,High
29109,16055,Brunswick,111,144821.0,Coastal,160.8,1537.1,High,-78.2274071617,34.0388755841,Substantial
29108,5431,Bladen,111,29171.0,Coastal,33.8,2578.5,High,-78.5636493115,34.6145873342,High
29177,24740,Robeson,111,115899.0,Coastal,123.0,5137.4,High,-79.1038649277,34.6402420514,High
29116,3160,Caswell,111,22400.0,Eastern,53.5,317.5,High,-79.3335234769,36.3932742158,Substantial
29152,9333,Lee,111,64360.0,Eastern,248.1,1631.1,High,-79.1714836119,35.4751864248,Substantial
29151,1310,Jones,111,9076.0,Coastal,19.5,0.0,High,-77.3551679748,35.0217248029,High
29101,6375,Alexander,111,36172.0,Northern,140.2,1440.7,High,-81.1770268506,35.9210263138,High
29158,8506,McDowell,111,44151.0,Western,101.3,2610.9,High,-82.0493124426,35.6816924709,High
29135,39553,Gaston,111,233387.0,Central,640.7,2912.4,High,-81.1802416273,35.2943489527,High
29181,11134,Sampson,111,58371.0,Coastal,62.4,2241.9,High,-78.3713906105,34.9915361594,High
29157,3594,Martin,111,21503.0,Coastal,48.3,2717.4,High,-77.109232267,35.843213981,Substantial
29126,2673,Currituck,111,29385.0,Coastal,107.3,1344.3,High,-75.936949201,36.3672994836,High
29136,1071,Gates,111,10324.0,Coastal,30.8,750.9,High,-76.7005266521,36.4449435708,Moderate
29165,2581,Northampton,111,16953.0,Eastern,32.6,2092.6,High,-77.3968212099,36.4177312434,Moderate
29100,26034,Alamance,111,175029.0,Northern,404.8,3065.6,High,-79.3994248175,36.0437098766,High
29125,44378,Cumberland,111,341793.0,Eastern,512.9,3748.5,High,-78.8275607671,35.048611942,High
29144,15003,Henderson,111,117429.0,Western,311.8,2039.7,High,-82.4799463782,35.3362263031,High
29131,34603,Durham,111,331347.0,Eastern,1133.7,3966.0,Substantial,-78.8765926949,36.0360299243,Substantial
29192,2342,Warren,111,18621.0,Eastern,43.4,2235.0,High,-78.1067171324,36.3965102811,High
29122,18139,Cleveland,111,99332.0,Western,214.4,2001.7,High,-81.5555471412,35.3341018022,High
29137,1320,Graham,111,7935.0,Western,27.5,8085.4,High,-83.833581803,35.350171951,Substantial
29171,1508,Perquimans,111,13049.0,Coastal,52.6,684.8,High,-76.4076199893,36.1772228503,High
29153,9386,Lenoir,111,54323.0,Coastal,138.1,3246.04,High,-77.6412486292,35.2387731611,High
29134,9756,Franklin,111,70655.0,Eastern,139.4,1314.6,High,-78.2856965824,36.0827733527,High
29176,7035,Richmond,111,43006.0,Eastern,90.7,5508.4,High,-79.7477780226,35.0060483545,High
29142,18184,Harnett,111,134986.0,Eastern,224.5,2172.6,High,-78.8694125204,35.3686291614,High
29182,5654,Scotland,111,33662.0,Eastern,107.1,3528.0,High,-79.4804292418,34.8408848102,High
29189,35826,Union,111,244960.0,Central,376.6,1582.3,High,-80.5307400446,34.9883574887,High
29105,2700,Avery,111,17347.0,Western,72.0,1003.4,High,-81.9226013745,36.0766050343,Substantial
29194,6518,Watauga,111,54804.0,Northern,173.1,1191.8,High,-81.6964250718,36.2311062795,High
29129,6322,Davie,111,43127.0,Northern,162.0,1665.25,High,-80.5444636482,35.929110866,High
29117,27999,Catawba,111,162841.0,Northern,400.2,2802.5,High,-81.2150705598,35.662042354,High
29175,21480,Randolph,111,143325.0,Northern,184.3,1615.5,High,-79.8060069064,35.7103417044,High
29160,2002,Mitchell,111,14783.0,Western,67.4,458.42,High,-82.1635815487,36.0132038869,High
29161,4468,Montgomery,111,25485.0,Eastern,52.4,2480.1,High,-79.9054790812,35.332466935,High
29104,3407,Ashe,111,26506.0,Northern,62.3,1123.1,High,-81.5005211955,36.434424701,Substantial
29197,13070,Wilson,111,79078.0,Coastal,214.3,2386.9,High,-77.9186629547,35.7051457145,High
29146,7030,Hoke,111,53783.0,Eastern,133.5,2028.14,High,-79.237290715,35.0175290075,High
29185,12131,Surry,111,70573.0,Northern,134.0,1507.5,High,-80.6880779273,36.4148205561,High
29190,6699,Vance,111,41665.0,Eastern,168.7,3584.5,High,-78.4079288849,36.3649169333,High
29193,1567,Washington,111,10708.0,Coastal,31.8,1746.8,High,-76.5693098876,35.8392646425,High
29166,28463,Onslow,111,207928.0,Coastal,268.4,2191.23,High,-77.4157658244,34.709836363,High
29178,11841,Rockingham,111,90457.0,Northern,161.0,2130.4,High,-79.7749871967,36.3960127906,High
29196,10436,Wilkes,111,65151.0,Northern,87.5,1887.3,High,-81.1633856618,36.2062757623,High
29170,8751,Pender,111,62250.0,Coastal,69.1,1461.9,High,-77.8884355846,34.5150997489,Substantial
29168,1692,Pamlico,111,12215.0,Coastal,36.5,2321.5,High,-76.6694598427,35.151021226,High
29172,5053,Person,111,39048.0,Eastern,99.7,1862.8,Substantial,-78.9718051426,36.3900951244,Substantial
29139,3268,Greene,111,19978.0,Coastal,76.7,1640.3,High,-77.6757626742,35.4849957203,High
29133,51051,Forsyth,111,387703.0,Northern,938.1,4129.5,High,-80.256300016,36.1306195485,High
29154,14785,Lincoln,111,88742.0,Central,293.4,1745.2,High,-81.2235326264,35.4855950234,High
29107,2446,Bertie,111,17302.0,Coastal,25.7,1594.6,High,-76.9667121404,36.0656302022,High
29110,27698,Buncombe,111,271638.0,Western,410.4,3012.8,High,-82.5301070587,35.611177887,High
29121,1642,Clay,111,11238.0,Western,51.6,2288.34,High,-83.7501767115,35.0571811284,Substantial
29106,7014,Beaufort,111,44150.0,Coastal,53.6,2157.95,High,-76.8453144055,35.486983815,High
29148,28434,Iredell,111,192986.0,Northern,325.0,1866.4,High,-80.8734378255,35.8070259189,High
29187,3850,Transylvania,111,32825.0,Western,87.2,978.5,High,-82.7983001279,35.2021778635,Substantial
29123,9941,Columbus,111,49795.0,Coastal,54.0,2887.71,High,-78.6550308717,34.2656450828,High
29113,13099,Caldwell,111,81319.0,Northern,170.9,2504.8,High,-81.5464366451,35.9530379334,High
29140,66883,Guilford,111,545484.0,Northern,838.0,3371.1,High,-79.7889042685,36.0794717315,High
29119,4621,Cherokee,111,28738.0,Western,63.2,3613.3,High,-84.063444228,35.1338574515,Moderate
29167,11679,Orange,111,148331.0,Eastern,374.0,1991.9,High,-79.120649356,36.0611182361,Substantial
29179,25974,Rowan,111,148565.0,Northern,287.1,2292.8,High,-80.5247717485,35.6394734632,High
29128,25478,Davidson,111,171752.0,Northern,305.4,1757.8,High,-80.2127487756,35.7933524917,High
29143,7325,Haywood,111,62831.0,Western,112.2,3591.8,High,-82.9821729698,35.5560557128,High
29127,3718,Dare,111,37817.0,Coastal,96.3,1872.9,High,-75.6852333134,35.664936694,High
29159,155457,Mecklenburg,111,1128426.0,Central,2130.4,3736.1,High,-80.8327311406,35.2467670437,High
29155,4890,Macon,111,37041.0,Western,71.8,2077.4,High,-83.4221767088,35.1504672096,High
29102,1599,Alleghany,111,11057.0,Northern,46.4,697.2,High,-81.1278593427,36.4912704378,High
29147,824,Hyde,111,4595.0,Coastal,7.5,0.0,High,-76.1449651093,35.4081187361,Substantial
29150,31957,Johnston,111,224833.0,Coastal,272.7,1547.3,High,-78.3657109025,35.5178069265,High
29112,32462,Cabarrus,111,232873.0,Central,625.1,1374.8,High,-80.5518508851,35.3867940405,High
29115,8242,Carteret,111,69039.0,Coastal,133.3,1912.1,High,-76.5357430669,34.8612598084,High
29162,13485,Moore,111,102966.0,Eastern,142.9,1617.3,High,-79.4813744392,35.3106538555,High
29111,15549,Burke,111,88398.0,Western,173.0,1836.1,High,-81.7047784739,35.7496106399,High
29130,9852,Duplin,111,48249.0,Coastal,59.8,2911.6,High,-77.9330277459,34.9365348363,High
29188,544,Tyrrell,111,3315.0,Coastal,8.3,957.2,High,-76.1704523585,35.8694070017,High
29132,7848,Edgecombe,111,48604.0,Coastal,96.7,2366.3,High,-77.5970588882,35.912880671,High
29195,15823,Wayne,111,115895.0,Coastal,211.8,2813.0,High,-78.0039971272,35.3639599672,High
29141,7790,Halifax,111,47859.0,Coastal,67.2,2754.7,High,-77.6517329831,36.2574485453,High
29120,2259,Chowan,111,13646.0,Coastal,79.4,1402.6,High,-76.6021303656,36.1265615389,Substantial
29184,6107,Stokes,111,44422.0,Northern,99.1,2146.85,High,-80.2395157151,36.4019040049,High
29145,2812,Hertford,111,20374.0,Coastal,61.0,2281.6,High,-76.9807147831,36.3586360305,Substantial
29164,28443,New Hanover,111,230423.0,Coastal,1174.0,2612.3,High,-77.865597569,34.1815553357,Substantial
29180,11274,Rutherford,111,63870.0,Western,114.0,2009.9,High,-81.9198334642,35.4025956291,High
29186,1941,Swain,111,14046.0,Western,26.8,3517.8,High,-83.4927393736,35.4868150519,High
29124,14129,Craven,111,102568.0,Coastal,142.5,2112.3,High,-77.082003837,35.117685821,Substantial
29169,5062,Pasquotank,111,40966.0,Coastal,178.8,2078.8,High,-76.2492413613,36.2650187228,High
29103,3797,Anson,111,22028.0,Central,41.5,2802.1,High,-80.102712026,34.9737894417,High
29156,2737,Madison,111,21146.0,Western,47.1,1247.6,High,-82.7057582627,35.8580358086,High
29149,5581,Jackson,111,41919.0,Western,87.8,1864.6,High,-83.1408496187,35.2875866253,High
29114,1101,Camden,111,10537.0,Coastal,43.1,793.0,High,-76.1609504039,36.3411216216,High
29174,2290,Polk,111,19461.0,Western,81.3,1596.5,High,-82.1696779265,35.2792789622,High
29198,5917,Yadkin,111,36925.0,Northern,111.1,1820.8,High,-80.6652439331,36.1605336919,High
29199,2771,Yancey,111,18320.0,Western,59.1,557.0,High,-82.3076279784,35.8989479924,High
29255,4896,Macon,112,37041.0,Western,71.8,2077.4,High,-83.4221767088,35.1504672096,High
29261,4477,Montgomery,112,25485.0,Eastern,52.4,2480.1,High,-79.9054790812,35.332466935,High
29214,1111,Camden,112,10537.0,Coastal,43.1,793.0,High,-76.1609504039,36.3411216216,High
29278,11874,Rockingham,112,90457.0,Northern,161.0,2130.4,High,-79.7749871967,36.3960127906,High
29223,9960,Columbus,112,49795.0,Coastal,54.0,2887.71,High,-78.6550308717,34.2656450828,High
29229,6335,Davie,112,43127.0,Northern,162.0,1665.25,High,-80.5444636482,35.929110866,High
29296,10448,Wilkes,112,65151.0,Northern,87.5,1887.3,High,-81.1633856618,36.2062757623,High
29204,3409,Ashe,112,26506.0,Northern,62.3,1123.1,High,-81.5005211955,36.434424701,Substantial
29252,9347,Lee,112,64360.0,Eastern,248.1,1631.1,High,-79.1714836119,35.4751864248,Substantial
29230,9871,Duplin,112,48249.0,Coastal,59.8,2911.6,High,-77.9330277459,34.9365348363,High
29233,51135,Forsyth,112,387703.0,Northern,938.1,4129.5,High,-80.256300016,36.1306195485,High
29279,25993,Rowan,112,148565.0,Northern,287.1,2292.8,High,-80.5247717485,35.6394734632,High
29201,6386,Alexander,112,36172.0,Northern,140.2,1440.7,High,-81.1770268506,35.9210263138,High
29211,15575,Burke,112,88398.0,Western,173.0,1836.1,High,-81.7047784739,35.7496106399,High
29262,13502,Moore,112,102966.0,Eastern,142.9,1617.3,High,-79.4813744392,35.3106538555,Substantial
29232,7854,Edgecombe,112,48604.0,Coastal,96.7,2366.3,High,-77.5970588882,35.912880671,Substantial
29253,9390,Lenoir,112,54323.0,Coastal,138.1,3246.04,High,-77.6412486292,35.2387731611,Substantial
29220,2261,Chowan,112,13646.0,Coastal,79.4,1402.6,High,-76.6021303656,36.1265615389,Substantial
29280,11290,Rutherford,112,63870.0,Western,114.0,2009.9,High,-81.9198334642,35.4025956291,High
29256,2740,Madison,112,21146.0,Western,47.1,1247.6,High,-82.7057582627,35.8580358086,High
29244,15032,Henderson,112,117429.0,Western,311.8,2039.7,High,-82.4799463782,35.3362263031,High
29291,129540,Wake,112,1154170.0,Eastern,1353.3,1846.0,High,-78.6503081729,35.7902443741,Substantial
29224,14154,Craven,112,102568.0,Coastal,142.5,2112.3,High,-77.082003837,35.117685821,Substantial
29236,1073,Gates,112,10324.0,Coastal,30.8,750.9,High,-76.7005266521,36.4449435708,Substantial
29200,26072,Alamance,112,175029.0,Northern,404.8,3065.6,High,-79.3994248175,36.0437098766,High
29243,7336,Haywood,112,62831.0,Western,112.2,3591.8,High,-82.9821729698,35.5560557128,High
29289,35891,Union,112,244960.0,Central,376.6,1582.3,High,-80.5307400446,34.9883574887,High
29266,28639,Onslow,112,207928.0,Coastal,268.4,2191.23,High,-77.4157658244,34.709836363,High
29281,11159,Sampson,112,58371.0,Coastal,62.4,2241.9,High,-78.3713906105,34.9915361594,High
29277,24773,Robeson,112,115899.0,Coastal,123.0,5137.4,High,-79.1038649277,34.6402420514,High
29268,1703,Pamlico,112,12215.0,Coastal,36.5,2321.5,High,-76.6694598427,35.151021226,High
29272,5056,Person,112,39048.0,Eastern,99.7,1862.8,Substantial,-78.9718051426,36.3900951244,High
29209,16090,Brunswick,112,144821.0,Coastal,160.8,1537.1,High,-78.2274071617,34.0388755841,Substantial
29290,6719,Vance,112,41665.0,Eastern,168.7,3584.5,High,-78.4079288849,36.3649169333,High
29210,27756,Buncombe,112,271638.0,Western,410.4,3012.8,High,-82.5301070587,35.611177887,High
29240,66978,Guilford,112,545484.0,Northern,838.0,3371.1,High,-79.7889042685,36.0794717315,High
29254,14804,Lincoln,112,88742.0,Central,293.4,1745.2,High,-81.2235326264,35.4855950234,High
29242,18230,Harnett,112,134986.0,Eastern,224.5,2172.6,High,-78.8694125204,35.3686291614,High
29225,44531,Cumberland,112,341793.0,Eastern,512.9,3748.5,High,-78.8275607671,35.048611942,High
29273,29325,Pitt,112,173536.0,Coastal,261.0,2238.9,High,-77.3744965519,35.5932989746,High
29299,2777,Yancey,112,18320.0,Western,59.1,557.0,High,-82.3076279784,35.8989479924,High
29284,6122,Stokes,112,44422.0,Northern,99.1,2146.85,High,-80.2395157151,36.4019040049,High
29208,5433,Bladen,112,29171.0,Coastal,33.8,2578.5,High,-78.5636493115,34.6145873342,High
29287,3854,Transylvania,112,32825.0,Western,87.2,978.5,Substantial,-82.7983001279,35.2021778635,Substantial
29263,15199,Nash,112,96101.0,Coastal,175.7,1838.5,High,-77.9864448378,35.9672502839,Substantial
29235,39611,Gaston,112,233387.0,Central,640.7,2912.4,High,-81.1802416273,35.2943489527,High
29293,1567,Washington,112,10708.0,Coastal,31.8,1746.8,High,-76.5693098876,35.8392646425,High
29222,18177,Cleveland,112,99332.0,Western,214.4,2001.7,High,-81.5555471412,35.3341018022,High
29248,28471,Iredell,112,192986.0,Northern,325.0,1866.4,High,-80.8734378255,35.8070259189,High
29219,4622,Cherokee,112,28738.0,Western,63.2,3613.3,High,-84.063444228,35.1338574515,Moderate
29221,1646,Clay,112,11238.0,Western,51.6,2288.34,High,-83.7501767115,35.0571811284,Substantial
29283,11498,Stanly,112,62143.0,Central,158.2,2425.2,High,-80.2509863077,35.3119550622,High
29292,2349,Warren,112,18621.0,Eastern,43.4,2235.0,High,-78.1067171324,36.3965102811,High
29228,25517,Davidson,112,171752.0,Northern,305.4,1757.8,High,-80.2127487756,35.7933524917,High
29264,28479,New Hanover,112,230423.0,Coastal,1174.0,2612.3,High,-77.865597569,34.1815553357,Substantial
29205,2705,Avery,112,17347.0,Western,72.0,1003.4,High,-81.9226013745,36.0766050343,High
29276,7049,Richmond,112,43006.0,Eastern,90.7,5508.4,High,-79.7477780226,35.0060483545,High
29294,6527,Watauga,112,54804.0,Northern,173.1,1191.8,High,-81.6964250718,36.2311062795,High
29217,28043,Catawba,112,162841.0,Northern,400.2,2802.5,High,-81.2150705598,35.662042354,High
29207,2446,Bertie,112,17302.0,Coastal,25.7,1594.6,Substantial,-76.9667121404,36.0656302022,High
29260,2004,Mitchell,112,14783.0,Western,67.4,458.42,High,-82.1635815487,36.0132038869,High
29249,5586,Jackson,112,41919.0,Western,87.8,1864.6,High,-83.1408496187,35.2875866253,High
29275,21514,Randolph,112,143325.0,Northern,184.3,1615.5,High,-79.8060069064,35.7103417044,High
29269,5086,Pasquotank,112,40966.0,Coastal,178.8,2078.8,High,-76.2492413613,36.2650187228,High
29245,2815,Hertford,112,20374.0,Coastal,61.0,2281.6,High,-76.9807147831,36.3586360305,Substantial
29295,15877,Wayne,112,115895.0,Coastal,211.8,2813.0,High,-78.0039971272,35.3639599672,High
29241,7799,Halifax,112,47859.0,Coastal,67.2,2754.7,High,-77.6517329831,36.2574485453,High
29227,3723,Dare,112,37817.0,Coastal,96.3,1872.9,High,-75.6852333134,35.664936694,High
29259,155663,Mecklenburg,112,1128426.0,Central,2130.4,3736.1,High,-80.8327311406,35.2467670437,High
29288,545,Tyrrell,112,3315.0,Coastal,8.3,957.2,High,-76.1704523585,35.8694070017,High
29246,7045,Hoke,112,53783.0,Eastern,133.5,2028.14,High,-79.237290715,35.0175290075,Substantial
29212,32505,Cabarrus,112,232873.0,Central,625.1,1374.8,High,-80.5518508851,35.3867940405,High
29215,8269,Carteret,112,69039.0,Coastal,133.3,1912.1,High,-76.5357430669,34.8612598084,High
29250,32026,Johnston,112,224833.0,Coastal,272.7,1547.3,High,-78.3657109025,35.5178069265,Substantial
29270,8753,Pender,112,62250.0,Coastal,69.1,1461.9,High,-77.8884355846,34.5150997489,Substantial
29285,12167,Surry,112,70573.0,Northern,134.0,1507.5,High,-80.6880779273,36.4148205561,High
29258,8524,McDowell,112,44151.0,Western,101.3,2610.9,High,-82.0493124426,35.6816924709,High
29206,7031,Beaufort,112,44150.0,Coastal,53.6,2157.95,High,-76.8453144055,35.486983815,High
29203,3798,Anson,112,22028.0,Central,41.5,2802.1,High,-80.102712026,34.9737894417,High
29226,2682,Currituck,112,29385.0,Coastal,107.3,1344.3,High,-75.936949201,36.3672994836,High
29298,5924,Yadkin,112,36925.0,Northern,111.1,1820.8,High,-80.6652439331,36.1605336919,High
29282,5659,Scotland,112,33662.0,Eastern,107.1,3528.0,High,-79.4804292418,34.8408848102,High
29231,34603,Durham,112,331347.0,Eastern,1133.7,3966.0,Substantial,-78.8765926949,36.0360299243,Substantial
29234,9785,Franklin,112,70655.0,Eastern,139.4,1314.6,High,-78.2856965824,36.0827733527,High
29274,2297,Polk,112,19461.0,Western,81.3,1596.5,High,-82.1696779265,35.2792789622,High
29271,1511,Perquimans,112,13049.0,Coastal,52.6,684.8,High,-76.4076199893,36.1772228503,High
29257,3598,Martin,112,21503.0,Coastal,48.3,2717.4,High,-77.109232267,35.843213981,Substantial
29237,1321,Graham,112,7935.0,Western,27.5,8085.4,High,-83.833581803,35.350171951,Substantial
29297,13095,Wilson,112,79078.0,Coastal,214.3,2386.9,High,-77.9186629547,35.7051457145,High
29286,1943,Swain,112,14046.0,Western,26.8,3517.8,High,-83.4927393736,35.4868150519,High
29251,1313,Jones,112,9076.0,Coastal,19.5,0.0,High,-77.3551679748,35.0217248029,High
29238,7838,Granville,112,60720.0,Eastern,114.6,1466.3,High,-78.6527194252,36.3040698262,High
29216,3165,Caswell,112,22400.0,Eastern,53.5,317.5,High,-79.3335234769,36.3932742158,Substantial
29265,2584,Northampton,112,16953.0,Eastern,32.6,2092.6,High,-77.3968212099,36.4177312434,Moderate
29202,1599,Alleghany,112,11057.0,Northern,46.4,697.2,High,-81.1278593427,36.4912704378,High
29247,825,Hyde,112,4595.0,Coastal,7.5,0.0,High,-76.1449651093,35.4081187361,Substantial
29267,11701,Orange,112,148331.0,Eastern,374.0,1991.9,High,-79.120649356,36.0611182361,Substantial
29218,6682,Chatham,112,77095.0,Eastern,111.9,1456.0,High,-79.2552758614,35.7025721296,Substantial
29239,3269,Greene,112,19978.0,Coastal,76.7,1640.3,High,-77.6757626742,35.4849957203,High
29213,13121,Caldwell,112,81319.0,Northern,170.9,2504.8,High,-81.5464366451,35.9530379334,High
29369,5131,Pasquotank,113,40966.0,Coastal,178.8,2078.8,High,-76.2492413613,36.2650187228,High
29343,7359,Haywood,113,62831.0,Western,112.2,3591.8,High,-82.9821729698,35.5560557128,High
29340,67150,Guilford,113,545484.0,Northern,838.0,3371.1,High,-79.7889042685,36.0794717315,High
29368,1705,Pamlico,113,12215.0,Coastal,36.5,2321.5,High,-76.6694598427,35.151021226,High
29370,8766,Pender,113,62250.0,Coastal,69.1,1461.9,High,-77.8884355846,34.5150997489,Substantial
29366,28846,Onslow,113,207928.0,Coastal,268.4,2191.23,High,-77.4157658244,34.709836363,High
29378,11931,Rockingham,113,90457.0,Northern,161.0,2130.4,High,-79.7749871967,36.3960127906,High
29324,14177,Craven,113,102568.0,Coastal,142.5,2112.3,High,-77.082003837,35.117685821,Substantial
29302,1604,Alleghany,113,11057.0,Northern,46.4,697.2,High,-81.1278593427,36.4912704378,Substantial
29346,7063,Hoke,113,53783.0,Eastern,133.5,2028.14,High,-79.237290715,35.0175290075,Substantial
29314,1118,Camden,113,10537.0,Coastal,43.1,793.0,High,-76.1609504039,36.3411216216,High
29341,7820,Halifax,113,47859.0,Coastal,67.2,2754.7,High,-77.6517329831,36.2574485453,High
29347,825,Hyde,113,4595.0,Coastal,7.5,0.0,Substantial,-76.1449651093,35.4081187361,High
29360,2018,Mitchell,113,14783.0,Western,67.4,458.42,High,-82.1635815487,36.0132038869,High
29386,1943,Swain,113,14046.0,Western,26.8,3517.8,Substantial,-83.4927393736,35.4868150519,High
29359,155881,Mecklenburg,113,1128426.0,Central,2130.4,3736.1,High,-80.8327311406,35.2467670437,Substantial
29327,3746,Dare,113,37817.0,Coastal,96.3,1872.9,High,-75.6852333134,35.664936694,High
29307,2451,Bertie,113,17302.0,Coastal,25.7,1594.6,High,-76.9667121404,36.0656302022,High
29372,5064,Person,113,39048.0,Eastern,99.7,1862.8,Substantial,-78.9718051426,36.3900951244,Substantial
29306,7061,Beaufort,113,44150.0,Coastal,53.6,2157.95,High,-76.8453144055,35.486983815,High
29354,14830,Lincoln,113,88742.0,Central,293.4,1745.2,High,-81.2235326264,35.4855950234,High
29304,3415,Ashe,113,26506.0,Northern,62.3,1123.1,High,-81.5005211955,36.434424701,Substantial
29361,4489,Montgomery,113,25485.0,Eastern,52.4,2480.1,High,-79.9054790812,35.332466935,High
29364,28505,New Hanover,113,230423.0,Coastal,1174.0,2612.3,Substantial,-77.865597569,34.1815553357,Substantial
29328,25564,Davidson,113,171752.0,Northern,305.4,1757.8,High,-80.2127487756,35.7933524917,High
29379,26020,Rowan,113,148565.0,Northern,287.1,2292.8,High,-80.5247717485,35.6394734632,High
29339,3283,Greene,113,19978.0,Coastal,76.7,1640.3,High,-77.6757626742,35.4849957203,High
29349,5598,Jackson,113,41919.0,Western,87.8,1864.6,High,-83.1408496187,35.2875866253,High
29313,13144,Caldwell,113,81319.0,Northern,170.9,2504.8,High,-81.5464366451,35.9530379334,High
29396,10465,Wilkes,113,65151.0,Northern,87.5,1887.3,High,-81.1633856618,36.2062757623,High
29385,12210,Surry,113,70573.0,Northern,134.0,1507.5,High,-80.6880779273,36.4148205561,High
29319,4623,Cherokee,113,28738.0,Western,63.2,3613.3,Substantial,-84.063444228,35.1338574515,Moderate
29348,28518,Iredell,113,192986.0,Northern,325.0,1866.4,High,-80.8734378255,35.8070259189,High
29310,27813,Buncombe,113,271638.0,Western,410.4,3012.8,High,-82.5301070587,35.611177887,High
29397,13114,Wilson,113,79078.0,Coastal,214.3,2386.9,High,-77.9186629547,35.7051457145,High
29374,2305,Polk,113,19461.0,Western,81.3,1596.5,High,-82.1696779265,35.2792789622,High
29387,3857,Transylvania,113,32825.0,Western,87.2,978.5,Substantial,-82.7983001279,35.2021778635,Substantial
29390,6726,Vance,113,41665.0,Eastern,168.7,3584.5,High,-78.4079288849,36.3649169333,High
29393,1568,Washington,113,10708.0,Coastal,31.8,1746.8,Substantial,-76.5693098876,35.8392646425,High
29398,5935,Yadkin,113,36925.0,Northern,111.1,1820.8,High,-80.6652439331,36.1605336919,High
29355,4911,Macon,113,37041.0,Western,71.8,2077.4,High,-83.4221767088,35.1504672096,High
29323,9989,Columbus,113,49795.0,Coastal,54.0,2887.71,High,-78.6550308717,34.2656450828,High
29331,34694,Durham,113,331347.0,Eastern,1133.7,3966.0,Substantial,-78.8765926949,36.0360299243,Substantial
29399,2792,Yancey,113,18320.0,Western,59.1,557.0,High,-82.3076279784,35.8989479924,High
29321,1646,Clay,113,11238.0,Western,51.6,2288.34,High,-83.7501767115,35.0571811284,Moderate
29373,29390,Pitt,113,173536.0,Coastal,261.0,2238.9,High,-77.3744965519,35.5932989746,High
29344,15055,Henderson,113,117429.0,Western,311.8,2039.7,High,-82.4799463782,35.3362263031,High
29318,6697,Chatham,113,77095.0,Eastern,111.9,1456.0,Substantial,-79.2552758614,35.7025721296,Substantial
29394,6549,Watauga,113,54804.0,Northern,173.1,1191.8,High,-81.6964250718,36.2311062795,High
29330,9891,Duplin,113,48249.0,Coastal,59.8,2911.6,High,-77.9330277459,34.9365348363,High
29308,5439,Bladen,113,29171.0,Coastal,33.8,2578.5,High,-78.5636493115,34.6145873342,Substantial
29363,15212,Nash,113,96101.0,Coastal,175.7,1838.5,High,-77.9864448378,35.9672502839,Substantial
29357,3609,Martin,113,21503.0,Coastal,48.3,2717.4,High,-77.109232267,35.843213981,Substantial
29353,9409,Lenoir,113,54323.0,Coastal,138.1,3246.04,Substantial,-77.6412486292,35.2387731611,Substantial
29335,39665,Gaston,113,233387.0,Central,640.7,2912.4,High,-81.1802416273,35.2943489527,Substantial
29322,18215,Cleveland,113,99332.0,Western,214.4,2001.7,High,-81.5555471412,35.3341018022,High
29351,1314,Jones,113,9076.0,Coastal,19.5,0.0,High,-77.3551679748,35.0217248029,High
29303,3799,Anson,113,22028.0,Central,41.5,2802.1,High,-80.102712026,34.9737894417,High
29334,9807,Franklin,113,70655.0,Eastern,139.4,1314.6,High,-78.2856965824,36.0827733527,High
29392,2347,Warren,113,18621.0,Eastern,43.4,2235.0,High,-78.1067171324,36.3965102811,High
29336,1076,Gates,113,10324.0,Coastal,30.8,750.9,High,-76.7005266521,36.4449435708,High
29309,16115,Brunswick,113,144821.0,Coastal,160.8,1537.1,High,-78.2274071617,34.0388755841,Substantial
29305,2711,Avery,113,17347.0,Western,72.0,1003.4,High,-81.9226013745,36.0766050343,High
29391,129589,Wake,113,1154170.0,Eastern,1353.3,1846.0,Substantial,-78.6503081729,35.7902443741,Moderate
29300,26115,Alamance,113,175029.0,Northern,404.8,3065.6,High,-79.3994248175,36.0437098766,High
29342,18276,Harnett,113,134986.0,Eastern,224.5,2172.6,High,-78.8694125204,35.3686291614,High
29389,35964,Union,113,244960.0,Central,376.6,1582.3,High,-80.5307400446,34.9883574887,High
29376,7054,Richmond,113,43006.0,Eastern,90.7,5508.4,High,-79.7477780226,35.0060483545,High
29326,2695,Currituck,113,29385.0,Coastal,107.3,1344.3,High,-75.936949201,36.3672994836,High
29367,11716,Orange,113,148331.0,Eastern,374.0,1991.9,Substantial,-79.120649356,36.0611182361,Substantial
29377,24814,Robeson,113,115899.0,Coastal,123.0,5137.4,High,-79.1038649277,34.6402420514,High
29383,11531,Stanly,113,62143.0,Central,158.2,2425.2,High,-80.2509863077,35.3119550622,High
29382,5674,Scotland,113,33662.0,Eastern,107.1,3528.0,High,-79.4804292418,34.8408848102,High
29358,8541,McDowell,113,44151.0,Western,101.3,2610.9,High,-82.0493124426,35.6816924709,Substantial
29350,32092,Johnston,113,224833.0,Coastal,272.7,1547.3,High,-78.3657109025,35.5178069265,Substantial
29384,6146,Stokes,113,44422.0,Northern,99.1,2146.85,High,-80.2395157151,36.4019040049,High
29380,11320,Rutherford,113,63870.0,Western,114.0,2009.9,High,-81.9198334642,35.4025956291,High
29356,2742,Madison,113,21146.0,Western,47.1,1247.6,High,-82.7057582627,35.8580358086,High
29325,44682,Cumberland,113,341793.0,Eastern,512.9,3748.5,High,-78.8275607671,35.048611942,High
29320,2270,Chowan,113,13646.0,Coastal,79.4,1402.6,High,-76.6021303656,36.1265615389,Substantial
29316,3166,Caswell,113,22400.0,Eastern,53.5,317.5,High,-79.3335234769,36.3932742158,High
29345,2823,Hertford,113,20374.0,Coastal,61.0,2281.6,High,-76.9807147831,36.3586360305,Moderate
29395,15945,Wayne,113,115895.0,Coastal,211.8,2813.0,High,-78.0039971272,35.3639599672,High
29317,28086,Catawba,113,162841.0,Northern,400.2,2802.5,High,-81.2150705598,35.662042354,High
29375,21563,Randolph,113,143325.0,Northern,184.3,1615.5,High,-79.8060069064,35.7103417044,High
29333,51239,Forsyth,113,387703.0,Northern,938.1,4129.5,High,-80.256300016,36.1306195485,High
29352,9353,Lee,113,64360.0,Eastern,248.1,1631.1,High,-79.1714836119,35.4751864248,Substantial
29332,7870,Edgecombe,113,48604.0,Coastal,96.7,2366.3,High,-77.5970588882,35.912880671,Substantial
29337,1323,Graham,113,7935.0,Western,27.5,8085.4,High,-83.833581803,35.350171951,Moderate
29311,15605,Burke,113,88398.0,Western,173.0,1836.1,High,-81.7047784739,35.7496106399,High
29301,6404,Alexander,113,36172.0,Northern,140.2,1440.7,High,-81.1770268506,35.9210263138,High
29365,2585,Northampton,113,16953.0,Eastern,32.6,2092.6,High,-77.3968212099,36.4177312434,Moderate
29329,6347,Davie,113,43127.0,Northern,162.0,1665.25,High,-80.5444636482,35.929110866,High
29371,1516,Perquimans,113,13049.0,Coastal,52.6,684.8,High,-76.4076199893,36.1772228503,High
29388,545,Tyrrell,113,3315.0,Coastal,8.3,957.2,High,-76.1704523585,35.8694070017,High
29381,11190,Sampson,113,58371.0,Coastal,62.4,2241.9,High,-78.3713906105,34.9915361594,High
29338,7843,Granville,113,60720.0,Eastern,114.6,1466.3,High,-78.6527194252,36.3040698262,High
29315,8282,Carteret,113,69039.0,Coastal,133.3,1912.1,High,-76.5357430669,34.8612598084,High
29312,32559,Cabarrus,113,232873.0,Central,625.1,1374.8,High,-80.5518508851,35.3867940405,High
29362,13525,Moore,113,102966.0,Eastern,142.9,1617.3,High,-79.4813744392,35.3106538555,Substantial
29413,13156,Caldwell,114,81319.0,Northern,170.9,2504.8,High,-81.5464366451,35.9530379334,High
29430,9896,Duplin,114,48249.0,Coastal,59.8,2911.6,High,-77.9330277459,34.9365348363,Substantial
29457,3620,Martin,114,21503.0,Coastal,48.3,2717.4,High,-77.109232267,35.843213981,Substantial
29437,1324,Graham,114,7935.0,Western,27.5,8085.4,High,-83.833581803,35.350171951,Substantial
29442,18298,Harnett,114,134986.0,Eastern,224.5,2172.6,High,-78.8694125204,35.3686291614,High
29473,29448,Pitt,114,173536.0,Coastal,261.0,2238.9,High,-77.3744965519,35.5932989746,Substantial
29474,2308,Polk,114,19461.0,Western,81.3,1596.5,High,-82.1696779265,35.2792789622,High
29497,13133,Wilson,114,79078.0,Coastal,214.3,2386.9,High,-77.9186629547,35.7051457145,High
29403,3807,Anson,114,22028.0,Central,41.5,2802.1,High,-80.102712026,34.9737894417,High
29423,9992,Columbus,114,49795.0,Coastal,54.0,2887.71,High,-78.6550308717,34.2656450828,High
29441,7835,Halifax,114,47859.0,Coastal,67.2,2754.7,High,-77.6517329831,36.2574485453,Substantial
29466,29016,Onslow,114,207928.0,Coastal,268.4,2191.23,High,-77.4157658244,34.709836363,High
29440,67290,Guilford,114,545484.0,Northern,838.0,3371.1,High,-79.7889042685,36.0794717315,High
29475,21618,Randolph,114,143325.0,Northern,184.3,1615.5,High,-79.8060069064,35.7103417044,High
29412,32598,Cabarrus,114,232873.0,Central,625.1,1374.8,High,-80.5518508851,35.3867940405,High
29459,156024,Mecklenburg,114,1128426.0,Central,2130.4,3736.1,High,-80.8327311406,35.2467670437,Substantial
29460,2021,Mitchell,114,14783.0,Western,67.4,458.42,High,-82.1635815487,36.0132038869,High
29411,15629,Burke,114,88398.0,Western,173.0,1836.1,High,-81.7047784739,35.7496106399,High
29401,6410,Alexander,114,36172.0,Northern,140.2,1440.7,High,-81.1770268506,35.9210263138,High
29458,8560,McDowell,114,44151.0,Western,101.3,2610.9,High,-82.0493124426,35.6816924709,Substantial
29476,7070,Richmond,114,43006.0,Eastern,90.7,5508.4,High,-79.7477780226,35.0060483545,High
29431,34752,Durham,114,331347.0,Eastern,1133.7,3966.0,Substantial,-78.8765926949,36.0360299243,Substantial
29456,2748,Madison,114,21146.0,Western,47.1,1247.6,High,-82.7057582627,35.8580358086,High
29435,39725,Gaston,114,233387.0,Central,640.7,2912.4,High,-81.1802416273,35.2943489527,Substantial
29467,11730,Orange,114,148331.0,Eastern,374.0,1991.9,Substantial,-79.120649356,36.0611182361,Substantial
29422,18244,Cleveland,114,99332.0,Western,214.4,2001.7,High,-81.5555471412,35.3341018022,High
29492,2354,Warren,114,18621.0,Eastern,43.4,2235.0,High,-78.1067171324,36.3965102811,High
29421,1647,Clay,114,11238.0,Western,51.6,2288.34,High,-83.7501767115,35.0571811284,Moderate
29436,1077,Gates,114,10324.0,Coastal,30.8,750.9,High,-76.7005266521,36.4449435708,High
29491,129876,Wake,114,1154170.0,Eastern,1353.3,1846.0,High,-78.6503081729,35.7902443741,Moderate
29461,4499,Montgomery,114,25485.0,Eastern,52.4,2480.1,High,-79.9054790812,35.332466935,High
29477,24839,Robeson,114,115899.0,Coastal,123.0,5137.4,High,-79.1038649277,34.6402420514,Substantial
29493,1574,Washington,114,10708.0,Coastal,31.8,1746.8,High,-76.5693098876,35.8392646425,High
29478,11979,Rockingham,114,90457.0,Northern,161.0,2130.4,High,-79.7749871967,36.3960127906,High
29462,13542,Moore,114,102966.0,Eastern,142.9,1617.3,High,-79.4813744392,35.3106538555,Substantial
29452,9363,Lee,114,64360.0,Eastern,248.1,1631.1,Substantial,-79.1714836119,35.4751864248,Substantial
29471,1519,Perquimans,114,13049.0,Coastal,52.6,684.8,High,-76.4076199893,36.1772228503,High
29438,7857,Granville,114,60720.0,Eastern,114.6,1466.3,High,-78.6527194252,36.3040698262,High
29487,3863,Transylvania,114,32825.0,Western,87.2,978.5,Substantial,-82.7983001279,35.2021778635,Substantial
29425,44878,Cumberland,114,341793.0,Eastern,512.9,3748.5,High,-78.8275607671,35.048611942,High
29416,3173,Caswell,114,22400.0,Eastern,53.5,317.5,High,-79.3335234769,36.3932742158,High
29429,6358,Davie,114,43127.0,Northern,162.0,1665.25,High,-80.5444636482,35.929110866,High
29448,28584,Iredell,114,192986.0,Northern,325.0,1866.4,High,-80.8734378255,35.8070259189,High
29409,16149,Brunswick,114,144821.0,Coastal,160.8,1537.1,High,-78.2274071617,34.0388755841,Substantial
29428,25605,Davidson,114,171752.0,Northern,305.4,1757.8,High,-80.2127487756,35.7933524917,High
29465,2589,Northampton,114,16953.0,Eastern,32.6,2092.6,High,-77.3968212099,36.4177312434,Substantial
29481,11215,Sampson,114,58371.0,Coastal,62.4,2241.9,High,-78.3713906105,34.9915361594,High
29464,28532,New Hanover,114,230423.0,Coastal,1174.0,2612.3,Substantial,-77.865597569,34.1815553357,Substantial
29400,26148,Alamance,114,175029.0,Northern,404.8,3065.6,High,-79.3994248175,36.0437098766,High
29406,7070,Beaufort,114,44150.0,Coastal,53.6,2157.95,High,-76.8453144055,35.486983815,High
29499,2794,Yancey,114,18320.0,Western,59.1,557.0,High,-82.3076279784,35.8989479924,High
29439,3283,Greene,114,19978.0,Coastal,76.7,1640.3,High,-77.6757626742,35.4849957203,High
29444,15083,Henderson,114,117429.0,Western,311.8,2039.7,High,-82.4799463782,35.3362263031,High
29453,9419,Lenoir,114,54323.0,Coastal,138.1,3246.04,Substantial,-77.6412486292,35.2387731611,Substantial
29433,51325,Forsyth,114,387703.0,Northern,938.1,4129.5,High,-80.256300016,36.1306195485,High
29480,11339,Rutherford,114,63870.0,Western,114.0,2009.9,High,-81.9198334642,35.4025956291,High
29489,36006,Union,114,244960.0,Central,376.6,1582.3,High,-80.5307400446,34.9883574887,High
29432,7883,Edgecombe,114,48604.0,Coastal,96.7,2366.3,High,-77.5970588882,35.912880671,Substantial
29434,9819,Franklin,114,70655.0,Eastern,139.4,1314.6,High,-78.2856965824,36.0827733527,High
29407,2453,Bertie,114,17302.0,Coastal,25.7,1594.6,High,-76.9667121404,36.0656302022,High
29449,5605,Jackson,114,41919.0,Western,87.8,1864.6,High,-83.1408496187,35.2875866253,High
29427,3756,Dare,114,37817.0,Coastal,96.3,1872.9,High,-75.6852333134,35.664936694,High
29484,6163,Stokes,114,44422.0,Northern,99.1,2146.85,High,-80.2395157151,36.4019040049,High
29445,2827,Hertford,114,20374.0,Coastal,61.0,2281.6,High,-76.9807147831,36.3586360305,Moderate
29495,16022,Wayne,114,115895.0,Coastal,211.8,2813.0,High,-78.0039971272,35.3639599672,High
29470,8771,Pender,114,62250.0,Coastal,69.1,1461.9,Substantial,-77.8884355846,34.5150997489,Substantial
29415,8296,Carteret,114,69039.0,Coastal,133.3,1912.1,High,-76.5357430669,34.8612598084,High
29488,545,Tyrrell,114,3315.0,Coastal,8.3,957.2,Substantial,-76.1704523585,35.8694070017,High
29446,7080,Hoke,114,53783.0,Eastern,133.5,2028.14,High,-79.237290715,35.0175290075,Substantial
29482,5686,Scotland,114,33662.0,Eastern,107.1,3528.0,High,-79.4804292418,34.8408848102,High
29450,32136,Johnston,114,224833.0,Coastal,272.7,1547.3,High,-78.3657109025,35.5178069265,High
29463,15210,Nash,114,96101.0,Coastal,175.7,1838.5,Substantial,-77.9864448378,35.9672502839,Substantial
29419,4627,Cherokee,114,28738.0,Western,63.2,3613.3,Moderate,-84.063444228,35.1338574515,Moderate
29485,12245,Surry,114,70573.0,Northern,134.0,1507.5,High,-80.6880779273,36.4148205561,High
29408,5445,Bladen,114,29171.0,Coastal,33.8,2578.5,High,-78.5636493115,34.6145873342,Substantial
29483,11546,Stanly,114,62143.0,Central,158.2,2425.2,High,-80.2509863077,35.3119550622,High
29405,2722,Avery,114,17347.0,Western,72.0,1003.4,High,-81.9226013745,36.0766050343,High
29426,2706,Currituck,114,29385.0,Coastal,107.3,1344.3,High,-75.936949201,36.3672994836,High
29418,6712,Chatham,114,77095.0,Eastern,111.9,1456.0,Substantial,-79.2552758614,35.7025721296,Substantial
29451,1320,Jones,114,9076.0,Coastal,19.5,0.0,High,-77.3551679748,35.0217248029,High
29494,6557,Watauga,114,54804.0,Northern,173.1,1191.8,High,-81.6964250718,36.2311062795,High
29417,28119,Catawba,114,162841.0,Northern,400.2,2802.5,High,-81.2150705598,35.662042354,High
29469,5177,Pasquotank,114,40966.0,Coastal,178.8,2078.8,High,-76.2492413613,36.2650187228,High
29447,825,Hyde,114,4595.0,Coastal,7.5,0.0,Substantial,-76.1449651093,35.4081187361,Substantial
29468,1706,Pamlico,114,12215.0,Coastal,36.5,2321.5,High,-76.6694598427,35.151021226,High
29402,1606,Alleghany,114,11057.0,Northern,46.4,697.2,High,-81.1278593427,36.4912704378,Substantial
29404,3420,Ashe,114,26506.0,Northern,62.3,1123.1,High,-81.5005211955,36.434424701,Substantial
29424,14189,Craven,114,102568.0,Coastal,142.5,2112.3,High,-77.082003837,35.117685821,Substantial
29486,1945,Swain,114,14046.0,Western,26.8,3517.8,Substantial,-83.4927393736,35.4868150519,High
29410,27890,Buncombe,114,271638.0,Western,410.4,3012.8,High,-82.5301070587,35.611177887,High
29496,10480,Wilkes,114,65151.0,Northern,87.5,1887.3,High,-81.1633856618,36.2062757623,High
29443,7373,Haywood,114,62831.0,Western,112.2,3591.8,High,-82.9821729698,35.5560557128,High
29414,1121,Camden,114,10537.0,Coastal,43.1,793.0,High,-76.1609504039,36.3411216216,High
29498,5944,Yadkin,114,36925.0,Northern,111.1,1820.8,High,-80.6652439331,36.1605336919,High
29420,2278,Chowan,114,13646.0,Coastal,79.4,1402.6,High,-76.6021303656,36.1265615389,High
29490,6741,Vance,114,41665.0,Eastern,168.7,3584.5,High,-78.4079288849,36.3649169333,High
29479,26048,Rowan,114,148565.0,Northern,287.1,2292.8,High,-80.5247717485,35.6394734632,High
29454,14860,Lincoln,114,88742.0,Central,293.4,1745.2,High,-81.2235326264,35.4855950234,High
29455,4924,Macon,114,37041.0,Western,71.8,2077.4,High,-83.4221767088,35.1504672096,High
29472,5069,Person,114,39048.0,Eastern,99.7,1862.8,Substantial,-78.9718051426,36.3900951244,Substantial
29561,4499,Montgomery,115,25485.0,Eastern,52.4,2480.1,High,-79.9054790812,35.332466935,High
29551,1320,Jones,115,9076.0,Coastal,19.5,0.0,High,-77.3551679748,35.0217248029,High
29598,5944,Yadkin,115,36925.0,Northern,111.1,1820.8,High,-80.6652439331,36.1605336919,High
29541,7835,Halifax,115,47859.0,Coastal,67.2,2754.7,High,-77.6517329831,36.2574485453,Substantial
29555,4924,Macon,115,37041.0,Western,71.8,2077.4,High,-83.4221767088,35.1504672096,High
29523,9992,Columbus,115,49795.0,Coastal,54.0,2887.71,High,-78.6550308717,34.2656450828,High
29592,2354,Warren,115,18621.0,Eastern,43.4,2235.0,High,-78.1067171324,36.3965102811,High
29519,4627,Cherokee,115,28738.0,Western,63.2,3613.3,Moderate,-84.063444228,35.1338574515,Moderate
29576,7070,Richmond,115,43006.0,Eastern,90.7,5508.4,High,-79.7477780226,35.0060483545,High
29554,14860,Lincoln,115,88742.0,Central,293.4,1745.2,High,-81.2235326264,35.4855950234,High
29526,2706,Currituck,115,29385.0,Coastal,107.3,1344.3,High,-75.936949201,36.3672994836,High
29504,3420,Ashe,115,26506.0,Northern,62.3,1123.1,High,-81.5005211955,36.434424701,Substantial
29567,11730,Orange,115,148331.0,Eastern,374.0,1991.9,Substantial,-79.120649356,36.0611182361,Substantial
29585,12245,Surry,115,70573.0,Northern,134.0,1507.5,High,-80.6880779273,36.4148205561,High
29518,6712,Chatham,115,77095.0,Eastern,111.9,1456.0,Substantial,-79.2552758614,35.7025721296,Substantial
29522,18244,Cleveland,115,99332.0,Western,214.4,2001.7,High,-81.5555471412,35.3341018022,High
29517,28119,Catawba,115,162841.0,Northern,400.2,2802.5,High,-81.2150705598,35.662042354,High
29583,11546,Stanly,115,62143.0,Central,158.2,2425.2,High,-80.2509863077,35.3119550622,High
29535,39725,Gaston,115,233387.0,Central,640.7,2912.4,High,-81.1802416273,35.2943489527,Substantial
29507,2453,Bertie,115,17302.0,Coastal,25.7,1594.6,High,-76.9667121404,36.0656302022,High
29508,5445,Bladen,115,29171.0,Coastal,33.8,2578.5,High,-78.5636493115,34.6145873342,Substantial
29506,7070,Beaufort,115,44150.0,Coastal,53.6,2157.95,High,-76.8453144055,35.486983815,High
29505,2722,Avery,115,17347.0,Western,72.0,1003.4,High,-81.9226013745,36.0766050343,High
29599,2794,Yancey,115,18320.0,Western,59.1,557.0,High,-82.3076279784,35.8989479924,High
29549,5605,Jackson,115,41919.0,Western,87.8,1864.6,High,-83.1408496187,35.2875866253,High
29536,1077,Gates,115,10324.0,Coastal,30.8,750.9,High,-76.7005266521,36.4449435708,High
29578,11979,Rockingham,115,90457.0,Northern,161.0,2130.4,High,-79.7749871967,36.3960127906,High
29527,3756,Dare,115,37817.0,Coastal,96.3,1872.9,High,-75.6852333134,35.664936694,High
29584,6163,Stokes,115,44422.0,Northern,99.1,2146.85,High,-80.2395157151,36.4019040049,High
29570,8771,Pender,115,62250.0,Coastal,69.1,1461.9,Substantial,-77.8884355846,34.5150997489,Substantial
29545,2827,Hertford,115,20374.0,Coastal,61.0,2281.6,High,-76.9807147831,36.3586360305,Moderate
29514,1121,Camden,115,10537.0,Coastal,43.1,793.0,High,-76.1609504039,36.3411216216,High
29595,16022,Wayne,115,115895.0,Coastal,211.8,2813.0,High,-78.0039971272,35.3639599672,High
29575,21618,Randolph,115,143325.0,Northern,184.3,1615.5,High,-79.8060069064,35.7103417044,High
29586,1945,Swain,115,14046.0,Western,26.8,3517.8,Substantial,-83.4927393736,35.4868150519,High
29559,156024,Mecklenburg,115,1128426.0,Central,2130.4,3736.1,High,-80.8327311406,35.2467670437,Substantial
29512,32598,Cabarrus,115,232873.0,Central,625.1,1374.8,High,-80.5518508851,35.3867940405,High
29513,13156,Caldwell,115,81319.0,Northern,170.9,2504.8,High,-81.5464366451,35.9530379334,High
29515,8296,Carteret,115,69039.0,Coastal,133.3,1912.1,High,-76.5357430669,34.8612598084,High
29596,10480,Wilkes,115,65151.0,Northern,87.5,1887.3,High,-81.1633856618,36.2062757623,High
29588,545,Tyrrell,115,3315.0,Coastal,8.3,957.2,Substantial,-76.1704523585,35.8694070017,High
29503,3807,Anson,115,22028.0,Central,41.5,2802.1,High,-80.102712026,34.9737894417,High
29530,9896,Duplin,115,48249.0,Coastal,59.8,2911.6,High,-77.9330277459,34.9365348363,Substantial
29546,7080,Hoke,115,53783.0,Eastern,133.5,2028.14,High,-79.237290715,35.0175290075,Substantial
29558,8560,McDowell,115,44151.0,Western,101.3,2610.9,High,-82.0493124426,35.6816924709,Substantial
29560,2021,Mitchell,115,14783.0,Western,67.4,458.42,High,-82.1635815487,36.0132038869,High
29594,6557,Watauga,115,54804.0,Northern,173.1,1191.8,High,-81.6964250718,36.2311062795,High
29574,2308,Polk,115,19461.0,Western,81.3,1596.5,High,-82.1696779265,35.2792789622,High
29502,1606,Alleghany,115,11057.0,Northern,46.4,697.2,High,-81.1278593427,36.4912704378,Substantial
29563,15210,Nash,115,96101.0,Coastal,175.7,1838.5,Substantial,-77.9864448378,35.9672502839,Substantial
29531,34785,Durham,115,331347.0,Eastern,1133.7,3966.0,High,-78.8765926949,36.0360299243,Substantial
29550,32136,Johnston,115,224833.0,Coastal,272.7,1547.3,High,-78.3657109025,35.5178069265,High
29509,16149,Brunswick,115,144821.0,Coastal,160.8,1537.1,High,-78.2274071617,34.0388755841,Substantial
29542,18298,Harnett,115,134986.0,Eastern,224.5,2172.6,High,-78.8694125204,35.3686291614,High
29528,25605,Davidson,115,171752.0,Northern,305.4,1757.8,High,-80.2127487756,35.7933524917,High
29568,1706,Pamlico,115,12215.0,Coastal,36.5,2321.5,High,-76.6694598427,35.151021226,High
29557,3620,Martin,115,21503.0,Coastal,48.3,2717.4,High,-77.109232267,35.843213981,Substantial
29521,1647,Clay,115,11238.0,Western,51.6,2288.34,High,-83.7501767115,35.0571811284,Moderate
29581,11215,Sampson,115,58371.0,Coastal,62.4,2241.9,High,-78.3713906105,34.9915361594,High
29524,14189,Craven,115,102568.0,Coastal,142.5,2112.3,High,-77.082003837,35.117685821,Substantial
29577,24839,Robeson,115,115899.0,Coastal,123.0,5137.4,High,-79.1038649277,34.6402420514,Substantial
29566,29016,Onslow,115,207928.0,Coastal,268.4,2191.23,High,-77.4157658244,34.709836363,High
29564,28532,New Hanover,115,230423.0,Coastal,1174.0,2612.3,Substantial,-77.865597569,34.1815553357,Substantial
29591,129876,Wake,115,1154170.0,Eastern,1353.3,1846.0,High,-78.6503081729,35.7902443741,Moderate
29597,13133,Wilson,115,79078.0,Coastal,214.3,2386.9,High,-77.9186629547,35.7051457145,High
29500,26148,Alamance,115,175029.0,Northern,404.8,3065.6,High,-79.3994248175,36.0437098766,High
29589,36006,Union,115,244960.0,Central,376.6,1582.3,High,-80.5307400446,34.9883574887,High
29501,6410,Alexander,115,36172.0,Northern,140.2,1440.7,High,-81.1770268506,35.9210263138,High
29533,51325,Forsyth,115,387703.0,Northern,938.1,4129.5,High,-80.256300016,36.1306195485,High
29544,15083,Henderson,115,117429.0,Western,311.8,2039.7,High,-82.4799463782,35.3362263031,High
29543,7373,Haywood,115,62831.0,Western,112.2,3591.8,High,-82.9821729698,35.5560557128,High
29520,2278,Chowan,115,13646.0,Coastal,79.4,1402.6,High,-76.6021303656,36.1265615389,High
29553,9419,Lenoir,115,54323.0,Coastal,138.1,3246.04,Substantial,-77.6412486292,35.2387731611,Substantial
29556,2748,Madison,115,21146.0,Western,47.1,1247.6,High,-82.7057582627,35.8580358086,High
29539,3283,Greene,115,19978.0,Coastal,76.7,1640.3,High,-77.6757626742,35.4849957203,High
29547,825,Hyde,115,4595.0,Coastal,7.5,0.0,Substantial,-76.1449651093,35.4081187361,Substantial
29572,5069,Person,115,39048.0,Eastern,99.7,1862.8,Substantial,-78.9718051426,36.3900951244,Substantial
29582,5686,Scotland,115,33662.0,Eastern,107.1,3528.0,High,-79.4804292418,34.8408848102,High
29590,6741,Vance,115,41665.0,Eastern,168.7,3584.5,High,-78.4079288849,36.3649169333,High
29534,9819,Franklin,115,70655.0,Eastern,139.4,1314.6,High,-78.2856965824,36.0827733527,High
29562,13542,Moore,115,102966.0,Eastern,142.9,1617.3,High,-79.4813744392,35.3106538555,Substantial
29565,2589,Northampton,115,16953.0,Eastern,32.6,2092.6,High,-77.3968212099,36.4177312434,Substantial
29579,26048,Rowan,115,148565.0,Northern,287.1,2292.8,High,-80.5247717485,35.6394734632,High
29571,1519,Perquimans,115,13049.0,Coastal,52.6,684.8,High,-76.4076199893,36.1772228503,High
29593,1574,Washington,115,10708.0,Coastal,31.8,1746.8,High,-76.5693098876,35.8392646425,High
29587,3863,Transylvania,115,32825.0,Western,87.2,978.5,Substantial,-82.7983001279,35.2021778635,Substantial
29538,7857,Granville,115,60720.0,Eastern,114.6,1466.3,High,-78.6527194252,36.3040698262,High
29529,6358,Davie,115,43127.0,Northern,162.0,1665.25,High,-80.5444636482,35.929110866,High
29532,7883,Edgecombe,115,48604.0,Coastal,96.7,2366.3,High,-77.5970588882,35.912880671,Substantial
29525,44878,Cumberland,115,341793.0,Eastern,512.9,3748.5,High,-78.8275607671,35.048611942,High
29537,1324,Graham,115,7935.0,Western,27.5,8085.4,High,-83.833581803,35.350171951,Substantial
29580,11339,Rutherford,115,63870.0,Western,114.0,2009.9,High,-81.9198334642,35.4025956291,High
29511,15629,Burke,115,88398.0,Western,173.0,1836.1,High,-81.7047784739,35.7496106399,High
29548,28584,Iredell,115,192986.0,Northern,325.0,1866.4,High,-80.8734378255,35.8070259189,High
29573,29448,Pitt,115,173536.0,Coastal,261.0,2238.9,High,-77.3744965519,35.5932989746,Substantial
29510,27890,Buncombe,115,271638.0,Western,410.4,3012.8,High,-82.5301070587,35.611177887,High
29516,3173,Caswell,115,22400.0,Eastern,53.5,317.5,High,-79.3335234769,36.3932742158,High
29569,5177,Pasquotank,115,40966.0,Coastal,178.8,2078.8,High,-76.2492413613,36.2650187228,High
29552,9363,Lee,115,64360.0,Eastern,248.1,1631.1,Substantial,-79.1714836119,35.4751864248,Substantial
29540,67290,Guilford,115,545484.0,Northern,838.0,3371.1,High,-79.7889042685,36.0794717315,High
29647,825,Hyde,116,4595.0,Coastal,7.5,0.0,Substantial,-76.1449651093,35.4081187361,Substantial
29627,3756,Dare,116,37817.0,Coastal,96.3,1872.9,High,-75.6852333134,35.664936694,High
29686,1945,Swain,116,14046.0,Western,26.8,3517.8,Substantial,-83.4927393736,35.4868150519,High
29631,34785,Durham,116,331347.0,Eastern,1133.7,3966.0,High,-78.8765926949,36.0360299243,Substantial
29659,156024,Mecklenburg,116,1128426.0,Central,2130.4,3736.1,High,-80.8327311406,35.2467670437,Substantial
29606,7070,Beaufort,116,44150.0,Coastal,53.6,2157.95,High,-76.8453144055,35.486983815,High
29602,1606,Alleghany,116,11057.0,Northern,46.4,697.2,High,-81.1278593427,36.4912704378,Substantial
29687,3863,Transylvania,116,32825.0,Western,87.2,978.5,Substantial,-82.7983001279,35.2021778635,Substantial
29628,25605,Davidson,116,171752.0,Northern,305.4,1757.8,High,-80.2127487756,35.7933524917,High
29685,12245,Surry,116,70573.0,Northern,134.0,1507.5,High,-80.6880779273,36.4148205561,High
29648,28584,Iredell,116,192986.0,Northern,325.0,1866.4,High,-80.8734378255,35.8070259189,High
29697,13133,Wilson,116,79078.0,Coastal,214.3,2386.9,High,-77.9186629547,35.7051457145,High
29674,2308,Polk,116,19461.0,Western,81.3,1596.5,High,-82.1696779265,35.2792789622,High
29693,1574,Washington,116,10708.0,Coastal,31.8,1746.8,High,-76.5693098876,35.8392646425,High
29639,3283,Greene,116,19978.0,Coastal,76.7,1640.3,High,-77.6757626742,35.4849957203,High
29646,7080,Hoke,116,53783.0,Eastern,133.5,2028.14,High,-79.237290715,35.0175290075,Substantial
29655,4924,Macon,116,37041.0,Western,71.8,2077.4,High,-83.4221767088,35.1504672096,High
29636,1077,Gates,116,10324.0,Coastal,30.8,750.9,High,-76.7005266521,36.4449435708,High
29609,16149,Brunswick,116,144821.0,Coastal,160.8,1537.1,High,-78.2274071617,34.0388755841,Substantial
29681,11215,Sampson,116,58371.0,Coastal,62.4,2241.9,High,-78.3713906105,34.9915361594,High
29677,24839,Robeson,116,115899.0,Coastal,123.0,5137.4,High,-79.1038649277,34.6402420514,Substantial
29691,129876,Wake,116,1154170.0,Eastern,1353.3,1846.0,High,-78.6503081729,35.7902443741,Moderate
29689,36006,Union,116,244960.0,Central,376.6,1582.3,High,-80.5307400446,34.9883574887,High
29644,15083,Henderson,116,117429.0,Western,311.8,2039.7,High,-82.4799463782,35.3362263031,High
29653,9419,Lenoir,116,54323.0,Coastal,138.1,3246.04,Substantial,-77.6412486292,35.2387731611,Substantial
29632,7883,Edgecombe,116,48604.0,Coastal,96.7,2366.3,High,-77.5970588882,35.912880671,Substantial
29680,11339,Rutherford,116,63870.0,Western,114.0,2009.9,High,-81.9198334642,35.4025956291,High
29611,15629,Burke,116,88398.0,Western,173.0,1836.1,High,-81.7047784739,35.7496106399,High
29643,7373,Haywood,116,62831.0,Western,112.2,3591.8,High,-82.9821729698,35.5560557128,High
29640,67290,Guilford,116,545484.0,Northern,838.0,3371.1,High,-79.7889042685,36.0794717315,High
29633,51325,Forsyth,116,387703.0,Northern,938.1,4129.5,High,-80.256300016,36.1306195485,High
29699,2794,Yancey,116,18320.0,Western,59.1,557.0,High,-82.3076279784,35.8989479924,High
29624,14189,Craven,116,102568.0,Coastal,142.5,2112.3,High,-77.082003837,35.117685821,Substantial
29610,27890,Buncombe,116,271638.0,Western,410.4,3012.8,High,-82.5301070587,35.611177887,High
29679,26048,Rowan,116,148565.0,Northern,287.1,2292.8,High,-80.5247717485,35.6394734632,High
29690,6741,Vance,116,41665.0,Eastern,168.7,3584.5,High,-78.4079288849,36.3649169333,High
29604,3420,Ashe,116,26506.0,Northern,62.3,1123.1,High,-81.5005211955,36.434424701,Substantial
29654,14860,Lincoln,116,88742.0,Central,293.4,1745.2,High,-81.2235326264,35.4855950234,High
29623,9992,Columbus,116,49795.0,Coastal,54.0,2887.71,High,-78.6550308717,34.2656450828,High
29601,6410,Alexander,116,36172.0,Northern,140.2,1440.7,High,-81.1770268506,35.9210263138,High
29630,9896,Duplin,116,48249.0,Coastal,59.8,2911.6,High,-77.9330277459,34.9365348363,Substantial
29696,10480,Wilkes,116,65151.0,Northern,87.5,1887.3,High,-81.1633856618,36.2062757623,High
29678,11979,Rockingham,116,90457.0,Northern,161.0,2130.4,High,-79.7749871967,36.3960127906,High
29642,18298,Harnett,116,134986.0,Eastern,224.5,2172.6,High,-78.8694125204,35.3686291614,High
29607,2453,Bertie,116,17302.0,Coastal,25.7,1594.6,High,-76.9667121404,36.0656302022,High
29629,6358,Davie,116,43127.0,Northern,162.0,1665.25,High,-80.5444636482,35.929110866,High
29656,2748,Madison,116,21146.0,Western,47.1,1247.6,High,-82.7057582627,35.8580358086,High
29649,5605,Jackson,116,41919.0,Western,87.8,1864.6,High,-83.1408496187,35.2875866253,High
29684,6163,Stokes,116,44422.0,Northern,99.1,2146.85,High,-80.2395157151,36.4019040049,High
29645,2827,Hertford,116,20374.0,Coastal,61.0,2281.6,High,-76.9807147831,36.3586360305,Moderate
29675,21618,Randolph,116,143325.0,Northern,184.3,1615.5,High,-79.8060069064,35.7103417044,High
29658,8560,McDowell,116,44151.0,Western,101.3,2610.9,High,-82.0493124426,35.6816924709,Substantial
29612,32598,Cabarrus,116,232873.0,Central,625.1,1374.8,High,-80.5518508851,35.3867940405,High
29695,16022,Wayne,116,115895.0,Coastal,211.8,2813.0,High,-78.0039971272,35.3639599672,High
29603,3807,Anson,116,22028.0,Central,41.5,2802.1,High,-80.102712026,34.9737894417,High
29688,545,Tyrrell,116,3315.0,Coastal,8.3,957.2,Substantial,-76.1704523585,35.8694070017,High
29694,6557,Watauga,116,54804.0,Northern,173.1,1191.8,High,-81.6964250718,36.2311062795,High
29650,32136,Johnston,116,224833.0,Coastal,272.7,1547.3,High,-78.3657109025,35.5178069265,High
29605,2722,Avery,116,17347.0,Western,72.0,1003.4,High,-81.9226013745,36.0766050343,High
29692,2354,Warren,116,18621.0,Eastern,43.4,2235.0,High,-78.1067171324,36.3965102811,High
29608,5445,Bladen,116,29171.0,Coastal,33.8,2578.5,High,-78.5636493115,34.6145873342,Substantial
29683,11546,Stanly,116,62143.0,Central,158.2,2425.2,High,-80.2509863077,35.3119550622,High
29622,18244,Cleveland,116,99332.0,Western,214.4,2001.7,High,-81.5555471412,35.3341018022,High
29626,2706,Currituck,116,29385.0,Coastal,107.3,1344.3,High,-75.936949201,36.3672994836,High
29657,3620,Martin,116,21503.0,Coastal,48.3,2717.4,High,-77.109232267,35.843213981,Substantial
29651,1320,Jones,116,9076.0,Coastal,19.5,0.0,High,-77.3551679748,35.0217248029,High
29682,5686,Scotland,116,33662.0,Eastern,107.1,3528.0,High,-79.4804292418,34.8408848102,High
29641,7835,Halifax,116,47859.0,Coastal,67.2,2754.7,High,-77.6517329831,36.2574485453,Substantial
29617,28119,Catawba,116,162841.0,Northern,400.2,2802.5,High,-81.2150705598,35.662042354,High
29638,7857,Granville,116,60720.0,Eastern,114.6,1466.3,High,-78.6527194252,36.3040698262,High
29625,44878,Cumberland,116,341793.0,Eastern,512.9,3748.5,High,-78.8275607671,35.048611942,High
29637,1324,Graham,116,7935.0,Western,27.5,8085.4,High,-83.833581803,35.350171951,Substantial
29652,9363,Lee,116,64360.0,Eastern,248.1,1631.1,Substantial,-79.1714836119,35.4751864248,Substantial
29676,7070,Richmond,116,43006.0,Eastern,90.7,5508.4,High,-79.7477780226,35.0060483545,High
29667,11730,Orange,116,148331.0,Eastern,374.0,1991.9,Substantial,-79.120649356,36.0611182361,Substantial
29613,13156,Caldwell,116,81319.0,Northern,170.9,2504.8,High,-81.5464366451,35.9530379334,High
29671,1519,Perquimans,116,13049.0,Coastal,52.6,684.8,High,-76.4076199893,36.1772228503,High
29672,5069,Person,116,39048.0,Eastern,99.7,1862.8,Substantial,-78.9718051426,36.3900951244,Substantial
29666,29016,Onslow,116,207928.0,Coastal,268.4,2191.23,High,-77.4157658244,34.709836363,High
29663,15210,Nash,116,96101.0,Coastal,175.7,1838.5,Substantial,-77.9864448378,35.9672502839,Substantial
29619,4627,Cherokee,116,28738.0,Western,63.2,3613.3,Moderate,-84.063444228,35.1338574515,Moderate
29620,2278,Chowan,116,13646.0,Coastal,79.4,1402.6,High,-76.6021303656,36.1265615389,High
29662,13542,Moore,116,102966.0,Eastern,142.9,1617.3,High,-79.4813744392,35.3106538555,Substantial
29668,1706,Pamlico,116,12215.0,Coastal,36.5,2321.5,High,-76.6694598427,35.151021226,High
29660,2021,Mitchell,116,14783.0,Western,67.4,458.42,High,-82.1635815487,36.0132038869,High
29618,6712,Chatham,116,77095.0,Eastern,111.9,1456.0,Substantial,-79.2552758614,35.7025721296,Substantial
29621,1647,Clay,116,11238.0,Western,51.6,2288.34,High,-83.7501767115,35.0571811284,Moderate
29600,26148,Alamance,116,175029.0,Northern,404.8,3065.6,High,-79.3994248175,36.0437098766,High
29665,2589,Northampton,116,16953.0,Eastern,32.6,2092.6,High,-77.3968212099,36.4177312434,Substantial
29698,5944,Yadkin,116,36925.0,Northern,111.1,1820.8,High,-80.6652439331,36.1605336919,High
29616,3173,Caswell,116,22400.0,Eastern,53.5,317.5,High,-79.3335234769,36.3932742158,High
29615,8296,Carteret,116,69039.0,Coastal,133.3,1912.1,High,-76.5357430669,34.8612598084,High
29669,5177,Pasquotank,116,40966.0,Coastal,178.8,2078.8,High,-76.2492413613,36.2650187228,High
29634,9819,Franklin,116,70655.0,Eastern,139.4,1314.6,High,-78.2856965824,36.0827733527,High
29661,4499,Montgomery,116,25485.0,Eastern,52.4,2480.1,High,-79.9054790812,35.332466935,High
29670,8771,Pender,116,62250.0,Coastal,69.1,1461.9,Substantial,-77.8884355846,34.5150997489,Substantial
29664,28532,New Hanover,116,230423.0,Coastal,1174.0,2612.3,Substantial,-77.865597569,34.1815553357,Substantial
29673,29448,Pitt,116,173536.0,Coastal,261.0,2238.9,High,-77.3744965519,35.5932989746,Substantial
29635,39725,Gaston,116,233387.0,Central,640.7,2912.4,High,-81.1802416273,35.2943489527,Substantial
29614,1121,Camden,116,10537.0,Coastal,43.1,793.0,High,-76.1609504039,36.3411216216,High
29784,6200,Stokes,117,44422.0,Northern,99.1,2146.85,High,-80.2395157151,36.4019040049,High
29713,13246,Caldwell,117,81319.0,Northern,170.9,2504.8,High,-81.5464366451,35.9530379334,High
29782,5705,Scotland,117,33662.0,Eastern,107.1,3528.0,High,-79.4804292418,34.8408848102,Substantial
29751,1336,Jones,117,9076.0,Coastal,19.5,0.0,High,-77.3551679748,35.0217248029,High
29739,3300,Greene,117,19978.0,Coastal,76.7,1640.3,High,-77.6757626742,35.4849957203,Moderate
29786,1949,Swain,117,14046.0,Western,26.8,3517.8,Substantial,-83.4927393736,35.4868150519,Moderate
29726,2720,Currituck,117,29385.0,Coastal,107.3,1344.3,High,-75.936949201,36.3672994836,High
29747,825,Hyde,117,4595.0,Coastal,7.5,0.0,Moderate,-76.1449651093,35.4081187361,Substantial
29764,28608,New Hanover,117,230423.0,Coastal,1174.0,2612.3,Substantial,-77.865597569,34.1815553357,Moderate
29783,11586,Stanly,117,62143.0,Central,158.2,2425.2,High,-80.2509863077,35.3119550622,High
29708,5464,Bladen,117,29171.0,Coastal,33.8,2578.5,High,-78.5636493115,34.6145873342,Moderate
29785,12356,Surry,117,70573.0,Northern,134.0,1507.5,High,-80.6880779273,36.4148205561,High
29719,4634,Cherokee,117,28738.0,Western,63.2,3613.3,Moderate,-84.063444228,35.1338574515,Substantial
29770,8795,Pender,117,62250.0,Coastal,69.1,1461.9,Substantial,-77.8884355846,34.5150997489,Substantial
29763,15241,Nash,117,96101.0,Coastal,175.7,1838.5,Substantial,-77.9864448378,35.9672502839,Substantial
29727,3803,Dare,117,37817.0,Coastal,96.3,1872.9,High,-75.6852333134,35.664936694,High
29750,32254,Johnston,117,224833.0,Coastal,272.7,1547.3,High,-78.3657109025,35.5178069265,High
29707,2464,Bertie,117,17302.0,Coastal,25.7,1594.6,High,-76.9667121404,36.0656302022,High
29749,5618,Jackson,117,41919.0,Western,87.8,1864.6,High,-83.1408496187,35.2875866253,High
29715,8332,Carteret,117,69039.0,Coastal,133.3,1912.1,High,-76.5357430669,34.8612598084,Substantial
29795,16157,Wayne,117,115895.0,Coastal,211.8,2813.0,High,-78.0039971272,35.3639599672,High
29748,28703,Iredell,117,192986.0,Northern,325.0,1866.4,High,-80.8734378255,35.8070259189,High
29736,1082,Gates,117,10324.0,Coastal,30.8,750.9,High,-76.7005266521,36.4449435708,High
29797,13167,Wilson,117,79078.0,Coastal,214.3,2386.9,High,-77.9186629547,35.7051457145,High
29771,1540,Perquimans,117,13049.0,Coastal,52.6,684.8,High,-76.4076199893,36.1772228503,High
29755,4939,Macon,117,37041.0,Western,71.8,2077.4,High,-83.4221767088,35.1504672096,High
29778,12063,Rockingham,117,90457.0,Northern,161.0,2130.4,High,-79.7749871967,36.3960127906,High
29723,10049,Columbus,117,49795.0,Coastal,54.0,2887.71,High,-78.6550308717,34.2656450828,Substantial
29761,4520,Montgomery,117,25485.0,Eastern,52.4,2480.1,High,-79.9054790812,35.332466935,High
29711,15675,Burke,117,88398.0,Western,173.0,1836.1,High,-81.7047784739,35.7496106399,High
29777,24903,Robeson,117,115899.0,Coastal,123.0,5137.4,High,-79.1038649277,34.6402420514,Substantial
29714,1129,Camden,117,10537.0,Coastal,43.1,793.0,High,-76.1609504039,36.3411216216,High
29756,2765,Madison,117,21146.0,Western,47.1,1247.6,High,-82.7057582627,35.8580358086,Substantial
29773,29521,Pitt,117,173536.0,Coastal,261.0,2238.9,High,-77.3744965519,35.5932989746,Substantial
29757,3634,Martin,117,21503.0,Coastal,48.3,2717.4,High,-77.109232267,35.843213981,Substantial
29758,8587,McDowell,117,44151.0,Western,101.3,2610.9,High,-82.0493124426,35.6816924709,Substantial
29776,7089,Richmond,117,43006.0,Eastern,90.7,5508.4,High,-79.7477780226,35.0060483545,High
29722,18309,Cleveland,117,99332.0,Western,214.4,2001.7,High,-81.5555471412,35.3341018022,High
29712,32698,Cabarrus,117,232873.0,Central,625.1,1374.8,High,-80.5518508851,35.3867940405,High
29737,1325,Graham,117,7935.0,Western,27.5,8085.4,High,-83.833581803,35.350171951,Moderate
29796,10510,Wilkes,117,65151.0,Northern,87.5,1887.3,High,-81.1633856618,36.2062757623,High
29754,14930,Lincoln,117,88742.0,Central,293.4,1745.2,High,-81.2235326264,35.4855950234,High
29779,26124,Rowan,117,148565.0,Northern,287.1,2292.8,High,-80.5247717485,35.6394734632,High
29738,7892,Granville,117,60720.0,Eastern,114.6,1466.3,High,-78.6527194252,36.3040698262,High
29725,45159,Cumberland,117,341793.0,Eastern,512.9,3748.5,High,-78.8275607671,35.048611942,High
29709,16204,Brunswick,117,144821.0,Coastal,160.8,1537.1,High,-78.2274071617,34.0388755841,Substantial
29781,11241,Sampson,117,58371.0,Coastal,62.4,2241.9,High,-78.3713906105,34.9915361594,High
29700,26249,Alamance,117,175029.0,Northern,404.8,3065.6,High,-79.3994248175,36.0437098766,High
29701,6431,Alexander,117,36172.0,Northern,140.2,1440.7,High,-81.1770268506,35.9210263138,High
29753,9444,Lenoir,117,54323.0,Coastal,138.1,3246.04,High,-77.6412486292,35.2387731611,Substantial
29780,11384,Rutherford,117,63870.0,Western,114.0,2009.9,High,-81.9198334642,35.4025956291,High
29762,13601,Moore,117,102966.0,Eastern,142.9,1617.3,High,-79.4813744392,35.3106538555,Substantial
29720,2292,Chowan,117,13646.0,Coastal,79.4,1402.6,High,-76.6021303656,36.1265615389,Substantial
29775,21714,Randolph,117,143325.0,Northern,184.3,1615.5,High,-79.8060069064,35.7103417044,High
29733,51530,Forsyth,117,387703.0,Northern,938.1,4129.5,High,-80.256300016,36.1306195485,High
29724,14225,Craven,117,102568.0,Coastal,142.5,2112.3,Substantial,-77.082003837,35.117685821,Substantial
29772,5083,Person,117,39048.0,Eastern,99.7,1862.8,Substantial,-78.9718051426,36.3900951244,Substantial
29710,28011,Buncombe,117,271638.0,Western,410.4,3012.8,High,-82.5301070587,35.611177887,High
29734,9847,Franklin,117,70655.0,Eastern,139.4,1314.6,High,-78.2856965824,36.0827733527,High
29752,9395,Lee,117,64360.0,Eastern,248.1,1631.1,Substantial,-79.1714836119,35.4751864248,Substantial
29799,2799,Yancey,117,18320.0,Western,59.1,557.0,High,-82.3076279784,35.8989479924,High
29744,15121,Henderson,117,117429.0,Western,311.8,2039.7,High,-82.4799463782,35.3362263031,High
29735,39858,Gaston,117,233387.0,Central,640.7,2912.4,High,-81.1802416273,35.2943489527,Substantial
29745,2839,Hertford,117,20374.0,Coastal,61.0,2281.6,High,-76.9807147831,36.3586360305,Substantial
29788,550,Tyrrell,117,3315.0,Coastal,8.3,957.2,High,-76.1704523585,35.8694070017,High
29741,7864,Halifax,117,47859.0,Coastal,67.2,2754.7,High,-77.6517329831,36.2574485453,Substantial
29705,2736,Avery,117,17347.0,Western,72.0,1003.4,High,-81.9226013745,36.0766050343,High
29760,2030,Mitchell,117,14783.0,Western,67.4,458.42,High,-82.1635815487,36.0132038869,High
29717,28185,Catawba,117,162841.0,Northern,400.2,2802.5,High,-81.2150705598,35.662042354,High
29718,6732,Chatham,117,77095.0,Eastern,111.9,1456.0,Substantial,-79.2552758614,35.7025721296,Substantial
29742,18373,Harnett,117,134986.0,Eastern,224.5,2172.6,High,-78.8694125204,35.3686291614,High
29721,1650,Clay,117,11238.0,Western,51.6,2288.34,Substantial,-83.7501767115,35.0571811284,Moderate
29765,2601,Northampton,117,16953.0,Eastern,32.6,2092.6,High,-77.3968212099,36.4177312434,Moderate
29716,3183,Caswell,117,22400.0,Eastern,53.5,317.5,High,-79.3335234769,36.3932742158,Substantial
29791,130240,Wake,117,1154170.0,Eastern,1353.3,1846.0,Substantial,-78.6503081729,35.7902443741,Low
29729,6381,Davie,117,43127.0,Northern,162.0,1665.25,High,-80.5444636482,35.929110866,High
29789,36180,Union,117,244960.0,Central,376.6,1582.3,High,-80.5307400446,34.9883574887,High
29740,67579,Guilford,117,545484.0,Northern,838.0,3371.1,High,-79.7889042685,36.0794717315,High
29766,29283,Onslow,117,207928.0,Coastal,268.4,2191.23,High,-77.4157658244,34.709836363,High
29759,156529,Mecklenburg,117,1128426.0,Central,2130.4,3736.1,High,-80.8327311406,35.2467670437,Substantial
29732,7912,Edgecombe,117,48604.0,Coastal,96.7,2366.3,High,-77.5970588882,35.912880671,Substantial
29730,9928,Duplin,117,48249.0,Coastal,59.8,2911.6,High,-77.9330277459,34.9365348363,Substantial
29743,7408,Haywood,117,62831.0,Western,112.2,3591.8,High,-82.9821729698,35.5560557128,High
29704,3430,Ashe,117,26506.0,Northern,62.3,1123.1,High,-81.5005211955,36.434424701,High
29768,1714,Pamlico,117,12215.0,Coastal,36.5,2321.5,High,-76.6694598427,35.151021226,Substantial
29794,6583,Watauga,117,54804.0,Northern,173.1,1191.8,High,-81.6964250718,36.2311062795,High
29792,2375,Warren,117,18621.0,Eastern,43.4,2235.0,High,-78.1067171324,36.3965102811,High
29790,6786,Vance,117,41665.0,Eastern,168.7,3584.5,High,-78.4079288849,36.3649169333,High
29769,5216,Pasquotank,117,40966.0,Coastal,178.8,2078.8,High,-76.2492413613,36.2650187228,High
29703,3820,Anson,117,22028.0,Central,41.5,2802.1,Substantial,-80.102712026,34.9737894417,High
29798,5973,Yadkin,117,36925.0,Northern,111.1,1820.8,High,-80.6652439331,36.1605336919,High
29706,7110,Beaufort,117,44150.0,Coastal,53.6,2157.95,High,-76.8453144055,35.486983815,High
29731,34884,Durham,117,331347.0,Eastern,1133.7,3966.0,Substantial,-78.8765926949,36.0360299243,Substantial
29746,7105,Hoke,117,53783.0,Eastern,133.5,2028.14,High,-79.237290715,35.0175290075,High
29787,3873,Transylvania,117,32825.0,Western,87.2,978.5,Substantial,-82.7983001279,35.2021778635,Substantial
29767,11776,Orange,117,148331.0,Eastern,374.0,1991.9,Substantial,-79.120649356,36.0611182361,Moderate
29728,25665,Davidson,117,171752.0,Northern,305.4,1757.8,High,-80.2127487756,35.7933524917,High
29774,2318,Polk,117,19461.0,Western,81.3,1596.5,High,-82.1696779265,35.2792789622,High
29702,1609,Alleghany,117,11057.0,Northern,46.4,697.2,Substantial,-81.1278593427,36.4912704378,High
29793,1578,Washington,117,10708.0,Coastal,31.8,1746.8,High,-76.5693098876,35.8392646425,High
29810,28038,Buncombe,118,271638.0,Western,410.4,3012.8,High,-82.5301070587,35.611177887,High
29866,29311,Onslow,118,207928.0,Coastal,268.4,2191.23,High,-77.4157658244,34.709836363,High
29822,18323,Cleveland,118,99332.0,Western,214.4,2001.7,High,-81.5555471412,35.3341018022,High
29830,9931,Duplin,118,48249.0,Coastal,59.8,2911.6,High,-77.9330277459,34.9365348363,Substantial
29872,5087,Person,118,39048.0,Eastern,99.7,1862.8,Substantial,-78.9718051426,36.3900951244,Substantial
29867,11789,Orange,118,148331.0,Eastern,374.0,1991.9,Substantial,-79.120649356,36.0611182361,Moderate
29879,26137,Rowan,118,148565.0,Northern,287.1,2292.8,High,-80.5247717485,35.6394734632,High
29833,51574,Forsyth,118,387703.0,Northern,938.1,4129.5,High,-80.256300016,36.1306195485,Substantial
29817,28209,Catawba,118,162841.0,Northern,400.2,2802.5,High,-81.2150705598,35.662042354,High
29860,2034,Mitchell,118,14783.0,Western,67.4,458.42,High,-82.1635815487,36.0132038869,High
29820,2293,Chowan,118,13646.0,Coastal,79.4,1402.6,High,-76.6021303656,36.1265615389,Moderate
29804,3430,Ashe,118,26506.0,Northern,62.3,1123.1,Substantial,-81.5005211955,36.434424701,High
29824,14250,Craven,118,102568.0,Coastal,142.5,2112.3,High,-77.082003837,35.117685821,Moderate
29840,67649,Guilford,118,545484.0,Northern,838.0,3371.1,High,-79.7889042685,36.0794717315,High
29857,3641,Martin,118,21503.0,Coastal,48.3,2717.4,High,-77.109232267,35.843213981,Substantial
29876,7094,Richmond,118,43006.0,Eastern,90.7,5508.4,High,-79.7477780226,35.0060483545,High
29877,24915,Robeson,118,115899.0,Coastal,123.0,5137.4,High,-79.1038649277,34.6402420514,Substantial
29892,2377,Warren,118,18621.0,Eastern,43.4,2235.0,High,-78.1067171324,36.3965102811,High
29803,3824,Anson,118,22028.0,Central,41.5,2802.1,High,-80.102712026,34.9737894417,High
29835,39877,Gaston,118,233387.0,Central,640.7,2912.4,High,-81.1802416273,35.2943489527,High
29861,4522,Montgomery,118,25485.0,Eastern,52.4,2480.1,High,-79.9054790812,35.332466935,High
29856,2765,Madison,118,21146.0,Western,47.1,1247.6,High,-82.7057582627,35.8580358086,High
29823,10053,Columbus,118,49795.0,Coastal,54.0,2887.71,High,-78.6550308717,34.2656450828,Substantial
29890,6792,Vance,118,41665.0,Eastern,168.7,3584.5,High,-78.4079288849,36.3649169333,High
29837,1328,Graham,118,7935.0,Western,27.5,8085.4,High,-83.833581803,35.350171951,Moderate
29878,12081,Rockingham,118,90457.0,Northern,161.0,2130.4,High,-79.7749871967,36.3960127906,High
29855,4942,Macon,118,37041.0,Western,71.8,2077.4,High,-83.4221767088,35.1504672096,High
29873,29550,Pitt,118,173536.0,Coastal,261.0,2238.9,High,-77.3744965519,35.5932989746,Substantial
29842,18389,Harnett,118,134986.0,Eastern,224.5,2172.6,High,-78.8694125204,35.3686291614,High
29831,34923,Durham,118,331347.0,Eastern,1133.7,3966.0,Substantial,-78.8765926949,36.0360299243,Substantial
29814,1132,Camden,118,10537.0,Coastal,43.1,793.0,High,-76.1609504039,36.3411216216,High
29896,10513,Wilkes,118,65151.0,Northern,87.5,1887.3,High,-81.1633856618,36.2062757623,High
29891,130243,Wake,118,1154170.0,Eastern,1353.3,1846.0,Substantial,-78.6503081729,35.7902443741,Substantial
29854,14934,Lincoln,118,88742.0,Central,293.4,1745.2,High,-81.2235326264,35.4855950234,High
29811,15683,Burke,118,88398.0,Western,173.0,1836.1,High,-81.7047784739,35.7496106399,High
29893,1578,Washington,118,10708.0,Coastal,31.8,1746.8,High,-76.5693098876,35.8392646425,High
29841,7865,Halifax,118,47859.0,Coastal,67.2,2754.7,High,-77.6517329831,36.2574485453,High
29839,3300,Greene,118,19978.0,Coastal,76.7,1640.3,High,-77.6757626742,35.4849957203,Moderate
29880,11395,Rutherford,118,63870.0,Western,114.0,2009.9,High,-81.9198334642,35.4025956291,High
29888,550,Tyrrell,118,3315.0,Coastal,8.3,957.2,High,-76.1704523585,35.8694070017,High
29863,15243,Nash,118,96101.0,Coastal,175.7,1838.5,Substantial,-77.9864448378,35.9672502839,Substantial
29845,2842,Hertford,118,20374.0,Coastal,61.0,2281.6,High,-76.9807147831,36.3586360305,Substantial
29815,8343,Carteret,118,69039.0,Coastal,133.3,1912.1,High,-76.5357430669,34.8612598084,Substantial
29894,6584,Watauga,118,54804.0,Northern,173.1,1191.8,High,-81.6964250718,36.2311062795,High
29884,6204,Stokes,118,44422.0,Northern,99.1,2146.85,High,-80.2395157151,36.4019040049,High
29849,5629,Jackson,118,41919.0,Western,87.8,1864.6,High,-83.1408496187,35.2875866253,High
29869,5219,Pasquotank,118,40966.0,Coastal,178.8,2078.8,High,-76.2492413613,36.2650187228,High
29812,32717,Cabarrus,118,232873.0,Central,625.1,1374.8,High,-80.5518508851,35.3867940405,High
29846,7110,Hoke,118,53783.0,Eastern,133.5,2028.14,High,-79.237290715,35.0175290075,High
29827,3816,Dare,118,37817.0,Coastal,96.3,1872.9,High,-75.6852333134,35.664936694,High
29870,8796,Pender,118,62250.0,Coastal,69.1,1461.9,Substantial,-77.8884355846,34.5150997489,Substantial
29887,3873,Transylvania,118,32825.0,Western,87.2,978.5,Substantial,-82.7983001279,35.2021778635,Substantial
29802,1609,Alleghany,118,11057.0,Northern,46.4,697.2,Substantial,-81.1278593427,36.4912704378,High
29885,12369,Surry,118,70573.0,Northern,134.0,1507.5,High,-80.6880779273,36.4148205561,High
29848,28726,Iredell,118,192986.0,Northern,325.0,1866.4,High,-80.8734378255,35.8070259189,High
29828,25679,Davidson,118,171752.0,Northern,305.4,1757.8,High,-80.2127487756,35.7933524917,High
29899,2799,Yancey,118,18320.0,Western,59.1,557.0,High,-82.3076279784,35.8989479924,High
29898,5974,Yadkin,118,36925.0,Northern,111.1,1820.8,High,-80.6652439331,36.1605336919,High
29864,28618,New Hanover,118,230423.0,Coastal,1174.0,2612.3,Substantial,-77.865597569,34.1815553357,Moderate
29847,825,Hyde,118,4595.0,Coastal,7.5,0.0,Moderate,-76.1449651093,35.4081187361,Substantial
29886,1951,Swain,118,14046.0,Western,26.8,3517.8,Substantial,-83.4927393736,35.4868150519,Moderate
29806,7117,Beaufort,118,44150.0,Coastal,53.6,2157.95,High,-76.8453144055,35.486983815,High
29805,2736,Avery,118,17347.0,Western,72.0,1003.4,High,-81.9226013745,36.0766050343,High
29862,13605,Moore,118,102966.0,Eastern,142.9,1617.3,High,-79.4813744392,35.3106538555,Substantial
29818,6737,Chatham,118,77095.0,Eastern,111.9,1456.0,Substantial,-79.2552758614,35.7025721296,Substantial
29808,5463,Bladen,118,29171.0,Coastal,33.8,2578.5,High,-78.5636493115,34.6145873342,Moderate
29853,9449,Lenoir,118,54323.0,Coastal,138.1,3246.04,High,-77.6412486292,35.2387731611,Substantial
29868,1714,Pamlico,118,12215.0,Coastal,36.5,2321.5,High,-76.6694598427,35.151021226,Substantial
29801,6438,Alexander,118,36172.0,Northern,140.2,1440.7,High,-81.1770268506,35.9210263138,High
29800,26275,Alamance,118,175029.0,Northern,404.8,3065.6,High,-79.3994248175,36.0437098766,High
29843,7421,Haywood,118,62831.0,Western,112.2,3591.8,High,-82.9821729698,35.5560557128,High
29881,11242,Sampson,118,58371.0,Coastal,62.4,2241.9,High,-78.3713906105,34.9915361594,High
29852,9395,Lee,118,64360.0,Eastern,248.1,1631.1,Substantial,-79.1714836119,35.4751864248,Substantial
29809,16218,Brunswick,118,144821.0,Coastal,160.8,1537.1,High,-78.2274071617,34.0388755841,Substantial
29844,15143,Henderson,118,117429.0,Western,311.8,2039.7,High,-82.4799463782,35.3362263031,High
29832,7913,Edgecombe,118,48604.0,Coastal,96.7,2366.3,High,-77.5970588882,35.912880671,Substantial
29889,36220,Union,118,244960.0,Central,376.6,1582.3,High,-80.5307400446,34.9883574887,High
29825,45252,Cumberland,118,341793.0,Eastern,512.9,3748.5,High,-78.8275607671,35.048611942,High
29871,1544,Perquimans,118,13049.0,Coastal,52.6,684.8,High,-76.4076199893,36.1772228503,High
29829,6392,Davie,118,43127.0,Northern,162.0,1665.25,High,-80.5444636482,35.929110866,High
29816,3188,Caswell,118,22400.0,Eastern,53.5,317.5,High,-79.3335234769,36.3932742158,High
29865,2601,Northampton,118,16953.0,Eastern,32.6,2092.6,High,-77.3968212099,36.4177312434,Moderate
29882,5709,Scotland,118,33662.0,Eastern,107.1,3528.0,High,-79.4804292418,34.8408848102,Substantial
29838,7901,Granville,118,60720.0,Eastern,114.6,1466.3,High,-78.6527194252,36.3040698262,Substantial
29851,1333,Jones,118,9076.0,Coastal,19.5,0.0,High,-77.3551679748,35.0217248029,High
29834,9854,Franklin,118,70655.0,Eastern,139.4,1314.6,High,-78.2856965824,36.0827733527,High
29826,2723,Currituck,118,29385.0,Coastal,107.3,1344.3,High,-75.936949201,36.3672994836,High
29883,11594,Stanly,118,62143.0,Central,158.2,2425.2,High,-80.2509863077,35.3119550622,High
29895,16215,Wayne,118,115895.0,Coastal,211.8,2813.0,High,-78.0039971272,35.3639599672,High
29819,4636,Cherokee,118,28738.0,Western,63.2,3613.3,Substantial,-84.063444228,35.1338574515,Substantial
29807,2464,Bertie,118,17302.0,Coastal,25.7,1594.6,High,-76.9667121404,36.0656302022,High
29850,32293,Johnston,118,224833.0,Coastal,272.7,1547.3,High,-78.3657109025,35.5178069265,High
29875,21736,Randolph,118,143325.0,Northern,184.3,1615.5,High,-79.8060069064,35.7103417044,High
29836,1085,Gates,118,10324.0,Coastal,30.8,750.9,High,-76.7005266521,36.4449435708,High
29874,2323,Polk,118,19461.0,Western,81.3,1596.5,High,-82.1696779265,35.2792789622,High
29897,13179,Wilson,118,79078.0,Coastal,214.3,2386.9,High,-77.9186629547,35.7051457145,Substantial
29813,13270,Caldwell,118,81319.0,Northern,170.9,2504.8,High,-81.5464366451,35.9530379334,High
29821,1650,Clay,118,11238.0,Western,51.6,2288.34,Substantial,-83.7501767115,35.0571811284,Moderate
29859,156694,Mecklenburg,118,1128426.0,Central,2130.4,3736.1,High,-80.8327311406,35.2467670437,Substantial
29858,8610,McDowell,118,44151.0,Western,101.3,2610.9,High,-82.0493124426,35.6816924709,Substantial
29937,1329,Graham,119,7935.0,Western,27.5,8085.4,High,-83.833581803,35.350171951,Moderate
29914,1135,Camden,119,10537.0,Coastal,43.1,793.0,High,-76.1609504039,36.3411216216,High
29978,12112,Rockingham,119,90457.0,Northern,161.0,2130.4,High,-79.7749871967,36.3960127906,High
29903,3825,Anson,119,22028.0,Central,41.5,2802.1,High,-80.102712026,34.9737894417,High
29984,6221,Stokes,119,44422.0,Northern,99.1,2146.85,High,-80.2395157151,36.4019040049,High
29990,6809,Vance,119,41665.0,Eastern,168.7,3584.5,High,-78.4079288849,36.3649169333,High
29962,13626,Moore,119,102966.0,Eastern,142.9,1617.3,High,-79.4813744392,35.3106538555,Substantial
29947,825,Hyde,119,4595.0,Coastal,7.5,0.0,Low,-76.1449651093,35.4081187361,High
29927,3826,Dare,119,37817.0,Coastal,96.3,1872.9,High,-75.6852333134,35.664936694,High
29996,10535,Wilkes,119,65151.0,Northern,87.5,1887.3,High,-81.1633856618,36.2062757623,High
29965,2599,Northampton,119,16953.0,Eastern,32.6,2092.6,Substantial,-77.3968212099,36.4177312434,Moderate
29955,4951,Macon,119,37041.0,Western,71.8,2077.4,High,-83.4221767088,35.1504672096,High
29999,2799,Yancey,119,18320.0,Western,59.1,557.0,High,-82.3076279784,35.8989479924,High
29922,18340,Cleveland,119,99332.0,Western,214.4,2001.7,High,-81.5555471412,35.3341018022,High
29921,1653,Clay,119,11238.0,Western,51.6,2288.34,Substantial,-83.7501767115,35.0571811284,Substantial
29902,1608,Alleghany,119,11057.0,Northern,46.4,697.2,Substantial,-81.1278593427,36.4912704378,High
29980,11410,Rutherford,119,63870.0,Western,114.0,2009.9,High,-81.9198334642,35.4025956291,High
29920,2293,Chowan,119,13646.0,Coastal,79.4,1402.6,High,-76.6021303656,36.1265615389,High
29918,6749,Chatham,119,77095.0,Eastern,111.9,1456.0,Substantial,-79.2552758614,35.7025721296,Substantial
29916,3192,Caswell,119,22400.0,Eastern,53.5,317.5,High,-79.3335234769,36.3932742158,Substantial
29973,29609,Pitt,119,173536.0,Coastal,261.0,2238.9,High,-77.3744965519,35.5932989746,Substantial
29923,10067,Columbus,119,49795.0,Coastal,54.0,2887.71,High,-78.6550308717,34.2656450828,Substantial
29913,13308,Caldwell,119,81319.0,Northern,170.9,2504.8,High,-81.5464366451,35.9530379334,High
29900,26304,Alamance,119,175029.0,Northern,404.8,3065.6,High,-79.3994248175,36.0437098766,High
29942,18413,Harnett,119,134986.0,Eastern,224.5,2172.6,High,-78.8694125204,35.3686291614,High
29948,28786,Iredell,119,192986.0,Northern,325.0,1866.4,High,-80.8734378255,35.8070259189,High
29952,9404,Lee,119,64360.0,Eastern,248.1,1631.1,Substantial,-79.1714836119,35.4751864248,Substantial
29945,2844,Hertford,119,20374.0,Coastal,61.0,2281.6,High,-76.9807147831,36.3586360305,Substantial
29949,5637,Jackson,119,41919.0,Western,87.8,1864.6,High,-83.1408496187,35.2875866253,High
29958,8624,McDowell,119,44151.0,Western,101.3,2610.9,High,-82.0493124426,35.6816924709,Substantial
29966,29367,Onslow,119,207928.0,Coastal,268.4,2191.23,High,-77.4157658244,34.709836363,High
29976,7105,Richmond,119,43006.0,Eastern,90.7,5508.4,High,-79.7477780226,35.0060483545,High
29957,3643,Martin,119,21503.0,Coastal,48.3,2717.4,High,-77.109232267,35.843213981,High
29988,550,Tyrrell,119,3315.0,Coastal,8.3,957.2,High,-76.1704523585,35.8694070017,High
29901,6446,Alexander,119,36172.0,Northern,140.2,1440.7,High,-81.1770268506,35.9210263138,High
29981,11259,Sampson,119,58371.0,Coastal,62.4,2241.9,High,-78.3713906105,34.9915361594,High
29951,1334,Jones,119,9076.0,Coastal,19.5,0.0,High,-77.3551679748,35.0217248029,Moderate
29934,9883,Franklin,119,70655.0,Eastern,139.4,1314.6,High,-78.2856965824,36.0827733527,High
29991,130570,Wake,119,1154170.0,Eastern,1353.3,1846.0,Substantial,-78.6503081729,35.7902443741,High
29931,34959,Durham,119,331347.0,Eastern,1133.7,3966.0,High,-78.8765926949,36.0360299243,Substantial
29943,7442,Haywood,119,62831.0,Western,112.2,3591.8,High,-82.9821729698,35.5560557128,High
29953,9456,Lenoir,119,54323.0,Coastal,138.1,3246.04,High,-77.6412486292,35.2387731611,High
29946,7122,Hoke,119,53783.0,Eastern,133.5,2028.14,High,-79.237290715,35.0175290075,High
29987,3880,Transylvania,119,32825.0,Western,87.2,978.5,Substantial,-82.7983001279,35.2021778635,Substantial
29929,6408,Davie,119,43127.0,Northern,162.0,1665.25,High,-80.5444636482,35.929110866,High
29911,15715,Burke,119,88398.0,Western,173.0,1836.1,High,-81.7047784739,35.7496106399,Substantial
29968,1715,Pamlico,119,12215.0,Coastal,36.5,2321.5,Substantial,-76.6694598427,35.151021226,Moderate
29964,28654,New Hanover,119,230423.0,Coastal,1174.0,2612.3,Substantial,-77.865597569,34.1815553357,Substantial
29994,6599,Watauga,119,54804.0,Northern,173.1,1191.8,High,-81.6964250718,36.2311062795,High
29986,1958,Swain,119,14046.0,Western,26.8,3517.8,High,-83.4927393736,35.4868150519,Moderate
29977,24937,Robeson,119,115899.0,Coastal,123.0,5137.4,High,-79.1038649277,34.6402420514,High
29944,15176,Henderson,119,117429.0,Western,311.8,2039.7,High,-82.4799463782,35.3362263031,High
29956,2767,Madison,119,21146.0,Western,47.1,1247.6,High,-82.7057582627,35.8580358086,High
29909,16239,Brunswick,119,144821.0,Coastal,160.8,1537.1,High,-78.2274071617,34.0388755841,Substantial
29907,2468,Bertie,119,17302.0,Coastal,25.7,1594.6,High,-76.9667121404,36.0656302022,High
29954,14958,Lincoln,119,88742.0,Central,293.4,1745.2,High,-81.2235326264,35.4855950234,High
29910,28095,Buncombe,119,271638.0,Western,410.4,3012.8,High,-82.5301070587,35.611177887,High
29995,16286,Wayne,119,115895.0,Coastal,211.8,2813.0,High,-78.0039971272,35.3639599672,High
29935,39910,Gaston,119,233387.0,Central,640.7,2912.4,High,-81.1802416273,35.2943489527,High
29969,5227,Pasquotank,119,40966.0,Coastal,178.8,2078.8,High,-76.2492413613,36.2650187228,High
29908,5463,Bladen,119,29171.0,Coastal,33.8,2578.5,High,-78.5636493115,34.6145873342,Moderate
29906,7133,Beaufort,119,44150.0,Coastal,53.6,2157.95,High,-76.8453144055,35.486983815,High
29904,3434,Ashe,119,26506.0,Northern,62.3,1123.1,Substantial,-81.5005211955,36.434424701,High
29917,28258,Catawba,119,162841.0,Northern,400.2,2802.5,High,-81.2150705598,35.662042354,High
29930,9939,Duplin,119,48249.0,Coastal,59.8,2911.6,High,-77.9330277459,34.9365348363,Substantial
29941,7876,Halifax,119,47859.0,Coastal,67.2,2754.7,High,-77.6517329831,36.2574485453,Substantial
29932,7926,Edgecombe,119,48604.0,Coastal,96.7,2366.3,High,-77.5970588882,35.912880671,Substantial
29979,26162,Rowan,119,148565.0,Northern,287.1,2292.8,High,-80.5247717485,35.6394734632,High
29925,45421,Cumberland,119,341793.0,Eastern,512.9,3748.5,High,-78.8275607671,35.048611942,High
29967,11807,Orange,119,148331.0,Eastern,374.0,1991.9,Substantial,-79.120649356,36.0611182361,Substantial
29997,13194,Wilson,119,79078.0,Coastal,214.3,2386.9,High,-77.9186629547,35.7051457145,Substantial
29936,1086,Gates,119,10324.0,Coastal,30.8,750.9,High,-76.7005266521,36.4449435708,High
29989,36270,Union,119,244960.0,Central,376.6,1582.3,High,-80.5307400446,34.9883574887,High
29963,15230,Nash,119,96101.0,Coastal,175.7,1838.5,Moderate,-77.9864448378,35.9672502839,Substantial
29998,5984,Yadkin,119,36925.0,Northern,111.1,1820.8,High,-80.6652439331,36.1605336919,High
29971,1546,Perquimans,119,13049.0,Coastal,52.6,684.8,High,-76.4076199893,36.1772228503,High
29912,32758,Cabarrus,119,232873.0,Central,625.1,1374.8,High,-80.5518508851,35.3867940405,High
29972,5092,Person,119,39048.0,Eastern,99.7,1862.8,Substantial,-78.9718051426,36.3900951244,Substantial
29959,156828,Mecklenburg,119,1128426.0,Central,2130.4,3736.1,High,-80.8327311406,35.2467670437,Substantial
29992,2380,Warren,119,18621.0,Eastern,43.4,2235.0,High,-78.1067171324,36.3965102811,High
29940,67719,Guilford,119,545484.0,Northern,838.0,3371.1,High,-79.7889042685,36.0794717315,High
29905,2736,Avery,119,17347.0,Western,72.0,1003.4,High,-81.9226013745,36.0766050343,High
29993,1580,Washington,119,10708.0,Coastal,31.8,1746.8,High,-76.5693098876,35.8392646425,High
29974,2329,Polk,119,19461.0,Western,81.3,1596.5,High,-82.1696779265,35.2792789622,High
29975,21786,Randolph,119,143325.0,Northern,184.3,1615.5,High,-79.8060069064,35.7103417044,High
29926,2733,Currituck,119,29385.0,Coastal,107.3,1344.3,High,-75.936949201,36.3672994836,High
29960,2034,Mitchell,119,14783.0,Western,67.4,458.42,High,-82.1635815487,36.0132038869,High
29933,51630,Forsyth,119,387703.0,Northern,938.1,4129.5,High,-80.256300016,36.1306195485,Substantial
29938,7920,Granville,119,60720.0,Eastern,114.6,1466.3,High,-78.6527194252,36.3040698262,Substantial
29939,3314,Greene,119,19978.0,Coastal,76.7,1640.3,High,-77.6757626742,35.4849957203,Moderate
29983,11601,Stanly,119,62143.0,Central,158.2,2425.2,High,-80.2509863077,35.3119550622,High
29985,12379,Surry,119,70573.0,Northern,134.0,1507.5,High,-80.6880779273,36.4148205561,High
29982,5712,Scotland,119,33662.0,Eastern,107.1,3528.0,High,-79.4804292418,34.8408848102,High
29928,25710,Davidson,119,171752.0,Northern,305.4,1757.8,High,-80.2127487756,35.7933524917,High
29919,4637,Cherokee,119,28738.0,Western,63.2,3613.3,Substantial,-84.063444228,35.1338574515,Substantial
29915,8355,Carteret,119,69039.0,Coastal,133.3,1912.1,High,-76.5357430669,34.8612598084,Substantial
29970,8800,Pender,119,62250.0,Coastal,69.1,1461.9,Substantial,-77.8884355846,34.5150997489,Substantial
29961,4536,Montgomery,119,25485.0,Eastern,52.4,2480.1,High,-79.9054790812,35.332466935,High
29950,32337,Johnston,119,224833.0,Coastal,272.7,1547.3,High,-78.3657109025,35.5178069265,High
29924,14260,Craven,119,102568.0,Coastal,142.5,2112.3,High,-77.082003837,35.117685821,Substantial
30057,3645,Martin,120,21503.0,Coastal,48.3,2717.4,High,-77.109232267,35.843213981,Substantial
30038,7932,Granville,120,60720.0,Eastern,114.6,1466.3,High,-78.6527194252,36.3040698262,Substantial
30071,1551,Perquimans,120,13049.0,Coastal,52.6,684.8,High,-76.4076199893,36.1772228503,High
30023,10078,Columbus,120,49795.0,Coastal,54.0,2887.71,High,-78.6550308717,34.2656450828,Substantial
30061,4539,Montgomery,120,25485.0,Eastern,52.4,2480.1,High,-79.9054790812,35.332466935,High
30094,6631,Watauga,120,54804.0,Northern,173.1,1191.8,High,-81.6964250718,36.2311062795,High
30007,2474,Bertie,120,17302.0,Coastal,25.7,1594.6,High,-76.9667121404,36.0656302022,Substantial
30058,8636,McDowell,120,44151.0,Western,101.3,2610.9,High,-82.0493124426,35.6816924709,Substantial
30082,5717,Scotland,120,33662.0,Eastern,107.1,3528.0,High,-79.4804292418,34.8408848102,Substantial
30037,1330,Graham,120,7935.0,Western,27.5,8085.4,Substantial,-83.833581803,35.350171951,Moderate
30045,2852,Hertford,120,20374.0,Coastal,61.0,2281.6,High,-76.9807147831,36.3586360305,Substantial
30063,15234,Nash,120,96101.0,Coastal,175.7,1838.5,Moderate,-77.9864448378,35.9672502839,Substantial
30036,1087,Gates,120,10324.0,Coastal,30.8,750.9,High,-76.7005266521,36.4449435708,Substantial
30041,7898,Halifax,120,47859.0,Coastal,67.2,2754.7,High,-77.6517329831,36.2574485453,Substantial
30035,39978,Gaston,120,233387.0,Central,640.7,2912.4,High,-81.1802416273,35.2943489527,High
30008,5469,Bladen,120,29171.0,Coastal,33.8,2578.5,High,-78.5636493115,34.6145873342,Moderate
30095,16358,Wayne,120,115895.0,Coastal,211.8,2813.0,High,-78.0039971272,35.3639599672,High
30074,2331,Polk,120,19461.0,Western,81.3,1596.5,High,-82.1696779265,35.2792789622,High
30056,2780,Madison,120,21146.0,Western,47.1,1247.6,High,-82.7057582627,35.8580358086,Substantial
30083,11623,Stanly,120,62143.0,Central,158.2,2425.2,High,-80.2509863077,35.3119550622,High
30019,4643,Cherokee,120,28738.0,Western,63.2,3613.3,Substantial,-84.063444228,35.1338574515,Substantial
30050,32391,Johnston,120,224833.0,Coastal,272.7,1547.3,High,-78.3657109025,35.5178069265,Substantial
30015,8362,Carteret,120,69039.0,Coastal,133.3,1912.1,High,-76.5357430669,34.8612598084,Substantial
30005,2746,Avery,120,17347.0,Western,72.0,1003.4,High,-81.9226013745,36.0766050343,High
30042,18442,Harnett,120,134986.0,Eastern,224.5,2172.6,High,-78.8694125204,35.3686291614,Substantial
30026,2739,Currituck,120,29385.0,Coastal,107.3,1344.3,High,-75.936949201,36.3672994836,High
30018,6761,Chatham,120,77095.0,Eastern,111.9,1456.0,Substantial,-79.2552758614,35.7025721296,Substantial
30021,1654,Clay,120,11238.0,Western,51.6,2288.34,Substantial,-83.7501767115,35.0571811284,Substantial
30065,2601,Northampton,120,16953.0,Eastern,32.6,2092.6,Substantial,-77.3968212099,36.4177312434,Moderate
30016,3194,Caswell,120,22400.0,Eastern,53.5,317.5,High,-79.3335234769,36.3932742158,Substantial
30084,6241,Stokes,120,44422.0,Northern,99.1,2146.85,High,-80.2395157151,36.4019040049,High
30073,29672,Pitt,120,173536.0,Coastal,261.0,2238.9,High,-77.3744965519,35.5932989746,Substantial
30011,15737,Burke,120,88398.0,Western,173.0,1836.1,High,-81.7047784739,35.7496106399,Substantial
30029,6421,Davie,120,43127.0,Northern,162.0,1665.25,High,-80.5444636482,35.929110866,High
30066,29459,Onslow,120,207928.0,Coastal,268.4,2191.23,High,-77.4157658244,34.709836363,High
30034,9896,Franklin,120,70655.0,Eastern,139.4,1314.6,High,-78.2856965824,36.0827733527,High
30088,551,Tyrrell,120,3315.0,Coastal,8.3,957.2,High,-76.1704523585,35.8694070017,High
30051,1343,Jones,120,9076.0,Coastal,19.5,0.0,High,-77.3551679748,35.0217248029,Low
30049,5643,Jackson,120,41919.0,Western,87.8,1864.6,High,-83.1408496187,35.2875866253,High
30092,2384,Warren,120,18621.0,Eastern,43.4,2235.0,High,-78.1067171324,36.3965102811,Substantial
30089,36331,Union,120,244960.0,Central,376.6,1582.3,High,-80.5307400446,34.9883574887,High
30077,24952,Robeson,120,115899.0,Coastal,123.0,5137.4,High,-79.1038649277,34.6402420514,Substantial
30020,2294,Chowan,120,13646.0,Coastal,79.4,1402.6,High,-76.6021303656,36.1265615389,High
30000,26347,Alamance,120,175029.0,Northern,404.8,3065.6,High,-79.3994248175,36.0437098766,Substantial
30054,14969,Lincoln,120,88742.0,Central,293.4,1745.2,High,-81.2235326264,35.4855950234,High
30022,18356,Cleveland,120,99332.0,Western,214.4,2001.7,High,-81.5555471412,35.3341018022,High
30043,7452,Haywood,120,62831.0,Western,112.2,3591.8,High,-82.9821729698,35.5560557128,High
30076,7115,Richmond,120,43006.0,Eastern,90.7,5508.4,High,-79.7477780226,35.0060483545,Substantial
30096,10556,Wilkes,120,65151.0,Northern,87.5,1887.3,High,-81.1633856618,36.2062757623,High
30093,1587,Washington,120,10708.0,Coastal,31.8,1746.8,High,-76.5693098876,35.8392646425,Substantial
30001,6455,Alexander,120,36172.0,Northern,140.2,1440.7,High,-81.1770268506,35.9210263138,High
30072,5097,Person,120,39048.0,Eastern,99.7,1862.8,Substantial,-78.9718051426,36.3900951244,Substantial
30087,3886,Transylvania,120,32825.0,Western,87.2,978.5,Substantial,-82.7983001279,35.2021778635,Substantial
30091,130869,Wake,120,1154170.0,Eastern,1353.3,1846.0,High,-78.6503081729,35.7902443741,High
30031,35007,Durham,120,331347.0,Eastern,1133.7,3966.0,Substantial,-78.8765926949,36.0360299243,Substantial
30010,28138,Buncombe,120,271638.0,Western,410.4,3012.8,High,-82.5301070587,35.611177887,High
30012,32813,Cabarrus,120,232873.0,Central,625.1,1374.8,High,-80.5518508851,35.3867940405,High
30059,157039,Mecklenburg,120,1128426.0,Central,2130.4,3736.1,High,-80.8327311406,35.2467670437,Substantial
30028,25746,Davidson,120,171752.0,Northern,305.4,1757.8,High,-80.2127487756,35.7933524917,High
30097,13221,Wilson,120,79078.0,Coastal,214.3,2386.9,High,-77.9186629547,35.7051457145,Substantial
30068,1717,Pamlico,120,12215.0,Coastal,36.5,2321.5,Substantial,-76.6694598427,35.151021226,Moderate
30064,28679,New Hanover,120,230423.0,Coastal,1174.0,2612.3,Substantial,-77.865597569,34.1815553357,Substantial
30075,21830,Randolph,120,143325.0,Northern,184.3,1615.5,High,-79.8060069064,35.7103417044,High
30055,4962,Macon,120,37041.0,Western,71.8,2077.4,High,-83.4221767088,35.1504672096,Substantial
30024,14272,Craven,120,102568.0,Coastal,142.5,2112.3,Substantial,-77.082003837,35.117685821,Moderate
30039,3318,Greene,120,19978.0,Coastal,76.7,1640.3,High,-77.6757626742,35.4849957203,Moderate
30090,6826,Vance,120,41665.0,Eastern,168.7,3584.5,High,-78.4079288849,36.3649169333,High
30027,3844,Dare,120,37817.0,Coastal,96.3,1872.9,High,-75.6852333134,35.664936694,High
30047,825,Hyde,120,4595.0,Coastal,7.5,0.0,Low,-76.1449651093,35.4081187361,High
30053,9468,Lenoir,120,54323.0,Coastal,138.1,3246.04,High,-77.6412486292,35.2387731611,High
30014,1140,Camden,120,10537.0,Coastal,43.1,793.0,High,-76.1609504039,36.3411216216,High
30048,28838,Iredell,120,192986.0,Northern,325.0,1866.4,High,-80.8734378255,35.8070259189,Substantial
30060,2053,Mitchell,120,14783.0,Western,67.4,458.42,High,-82.1635815487,36.0132038869,High
30099,2800,Yancey,120,18320.0,Western,59.1,557.0,Moderate,-82.3076279784,35.8989479924,High
30032,7939,Edgecombe,120,48604.0,Coastal,96.7,2366.3,High,-77.5970588882,35.912880671,Substantial
30040,67832,Guilford,120,545484.0,Northern,838.0,3371.1,High,-79.7889042685,36.0794717315,Substantial
30025,45521,Cumberland,120,341793.0,Eastern,512.9,3748.5,High,-78.8275607671,35.048611942,High
30069,5238,Pasquotank,120,40966.0,Coastal,178.8,2078.8,High,-76.2492413613,36.2650187228,High
30079,26195,Rowan,120,148565.0,Northern,287.1,2292.8,High,-80.5247717485,35.6394734632,Substantial
30009,16265,Brunswick,120,144821.0,Coastal,160.8,1537.1,High,-78.2274071617,34.0388755841,Substantial
30067,11829,Orange,120,148331.0,Eastern,374.0,1991.9,Substantial,-79.120649356,36.0611182361,Moderate
30070,8801,Pender,120,62250.0,Coastal,69.1,1461.9,Substantial,-77.8884355846,34.5150997489,Substantial
30044,15197,Henderson,120,117429.0,Western,311.8,2039.7,High,-82.4799463782,35.3362263031,High
30086,1966,Swain,120,14046.0,Western,26.8,3517.8,High,-83.4927393736,35.4868150519,Low
30062,13647,Moore,120,102966.0,Eastern,142.9,1617.3,High,-79.4813744392,35.3106538555,Moderate
30085,12407,Surry,120,70573.0,Northern,134.0,1507.5,High,-80.6880779273,36.4148205561,High
30030,9960,Duplin,120,48249.0,Coastal,59.8,2911.6,High,-77.9330277459,34.9365348363,Substantial
30003,3848,Anson,120,22028.0,Central,41.5,2802.1,High,-80.102712026,34.9737894417,High
30013,13341,Caldwell,120,81319.0,Northern,170.9,2504.8,High,-81.5464366451,35.9530379334,Substantial
30017,28302,Catawba,120,162841.0,Northern,400.2,2802.5,High,-81.2150705598,35.662042354,High
30006,7142,Beaufort,120,44150.0,Coastal,53.6,2157.95,High,-76.8453144055,35.486983815,High
30004,3441,Ashe,120,26506.0,Northern,62.3,1123.1,Substantial,-81.5005211955,36.434424701,High
30080,11427,Rutherford,120,63870.0,Western,114.0,2009.9,High,-81.9198334642,35.4025956291,High
30081,11277,Sampson,120,58371.0,Coastal,62.4,2241.9,High,-78.3713906105,34.9915361594,Substantial
30046,7133,Hoke,120,53783.0,Eastern,133.5,2028.14,High,-79.237290715,35.0175290075,High
30098,5995,Yadkin,120,36925.0,Northern,111.1,1820.8,High,-80.6652439331,36.1605336919,High
30002,1614,Alleghany,120,11057.0,Northern,46.4,697.2,Substantial,-81.1278593427,36.4912704378,High
30052,9419,Lee,120,64360.0,Eastern,248.1,1631.1,High,-79.1714836119,35.4751864248,Substantial
30078,12160,Rockingham,120,90457.0,Northern,161.0,2130.4,High,-79.7749871967,36.3960127906,High
30033,51712,Forsyth,120,387703.0,Northern,938.1,4129.5,High,-80.256300016,36.1306195485,Substantial
30126,2750,Currituck,121,29385.0,Coastal,107.3,1344.3,High,-75.936949201,36.3672994836,High
30120,2297,Chowan,121,13646.0,Coastal,79.4,1402.6,High,-76.6021303656,36.1265615389,High
30132,7949,Edgecombe,121,48604.0,Coastal,96.7,2366.3,High,-77.5970588882,35.912880671,High
30105,2735,Avery,121,17347.0,Western,72.0,1003.4,Substantial,-81.9226013745,36.0766050343,High
30124,14286,Craven,121,102568.0,Coastal,142.5,2112.3,Substantial,-77.082003837,35.117685821,Substantial
30119,4643,Cherokee,121,28738.0,Western,63.2,3613.3,Substantial,-84.063444228,35.1338574515,Substantial
30175,21865,Randolph,121,143325.0,Northern,184.3,1615.5,High,-79.8060069064,35.7103417044,High
30154,14999,Lincoln,121,88742.0,Central,293.4,1745.2,High,-81.2235326264,35.4855950234,High
30195,16447,Wayne,121,115895.0,Coastal,211.8,2813.0,High,-78.0039971272,35.3639599672,High
30108,5476,Bladen,121,29171.0,Coastal,33.8,2578.5,High,-78.5636493115,34.6145873342,Substantial
30110,28191,Buncombe,121,271638.0,Western,410.4,3012.8,High,-82.5301070587,35.611177887,High
30104,3443,Ashe,121,26506.0,Northern,62.3,1123.1,Substantial,-81.5005211955,36.434424701,High
30136,1088,Gates,121,10324.0,Coastal,30.8,750.9,High,-76.7005266521,36.4449435708,High
30130,9972,Duplin,121,48249.0,Coastal,59.8,2911.6,High,-77.9330277459,34.9365348363,Substantial
30177,24992,Robeson,121,115899.0,Coastal,123.0,5137.4,High,-79.1038649277,34.6402420514,High
30179,26221,Rowan,121,148565.0,Northern,287.1,2292.8,High,-80.5247717485,35.6394734632,High
30133,51785,Forsyth,121,387703.0,Northern,938.1,4129.5,High,-80.256300016,36.1306195485,High
30172,5105,Person,121,39048.0,Eastern,99.7,1862.8,Substantial,-78.9718051426,36.3900951244,High
30116,3195,Caswell,121,22400.0,Eastern,53.5,317.5,Substantial,-79.3335234769,36.3932742158,Substantial
30180,11433,Rutherford,121,63870.0,Western,114.0,2009.9,High,-81.9198334642,35.4025956291,High
30138,7952,Granville,121,60720.0,Eastern,114.6,1466.3,High,-78.6527194252,36.3040698262,High
30152,9434,Lee,121,64360.0,Eastern,248.1,1631.1,High,-79.1714836119,35.4751864248,Substantial
30162,13666,Moore,121,102966.0,Eastern,142.9,1617.3,High,-79.4813744392,35.3106538555,Substantial
30161,4542,Montgomery,121,25485.0,Eastern,52.4,2480.1,High,-79.9054790812,35.332466935,High
30142,18470,Harnett,121,134986.0,Eastern,224.5,2172.6,High,-78.8694125204,35.3686291614,Substantial
30181,11296,Sampson,121,58371.0,Coastal,62.4,2241.9,High,-78.3713906105,34.9915361594,Substantial
30100,26393,Alamance,121,175029.0,Northern,404.8,3065.6,High,-79.3994248175,36.0437098766,High
30178,12184,Rockingham,121,90457.0,Northern,161.0,2130.4,High,-79.7749871967,36.3960127906,High
30182,5735,Scotland,121,33662.0,Eastern,107.1,3528.0,High,-79.4804292418,34.8408848102,Substantial
30109,16298,Brunswick,121,144821.0,Coastal,160.8,1537.1,High,-78.2274071617,34.0388755841,Substantial
30144,15230,Henderson,121,117429.0,Western,311.8,2039.7,High,-82.4799463782,35.3362263031,High
30171,1558,Perquimans,121,13049.0,Coastal,52.6,684.8,High,-76.4076199893,36.1772228503,High
30125,45623,Cumberland,121,341793.0,Eastern,512.9,3748.5,High,-78.8275607671,35.048611942,High
30189,36383,Union,121,244960.0,Central,376.6,1582.3,High,-80.5307400446,34.9883574887,High
30123,10086,Columbus,121,49795.0,Coastal,54.0,2887.71,High,-78.6550308717,34.2656450828,Substantial
30143,7464,Haywood,121,62831.0,Western,112.2,3591.8,High,-82.9821729698,35.5560557128,High
30151,1351,Jones,121,9076.0,Coastal,19.5,0.0,High,-77.3551679748,35.0217248029,Moderate
30101,6469,Alexander,121,36172.0,Northern,140.2,1440.7,High,-81.1770268506,35.9210263138,High
30196,10570,Wilkes,121,65151.0,Northern,87.5,1887.3,High,-81.1633856618,36.2062757623,High
30165,2599,Northampton,121,16953.0,Eastern,32.6,2092.6,Substantial,-77.3968212099,36.4177312434,Moderate
30117,28347,Catawba,121,162841.0,Northern,400.2,2802.5,High,-81.2150705598,35.662042354,High
30121,1656,Clay,121,11238.0,Western,51.6,2288.34,Substantial,-83.7501767115,35.0571811284,High
30190,6838,Vance,121,41665.0,Eastern,168.7,3584.5,High,-78.4079288849,36.3649169333,High
30114,1145,Camden,121,10537.0,Coastal,43.1,793.0,High,-76.1609504039,36.3411216216,High
30135,40027,Gaston,121,233387.0,Central,640.7,2912.4,High,-81.1802416273,35.2943489527,High
30111,15745,Burke,121,88398.0,Western,173.0,1836.1,High,-81.7047784739,35.7496106399,Substantial
30155,4970,Macon,121,37041.0,Western,71.8,2077.4,High,-83.4221767088,35.1504672096,High
30168,1719,Pamlico,121,12215.0,Coastal,36.5,2321.5,High,-76.6694598427,35.151021226,Moderate
30153,9483,Lenoir,121,54323.0,Coastal,138.1,3246.04,High,-77.6412486292,35.2387731611,High
30129,6435,Davie,121,43127.0,Northern,162.0,1665.25,High,-80.5444636482,35.929110866,High
30166,29587,Onslow,121,207928.0,Coastal,268.4,2191.23,High,-77.4157658244,34.709836363,High
30134,9907,Franklin,121,70655.0,Eastern,139.4,1314.6,High,-78.2856965824,36.0827733527,High
30191,130960,Wake,121,1154170.0,Eastern,1353.3,1846.0,Substantial,-78.6503081729,35.7902443741,High
30140,67913,Guilford,121,545484.0,Northern,838.0,3371.1,High,-79.7889042685,36.0794717315,High
30198,6005,Yadkin,121,36925.0,Northern,111.1,1820.8,High,-80.6652439331,36.1605336919,High
30183,11652,Stanly,121,62143.0,Central,158.2,2425.2,High,-80.2509863077,35.3119550622,High
30170,8805,Pender,121,62250.0,Coastal,69.1,1461.9,Substantial,-77.8884355846,34.5150997489,High
30150,32416,Johnston,121,224833.0,Coastal,272.7,1547.3,High,-78.3657109025,35.5178069265,High
30160,2057,Mitchell,121,14783.0,Western,67.4,458.42,High,-82.1635815487,36.0132038869,High
30149,5652,Jackson,121,41919.0,Western,87.8,1864.6,High,-83.1408496187,35.2875866253,High
30158,8647,McDowell,121,44151.0,Western,101.3,2610.9,High,-82.0493124426,35.6816924709,Substantial
30188,552,Tyrrell,121,3315.0,Coastal,8.3,957.2,High,-76.1704523585,35.8694070017,High
30186,1972,Swain,121,14046.0,Western,26.8,3517.8,High,-83.4927393736,35.4868150519,Moderate
30102,1614,Alleghany,121,11057.0,Northern,46.4,697.2,Substantial,-81.1278593427,36.4912704378,High
30122,18367,Cleveland,121,99332.0,Western,214.4,2001.7,High,-81.5555471412,35.3341018022,High
30118,6771,Chatham,121,77095.0,Eastern,111.9,1456.0,Substantial,-79.2552758614,35.7025721296,Substantial
30103,3856,Anson,121,22028.0,Central,41.5,2802.1,High,-80.102712026,34.9737894417,High
30192,2388,Warren,121,18621.0,Eastern,43.4,2235.0,High,-78.1067171324,36.3965102811,High
30185,12425,Surry,121,70573.0,Northern,134.0,1507.5,High,-80.6880779273,36.4148205561,High
30146,7143,Hoke,121,53783.0,Eastern,133.5,2028.14,High,-79.237290715,35.0175290075,High
30115,8377,Carteret,121,69039.0,Coastal,133.3,1912.1,High,-76.5357430669,34.8612598084,High
30113,13418,Caldwell,121,81319.0,Northern,170.9,2504.8,High,-81.5464366451,35.9530379334,High
30147,826,Hyde,121,4595.0,Coastal,7.5,0.0,Moderate,-76.1449651093,35.4081187361,High
30164,28699,New Hanover,121,230423.0,Coastal,1174.0,2612.3,Substantial,-77.865597569,34.1815553357,Substantial
30137,1330,Graham,121,7935.0,Western,27.5,8085.4,Substantial,-83.833581803,35.350171951,Moderate
30148,28885,Iredell,121,192986.0,Northern,325.0,1866.4,High,-80.8734378255,35.8070259189,High
30184,6257,Stokes,121,44422.0,Northern,99.1,2146.85,High,-80.2395157151,36.4019040049,High
30131,35000,Durham,121,331347.0,Eastern,1133.7,3966.0,Substantial,-78.8765926949,36.0360299243,Substantial
30187,3888,Transylvania,121,32825.0,Western,87.2,978.5,Substantial,-82.7983001279,35.2021778635,Substantial
30176,7125,Richmond,121,43006.0,Eastern,90.7,5508.4,High,-79.7477780226,35.0060483545,High
30197,13237,Wilson,121,79078.0,Coastal,214.3,2386.9,High,-77.9186629547,35.7051457145,Substantial
30139,3318,Greene,121,19978.0,Coastal,76.7,1640.3,High,-77.6757626742,35.4849957203,Moderate
30173,29706,Pitt,121,173536.0,Coastal,261.0,2238.9,High,-77.3744965519,35.5932989746,Substantial
30156,2781,Madison,121,21146.0,Western,47.1,1247.6,High,-82.7057582627,35.8580358086,Substantial
30167,11838,Orange,121,148331.0,Eastern,374.0,1991.9,Substantial,-79.120649356,36.0611182361,Substantial
30194,6636,Watauga,121,54804.0,Northern,173.1,1191.8,High,-81.6964250718,36.2311062795,High
30141,7918,Halifax,121,47859.0,Coastal,67.2,2754.7,High,-77.6517329831,36.2574485453,Substantial
30199,2823,Yancey,121,18320.0,Western,59.1,557.0,High,-82.3076279784,35.8989479924,High
30107,2475,Bertie,121,17302.0,Coastal,25.7,1594.6,High,-76.9667121404,36.0656302022,Substantial
30159,157260,Mecklenburg,121,1128426.0,Central,2130.4,3736.1,High,-80.8327311406,35.2467670437,Substantial
30174,2335,Polk,121,19461.0,Western,81.3,1596.5,High,-82.1696779265,35.2792789622,High
30163,15256,Nash,121,96101.0,Coastal,175.7,1838.5,Moderate,-77.9864448378,35.9672502839,Substantial
30169,5249,Pasquotank,121,40966.0,Coastal,178.8,2078.8,High,-76.2492413613,36.2650187228,High
30157,3651,Martin,121,21503.0,Coastal,48.3,2717.4,High,-77.109232267,35.843213981,High
30193,1593,Washington,121,10708.0,Coastal,31.8,1746.8,High,-76.5693098876,35.8392646425,Substantial
30106,7179,Beaufort,121,44150.0,Coastal,53.6,2157.95,High,-76.8453144055,35.486983815,High
30127,3850,Dare,121,37817.0,Coastal,96.3,1872.9,High,-75.6852333134,35.664936694,High
30112,32853,Cabarrus,121,232873.0,Central,625.1,1374.8,High,-80.5518508851,35.3867940405,High
30128,25786,Davidson,121,171752.0,Northern,305.4,1757.8,High,-80.2127487756,35.7933524917,High
30145,2856,Hertford,121,20374.0,Coastal,61.0,2281.6,High,-76.9807147831,36.3586360305,Moderate
30244,15230,Henderson,122,117429.0,Western,311.8,2039.7,High,-82.4799463782,35.3362263031,High
30227,3850,Dare,122,37817.0,Coastal,96.3,1872.9,High,-75.6852333134,35.664936694,High
30276,7125,Richmond,122,43006.0,Eastern,90.7,5508.4,High,-79.7477780226,35.0060483545,High
30243,7464,Haywood,122,62831.0,Western,112.2,3591.8,High,-82.9821729698,35.5560557128,High
30225,45623,Cumberland,122,341793.0,Eastern,512.9,3748.5,High,-78.8275607671,35.048611942,High
30269,5249,Pasquotank,122,40966.0,Coastal,178.8,2078.8,High,-76.2492413613,36.2650187228,High
30270,8805,Pender,122,62250.0,Coastal,69.1,1461.9,Substantial,-77.8884355846,34.5150997489,High
30248,28885,Iredell,122,192986.0,Northern,325.0,1866.4,High,-80.8734378255,35.8070259189,High
30201,6469,Alexander,122,36172.0,Northern,140.2,1440.7,High,-81.1770268506,35.9210263138,High
30289,36383,Union,122,244960.0,Central,376.6,1582.3,High,-80.5307400446,34.9883574887,High
30240,67913,Guilford,122,545484.0,Northern,838.0,3371.1,High,-79.7889042685,36.0794717315,High
30262,13666,Moore,122,102966.0,Eastern,142.9,1617.3,High,-79.4813744392,35.3106538555,Substantial
30261,4542,Montgomery,122,25485.0,Eastern,52.4,2480.1,High,-79.9054790812,35.332466935,High
30246,7143,Hoke,122,53783.0,Eastern,133.5,2028.14,High,-79.237290715,35.0175290075,High
30209,16298,Brunswick,122,144821.0,Coastal,160.8,1537.1,High,-78.2274071617,34.0388755841,Substantial
30293,1593,Washington,122,10708.0,Coastal,31.8,1746.8,High,-76.5693098876,35.8392646425,Substantial
30281,11296,Sampson,122,58371.0,Coastal,62.4,2241.9,High,-78.3713906105,34.9915361594,Substantial
30285,12425,Surry,122,70573.0,Northern,134.0,1507.5,High,-80.6880779273,36.4148205561,High
30203,3856,Anson,122,22028.0,Central,41.5,2802.1,High,-80.102712026,34.9737894417,High
30271,1558,Perquimans,122,13049.0,Coastal,52.6,684.8,High,-76.4076199893,36.1772228503,High
30252,9434,Lee,122,64360.0,Eastern,248.1,1631.1,High,-79.1714836119,35.4751864248,Substantial
30277,24992,Robeson,122,115899.0,Coastal,123.0,5137.4,High,-79.1038649277,34.6402420514,High
30255,4970,Macon,122,37041.0,Western,71.8,2077.4,High,-83.4221767088,35.1504672096,High
30291,130960,Wake,122,1154170.0,Eastern,1353.3,1846.0,Substantial,-78.6503081729,35.7902443741,High
30239,3318,Greene,122,19978.0,Coastal,76.7,1640.3,High,-77.6757626742,35.4849957203,Moderate
30233,51785,Forsyth,122,387703.0,Northern,938.1,4129.5,High,-80.256300016,36.1306195485,High
30224,14286,Craven,122,102568.0,Coastal,142.5,2112.3,Substantial,-77.082003837,35.117685821,Substantial
30228,25786,Davidson,122,171752.0,Northern,305.4,1757.8,High,-80.2127487756,35.7933524917,High
30204,3443,Ashe,122,26506.0,Northern,62.3,1123.1,Substantial,-81.5005211955,36.434424701,High
30275,21865,Randolph,122,143325.0,Northern,184.3,1615.5,High,-79.8060069064,35.7103417044,High
30212,32853,Cabarrus,122,232873.0,Central,625.1,1374.8,High,-80.5518508851,35.3867940405,High
30260,2057,Mitchell,122,14783.0,Western,67.4,458.42,High,-82.1635815487,36.0132038869,High
30254,14999,Lincoln,122,88742.0,Central,293.4,1745.2,High,-81.2235326264,35.4855950234,High
30298,6005,Yadkin,122,36925.0,Northern,111.1,1820.8,High,-80.6652439331,36.1605336919,High
30210,28191,Buncombe,122,271638.0,Western,410.4,3012.8,High,-82.5301070587,35.611177887,High
30206,7179,Beaufort,122,44150.0,Coastal,53.6,2157.95,High,-76.8453144055,35.486983815,High
30259,157260,Mecklenburg,122,1128426.0,Central,2130.4,3736.1,High,-80.8327311406,35.2467670437,Substantial
30299,2823,Yancey,122,18320.0,Western,59.1,557.0,High,-82.3076279784,35.8989479924,High
30267,11838,Orange,122,148331.0,Eastern,374.0,1991.9,Substantial,-79.120649356,36.0611182361,Substantial
30230,9972,Duplin,122,48249.0,Coastal,59.8,2911.6,High,-77.9330277459,34.9365348363,Substantial
30272,5105,Person,122,39048.0,Eastern,99.7,1862.8,Substantial,-78.9718051426,36.3900951244,High
30200,26393,Alamance,122,175029.0,Northern,404.8,3065.6,High,-79.3994248175,36.0437098766,High
30220,2297,Chowan,122,13646.0,Coastal,79.4,1402.6,High,-76.6021303656,36.1265615389,High
30286,1972,Swain,122,14046.0,Western,26.8,3517.8,High,-83.4927393736,35.4868150519,Moderate
30297,13237,Wilson,122,79078.0,Coastal,214.3,2386.9,High,-77.9186629547,35.7051457145,Substantial
30258,8647,McDowell,122,44151.0,Western,101.3,2610.9,High,-82.0493124426,35.6816924709,Substantial
30231,35034,Durham,122,331347.0,Eastern,1133.7,3966.0,Substantial,-78.8765926949,36.0360299243,Substantial
30253,9483,Lenoir,122,54323.0,Coastal,138.1,3246.04,High,-77.6412486292,35.2387731611,High
30268,1719,Pamlico,122,12215.0,Coastal,36.5,2321.5,High,-76.6694598427,35.151021226,Moderate
30232,7949,Edgecombe,122,48604.0,Coastal,96.7,2366.3,High,-77.5970588882,35.912880671,High
30207,2475,Bertie,122,17302.0,Coastal,25.7,1594.6,High,-76.9667121404,36.0656302022,Substantial
30235,40027,Gaston,122,233387.0,Central,640.7,2912.4,High,-81.1802416273,35.2943489527,High
30247,826,Hyde,122,4595.0,Coastal,7.5,0.0,Moderate,-76.1449651093,35.4081187361,High
30213,13418,Caldwell,122,81319.0,Northern,170.9,2504.8,High,-81.5464366451,35.9530379334,High
30214,1145,Camden,122,10537.0,Coastal,43.1,793.0,High,-76.1609504039,36.3411216216,High
30202,1614,Alleghany,122,11057.0,Northern,46.4,697.2,Substantial,-81.1278593427,36.4912704378,High
30290,6838,Vance,122,41665.0,Eastern,168.7,3584.5,High,-78.4079288849,36.3649169333,High
30296,10570,Wilkes,122,65151.0,Northern,87.5,1887.3,High,-81.1633856618,36.2062757623,High
30222,18367,Cleveland,122,99332.0,Western,214.4,2001.7,High,-81.5555471412,35.3341018022,High
30280,11433,Rutherford,122,63870.0,Western,114.0,2009.9,High,-81.9198334642,35.4025956291,High
30264,28699,New Hanover,122,230423.0,Coastal,1174.0,2612.3,Substantial,-77.865597569,34.1815553357,Substantial
30287,3888,Transylvania,122,32825.0,Western,87.2,978.5,Substantial,-82.7983001279,35.2021778635,Substantial
30282,5735,Scotland,122,33662.0,Eastern,107.1,3528.0,High,-79.4804292418,34.8408848102,Substantial
30278,12184,Rockingham,122,90457.0,Northern,161.0,2130.4,High,-79.7749871967,36.3960127906,High
30288,552,Tyrrell,122,3315.0,Coastal,8.3,957.2,High,-76.1704523585,35.8694070017,High
30251,1351,Jones,122,9076.0,Coastal,19.5,0.0,High,-77.3551679748,35.0217248029,Moderate
30249,5652,Jackson,122,41919.0,Western,87.8,1864.6,High,-83.1408496187,35.2875866253,High
30279,26221,Rowan,122,148565.0,Northern,287.1,2292.8,High,-80.5247717485,35.6394734632,High
30256,2781,Madison,122,21146.0,Western,47.1,1247.6,High,-82.7057582627,35.8580358086,Substantial
30250,32416,Johnston,122,224833.0,Coastal,272.7,1547.3,High,-78.3657109025,35.5178069265,High
30219,4643,Cherokee,122,28738.0,Western,63.2,3613.3,Substantial,-84.063444228,35.1338574515,Substantial
30234,9907,Franklin,122,70655.0,Eastern,139.4,1314.6,High,-78.2856965824,36.0827733527,High
30205,2735,Avery,122,17347.0,Western,72.0,1003.4,Substantial,-81.9226013745,36.0766050343,High
30226,2750,Currituck,122,29385.0,Coastal,107.3,1344.3,High,-75.936949201,36.3672994836,High
30218,6771,Chatham,122,77095.0,Eastern,111.9,1456.0,Substantial,-79.2552758614,35.7025721296,Substantial
30266,29587,Onslow,122,207928.0,Coastal,268.4,2191.23,High,-77.4157658244,34.709836363,High
30292,2388,Warren,122,18621.0,Eastern,43.4,2235.0,High,-78.1067171324,36.3965102811,High
30215,8377,Carteret,122,69039.0,Coastal,133.3,1912.1,High,-76.5357430669,34.8612598084,High
30265,2599,Northampton,122,16953.0,Eastern,32.6,2092.6,Substantial,-77.3968212099,36.4177312434,Moderate
30217,28347,Catawba,122,162841.0,Northern,400.2,2802.5,High,-81.2150705598,35.662042354,High
30229,6435,Davie,122,43127.0,Northern,162.0,1665.25,High,-80.5444636482,35.929110866,High
30284,6257,Stokes,122,44422.0,Northern,99.1,2146.85,High,-80.2395157151,36.4019040049,High
30237,1330,Graham,122,7935.0,Western,27.5,8085.4,Substantial,-83.833581803,35.350171951,Moderate
30221,1656,Clay,122,11238.0,Western,51.6,2288.34,Substantial,-83.7501767115,35.0571811284,High
30216,3195,Caswell,122,22400.0,Eastern,53.5,317.5,Substantial,-79.3335234769,36.3932742158,Substantial
30273,29706,Pitt,122,173536.0,Coastal,261.0,2238.9,High,-77.3744965519,35.5932989746,Substantial
30283,11652,Stanly,122,62143.0,Central,158.2,2425.2,High,-80.2509863077,35.3119550622,High
30295,16447,Wayne,122,115895.0,Coastal,211.8,2813.0,High,-78.0039971272,35.3639599672,High
30211,15745,Burke,122,88398.0,Western,173.0,1836.1,High,-81.7047784739,35.7496106399,Substantial
30274,2335,Polk,122,19461.0,Western,81.3,1596.5,High,-82.1696779265,35.2792789622,High
30238,7952,Granville,122,60720.0,Eastern,114.6,1466.3,High,-78.6527194252,36.3040698262,High
30236,1088,Gates,122,10324.0,Coastal,30.8,750.9,High,-76.7005266521,36.4449435708,High
30294,6636,Watauga,122,54804.0,Northern,173.1,1191.8,High,-81.6964250718,36.2311062795,High
30208,5476,Bladen,122,29171.0,Coastal,33.8,2578.5,High,-78.5636493115,34.6145873342,Substantial
30263,15256,Nash,122,96101.0,Coastal,175.7,1838.5,Moderate,-77.9864448378,35.9672502839,Substantial
30257,3651,Martin,122,21503.0,Coastal,48.3,2717.4,High,-77.109232267,35.843213981,High
30242,18470,Harnett,122,134986.0,Eastern,224.5,2172.6,High,-78.8694125204,35.3686291614,Substantial
30245,2856,Hertford,122,20374.0,Coastal,61.0,2281.6,High,-76.9807147831,36.3586360305,Moderate
30223,10086,Columbus,122,49795.0,Coastal,54.0,2887.71,High,-78.6550308717,34.2656450828,Substantial
30241,7918,Halifax,122,47859.0,Coastal,67.2,2754.7,High,-77.6517329831,36.2574485453,Substantial
30315,8377,Carteret,123,69039.0,Coastal,133.3,1912.1,High,-76.5357430669,34.8612598084,High
30374,2335,Polk,123,19461.0,Western,81.3,1596.5,High,-82.1696779265,35.2792789622,High
30302,1614,Alleghany,123,11057.0,Northern,46.4,697.2,Substantial,-81.1278593427,36.4912704378,High
30318,6771,Chatham,123,77095.0,Eastern,111.9,1456.0,Substantial,-79.2552758614,35.7025721296,Substantial
30392,2388,Warren,123,18621.0,Eastern,43.4,2235.0,High,-78.1067171324,36.3965102811,High
30390,6838,Vance,123,41665.0,Eastern,168.7,3584.5,High,-78.4079288849,36.3649169333,High
30396,10570,Wilkes,123,65151.0,Northern,87.5,1887.3,High,-81.1633856618,36.2062757623,High
30367,11838,Orange,123,148331.0,Eastern,374.0,1991.9,Substantial,-79.120649356,36.0611182361,Substantial
30347,826,Hyde,123,4595.0,Coastal,7.5,0.0,Moderate,-76.1449651093,35.4081187361,High
30350,32416,Johnston,123,224833.0,Coastal,272.7,1547.3,High,-78.3657109025,35.5178069265,High
30337,1330,Graham,123,7935.0,Western,27.5,8085.4,Substantial,-83.833581803,35.350171951,Moderate
30355,4970,Macon,123,37041.0,Western,71.8,2077.4,High,-83.4221767088,35.1504672096,High
30313,13418,Caldwell,123,81319.0,Northern,170.9,2504.8,High,-81.5464366451,35.9530379334,High
30332,7949,Edgecombe,123,48604.0,Coastal,96.7,2366.3,High,-77.5970588882,35.912880671,High
30330,9972,Duplin,123,48249.0,Coastal,59.8,2911.6,High,-77.9330277459,34.9365348363,Substantial
30323,10086,Columbus,123,49795.0,Coastal,54.0,2887.71,High,-78.6550308717,34.2656450828,Substantial
30353,9483,Lenoir,123,54323.0,Coastal,138.1,3246.04,High,-77.6412486292,35.2387731611,High
30331,35034,Durham,123,331347.0,Eastern,1133.7,3966.0,Substantial,-78.8765926949,36.0360299243,Substantial
30377,24992,Robeson,123,115899.0,Coastal,123.0,5137.4,High,-79.1038649277,34.6402420514,High
30316,3195,Caswell,123,22400.0,Eastern,53.5,317.5,Substantial,-79.3335234769,36.3932742158,Substantial
30359,157260,Mecklenburg,123,1128426.0,Central,2130.4,3736.1,High,-80.8327311406,35.2467670437,Substantial
30335,40027,Gaston,123,233387.0,Central,640.7,2912.4,High,-81.1802416273,35.2943489527,High
30322,18367,Cleveland,123,99332.0,Western,214.4,2001.7,High,-81.5555471412,35.3341018022,High
30380,11433,Rutherford,123,63870.0,Western,114.0,2009.9,High,-81.9198334642,35.4025956291,High
30312,32853,Cabarrus,123,232873.0,Central,625.1,1374.8,High,-80.5518508851,35.3867940405,High
30375,21865,Randolph,123,143325.0,Northern,184.3,1615.5,High,-79.8060069064,35.7103417044,High
30395,16447,Wayne,123,115895.0,Coastal,211.8,2813.0,High,-78.0039971272,35.3639599672,High
30304,3443,Ashe,123,26506.0,Northern,62.3,1123.1,Substantial,-81.5005211955,36.434424701,High
30383,11652,Stanly,123,62143.0,Central,158.2,2425.2,High,-80.2509863077,35.3119550622,High
30328,25786,Davidson,123,171752.0,Northern,305.4,1757.8,High,-80.2127487756,35.7933524917,High
30339,3318,Greene,123,19978.0,Coastal,76.7,1640.3,High,-77.6757626742,35.4849957203,Moderate
30354,14999,Lincoln,123,88742.0,Central,293.4,1745.2,High,-81.2235326264,35.4855950234,High
30324,14286,Craven,123,102568.0,Coastal,142.5,2112.3,Substantial,-77.082003837,35.117685821,Substantial
30398,6005,Yadkin,123,36925.0,Northern,111.1,1820.8,High,-80.6652439331,36.1605336919,High
30399,2823,Yancey,123,18320.0,Western,59.1,557.0,High,-82.3076279784,35.8989479924,High
30300,26393,Alamance,123,175029.0,Northern,404.8,3065.6,High,-79.3994248175,36.0437098766,High
30333,51785,Forsyth,123,387703.0,Northern,938.1,4129.5,High,-80.256300016,36.1306195485,High
30336,1088,Gates,123,10324.0,Coastal,30.8,750.9,High,-76.7005266521,36.4449435708,High
30363,15256,Nash,123,96101.0,Coastal,175.7,1838.5,Moderate,-77.9864448378,35.9672502839,Substantial
30356,2781,Madison,123,21146.0,Western,47.1,1247.6,High,-82.7057582627,35.8580358086,Substantial
30306,7179,Beaufort,123,44150.0,Coastal,53.6,2157.95,High,-76.8453144055,35.486983815,High
30397,13237,Wilson,123,79078.0,Coastal,214.3,2386.9,High,-77.9186629547,35.7051457145,Substantial
30308,5476,Bladen,123,29171.0,Coastal,33.8,2578.5,High,-78.5636493115,34.6145873342,Substantial
30319,4643,Cherokee,123,28738.0,Western,63.2,3613.3,Substantial,-84.063444228,35.1338574515,Substantial
30360,2057,Mitchell,123,14783.0,Western,67.4,458.42,High,-82.1635815487,36.0132038869,High
30386,1972,Swain,123,14046.0,Western,26.8,3517.8,High,-83.4927393736,35.4868150519,Moderate
30305,2735,Avery,123,17347.0,Western,72.0,1003.4,Substantial,-81.9226013745,36.0766050343,High
30310,28191,Buncombe,123,271638.0,Western,410.4,3012.8,High,-82.5301070587,35.611177887,High
30364,28699,New Hanover,123,230423.0,Coastal,1174.0,2612.3,Substantial,-77.865597569,34.1815553357,Substantial
30314,1145,Camden,123,10537.0,Coastal,43.1,793.0,High,-76.1609504039,36.3411216216,High
30326,2750,Currituck,123,29385.0,Coastal,107.3,1344.3,High,-75.936949201,36.3672994836,High
30372,5105,Person,123,39048.0,Eastern,99.7,1862.8,Substantial,-78.9718051426,36.3900951244,High
30394,6636,Watauga,123,54804.0,Northern,173.1,1191.8,High,-81.6964250718,36.2311062795,High
30368,1719,Pamlico,123,12215.0,Coastal,36.5,2321.5,High,-76.6694598427,35.151021226,Moderate
30391,130960,Wake,123,1154170.0,Eastern,1353.3,1846.0,Substantial,-78.6503081729,35.7902443741,High
30366,29587,Onslow,123,207928.0,Coastal,268.4,2191.23,High,-77.4157658244,34.709836363,High
30362,13666,Moore,123,102966.0,Eastern,142.9,1617.3,High,-79.4813744392,35.3106538555,Substantial
30384,6257,Stokes,123,44422.0,Northern,99.1,2146.85,High,-80.2395157151,36.4019040049,High
30385,12425,Surry,123,70573.0,Northern,134.0,1507.5,High,-80.6880779273,36.4148205561,High
30381,11296,Sampson,123,58371.0,Coastal,62.4,2241.9,High,-78.3713906105,34.9915361594,Substantial
30365,2599,Northampton,123,16953.0,Eastern,32.6,2092.6,Substantial,-77.3968212099,36.4177312434,Moderate
30378,12184,Rockingham,123,90457.0,Northern,161.0,2130.4,High,-79.7749871967,36.3960127906,High
30341,7918,Halifax,123,47859.0,Coastal,67.2,2754.7,High,-77.6517329831,36.2574485453,Substantial
30311,15745,Burke,123,88398.0,Western,173.0,1836.1,High,-81.7047784739,35.7496106399,Substantial
30388,552,Tyrrell,123,3315.0,Coastal,8.3,957.2,High,-76.1704523585,35.8694070017,High
30303,3856,Anson,123,22028.0,Central,41.5,2802.1,High,-80.102712026,34.9737894417,High
30309,16298,Brunswick,123,144821.0,Coastal,160.8,1537.1,High,-78.2274071617,34.0388755841,Substantial
30349,5652,Jackson,123,41919.0,Western,87.8,1864.6,High,-83.1408496187,35.2875866253,High
30369,5249,Pasquotank,123,40966.0,Coastal,178.8,2078.8,High,-76.2492413613,36.2650187228,High
30351,1351,Jones,123,9076.0,Coastal,19.5,0.0,High,-77.3551679748,35.0217248029,Moderate
30344,15230,Henderson,123,117429.0,Western,311.8,2039.7,High,-82.4799463782,35.3362263031,High
30361,4542,Montgomery,123,25485.0,Eastern,52.4,2480.1,High,-79.9054790812,35.332466935,High
30382,5735,Scotland,123,33662.0,Eastern,107.1,3528.0,High,-79.4804292418,34.8408848102,Substantial
30307,2475,Bertie,123,17302.0,Coastal,25.7,1594.6,High,-76.9667121404,36.0656302022,Substantial
30370,8805,Pender,123,62250.0,Coastal,69.1,1461.9,Substantial,-77.8884355846,34.5150997489,High
30357,3651,Martin,123,21503.0,Coastal,48.3,2717.4,High,-77.109232267,35.843213981,High
30342,18470,Harnett,123,134986.0,Eastern,224.5,2172.6,High,-78.8694125204,35.3686291614,Substantial
30393,1593,Washington,123,10708.0,Coastal,31.8,1746.8,High,-76.5693098876,35.8392646425,Substantial
30346,7143,Hoke,123,53783.0,Eastern,133.5,2028.14,High,-79.237290715,35.0175290075,High
30371,1558,Perquimans,123,13049.0,Coastal,52.6,684.8,High,-76.4076199893,36.1772228503,High
30389,36383,Union,123,244960.0,Central,376.6,1582.3,High,-80.5307400446,34.9883574887,High
30320,2297,Chowan,123,13646.0,Coastal,79.4,1402.6,High,-76.6021303656,36.1265615389,High
30325,45623,Cumberland,123,341793.0,Eastern,512.9,3748.5,High,-78.8275607671,35.048611942,High
30338,7952,Granville,123,60720.0,Eastern,114.6,1466.3,High,-78.6527194252,36.3040698262,High
30327,3850,Dare,123,37817.0,Coastal,96.3,1872.9,High,-75.6852333134,35.664936694,High
30317,28347,Catawba,123,162841.0,Northern,400.2,2802.5,High,-81.2150705598,35.662042354,High
30345,2856,Hertford,123,20374.0,Coastal,61.0,2281.6,High,-76.9807147831,36.3586360305,Moderate
30340,67913,Guilford,123,545484.0,Northern,838.0,3371.1,High,-79.7889042685,36.0794717315,High
30379,26221,Rowan,123,148565.0,Northern,287.1,2292.8,High,-80.5247717485,35.6394734632,High
30373,29706,Pitt,123,173536.0,Coastal,261.0,2238.9,High,-77.3744965519,35.5932989746,Substantial
30321,1656,Clay,123,11238.0,Western,51.6,2288.34,Substantial,-83.7501767115,35.0571811284,High
30329,6435,Davie,123,43127.0,Northern,162.0,1665.25,High,-80.5444636482,35.929110866,High
30352,9434,Lee,123,64360.0,Eastern,248.1,1631.1,High,-79.1714836119,35.4751864248,Substantial
30387,3888,Transylvania,123,32825.0,Western,87.2,978.5,Substantial,-82.7983001279,35.2021778635,Substantial
30358,8647,McDowell,123,44151.0,Western,101.3,2610.9,High,-82.0493124426,35.6816924709,Substantial
30301,6469,Alexander,123,36172.0,Northern,140.2,1440.7,High,-81.1770268506,35.9210263138,High
30348,28885,Iredell,123,192986.0,Northern,325.0,1866.4,High,-80.8734378255,35.8070259189,High
30376,7125,Richmond,123,43006.0,Eastern,90.7,5508.4,High,-79.7477780226,35.0060483545,High
30334,9907,Franklin,123,70655.0,Eastern,139.4,1314.6,High,-78.2856965824,36.0827733527,High
30343,7464,Haywood,123,62831.0,Western,112.2,3591.8,High,-82.9821729698,35.5560557128,High
30475,21950,Randolph,124,143325.0,Northern,184.3,1615.5,High,-79.8060069064,35.7103417044,High
30451,1354,Jones,124,9076.0,Coastal,19.5,0.0,High,-77.3551679748,35.0217248029,Substantial
30421,1660,Clay,124,11238.0,Western,51.6,2288.34,Substantial,-83.7501767115,35.0571811284,High
30425,45790,Cumberland,124,341793.0,Eastern,512.9,3748.5,High,-78.8275607671,35.048611942,High
30468,1727,Pamlico,124,12215.0,Coastal,36.5,2321.5,High,-76.6694598427,35.151021226,Low
30450,32503,Johnston,124,224833.0,Coastal,272.7,1547.3,High,-78.3657109025,35.5178069265,High
30417,28433,Catawba,124,162841.0,Northern,400.2,2802.5,High,-81.2150705598,35.662042354,High
30498,6019,Yadkin,124,36925.0,Northern,111.1,1820.8,High,-80.6652439331,36.1605336919,High
30489,36483,Union,124,244960.0,Central,376.6,1582.3,High,-80.5307400446,34.9883574887,High
30453,9497,Lenoir,124,54323.0,Coastal,138.1,3246.04,Substantial,-77.6412486292,35.2387731611,Substantial
30446,7161,Hoke,124,53783.0,Eastern,133.5,2028.14,High,-79.237290715,35.0175290075,High
30406,7209,Beaufort,124,44150.0,Coastal,53.6,2157.95,High,-76.8453144055,35.486983815,High
30408,5491,Bladen,124,29171.0,Coastal,33.8,2578.5,Substantial,-78.5636493115,34.6145873342,Substantial
30459,157711,Mecklenburg,124,1128426.0,Central,2130.4,3736.1,High,-80.8327311406,35.2467670437,High
30494,6653,Watauga,124,54804.0,Northern,173.1,1191.8,High,-81.6964250718,36.2311062795,High
30482,5754,Scotland,124,33662.0,Eastern,107.1,3528.0,High,-79.4804292418,34.8408848102,High
30430,9997,Duplin,124,48249.0,Coastal,59.8,2911.6,High,-77.9330277459,34.9365348363,Substantial
30416,3206,Caswell,124,22400.0,Eastern,53.5,317.5,High,-79.3335234769,36.3932742158,High
30407,2480,Bertie,124,17302.0,Coastal,25.7,1594.6,Substantial,-76.9667121404,36.0656302022,Substantial
30470,8826,Pender,124,62250.0,Coastal,69.1,1461.9,Moderate,-77.8884355846,34.5150997489,High
30472,5122,Person,124,39048.0,Eastern,99.7,1862.8,Substantial,-78.9718051426,36.3900951244,Substantial
30487,3893,Transylvania,124,32825.0,Western,87.2,978.5,Substantial,-82.7983001279,35.2021778635,Substantial
30436,1089,Gates,124,10324.0,Coastal,30.8,750.9,Substantial,-76.7005266521,36.4449435708,Substantial
30432,7971,Edgecombe,124,48604.0,Coastal,96.7,2366.3,High,-77.5970588882,35.912880671,Substantial
30410,28320,Buncombe,124,271638.0,Western,410.4,3012.8,High,-82.5301070587,35.611177887,High
30445,2857,Hertford,124,20374.0,Coastal,61.0,2281.6,Substantial,-76.9807147831,36.3586360305,Moderate
30438,7987,Granville,124,60720.0,Eastern,114.6,1466.3,High,-78.6527194252,36.3040698262,High
30471,1572,Perquimans,124,13049.0,Coastal,52.6,684.8,High,-76.4076199893,36.1772228503,High
30443,7495,Haywood,124,62831.0,Western,112.2,3591.8,High,-82.9821729698,35.5560557128,High
30449,5669,Jackson,124,41919.0,Western,87.8,1864.6,High,-83.1408496187,35.2875866253,Substantial
30495,16601,Wayne,124,115895.0,Coastal,211.8,2813.0,High,-78.0039971272,35.3639599672,High
30483,11689,Stanly,124,62143.0,Central,158.2,2425.2,High,-80.2509863077,35.3119550622,High
30404,3448,Ashe,124,26506.0,Northern,62.3,1123.1,Substantial,-81.5005211955,36.434424701,High
30452,9453,Lee,124,64360.0,Eastern,248.1,1631.1,Substantial,-79.1714836119,35.4751864248,Substantial
30499,2832,Yancey,124,18320.0,Western,59.1,557.0,High,-82.3076279784,35.8989479924,High
30464,28747,New Hanover,124,230423.0,Coastal,1174.0,2612.3,Substantial,-77.865597569,34.1815553357,Substantial
30481,11320,Sampson,124,58371.0,Coastal,62.4,2241.9,High,-78.3713906105,34.9915361594,Substantial
30463,15282,Nash,124,96101.0,Coastal,175.7,1838.5,Moderate,-77.9864448378,35.9672502839,Substantial
30415,8409,Carteret,124,69039.0,Coastal,133.3,1912.1,High,-76.5357430669,34.8612598084,High
30401,6491,Alexander,124,36172.0,Northern,140.2,1440.7,High,-81.1770268506,35.9210263138,High
30484,6301,Stokes,124,44422.0,Northern,99.1,2146.85,High,-80.2395157151,36.4019040049,High
30480,11478,Rutherford,124,63870.0,Western,114.0,2009.9,High,-81.9198334642,35.4025956291,High
30426,2769,Currituck,124,29385.0,Coastal,107.3,1344.3,High,-75.936949201,36.3672994836,High
30434,9939,Franklin,124,70655.0,Eastern,139.4,1314.6,High,-78.2856965824,36.0827733527,High
30448,28979,Iredell,124,192986.0,Northern,325.0,1866.4,High,-80.8734378255,35.8070259189,High
30418,6788,Chatham,124,77095.0,Eastern,111.9,1456.0,Substantial,-79.2552758614,35.7025721296,Substantial
30490,6863,Vance,124,41665.0,Eastern,168.7,3584.5,High,-78.4079288849,36.3649169333,High
30485,12462,Surry,124,70573.0,Northern,134.0,1507.5,High,-80.6880779273,36.4148205561,High
30486,1986,Swain,124,14046.0,Western,26.8,3517.8,High,-83.4927393736,35.4868150519,Moderate
30414,1151,Camden,124,10537.0,Coastal,43.1,793.0,High,-76.1609504039,36.3411216216,Substantial
30405,2745,Avery,124,17347.0,Western,72.0,1003.4,Substantial,-81.9226013745,36.0766050343,High
30400,26469,Alamance,124,175029.0,Northern,404.8,3065.6,High,-79.3994248175,36.0437098766,High
30413,13520,Caldwell,124,81319.0,Northern,170.9,2504.8,High,-81.5464366451,35.9530379334,High
30428,25878,Davidson,124,171752.0,Northern,305.4,1757.8,High,-80.2127487756,35.7933524917,High
30444,15282,Henderson,124,117429.0,Western,311.8,2039.7,High,-82.4799463782,35.3362263031,High
30458,8661,McDowell,124,44151.0,Western,101.3,2610.9,High,-82.0493124426,35.6816924709,High
30424,14316,Craven,124,102568.0,Coastal,142.5,2112.3,Substantial,-77.082003837,35.117685821,Moderate
30439,3332,Greene,124,19978.0,Coastal,76.7,1640.3,High,-77.6757626742,35.4849957203,Substantial
30433,51962,Forsyth,124,387703.0,Northern,938.1,4129.5,High,-80.256300016,36.1306195485,High
30429,6464,Davie,124,43127.0,Northern,162.0,1665.25,High,-80.5444636482,35.929110866,High
30402,1621,Alleghany,124,11057.0,Northern,46.4,697.2,High,-81.1278593427,36.4912704378,High
30409,16342,Brunswick,124,144821.0,Coastal,160.8,1537.1,Substantial,-78.2274071617,34.0388755841,High
30469,5274,Pasquotank,124,40966.0,Coastal,178.8,2078.8,High,-76.2492413613,36.2650187228,High
30447,829,Hyde,124,4595.0,Coastal,7.5,0.0,Substantial,-76.1449651093,35.4081187361,High
30488,556,Tyrrell,124,3315.0,Coastal,8.3,957.2,High,-76.1704523585,35.8694070017,High
30465,2606,Northampton,124,16953.0,Eastern,32.6,2092.6,Moderate,-77.3968212099,36.4177312434,Moderate
30427,3880,Dare,124,37817.0,Coastal,96.3,1872.9,High,-75.6852333134,35.664936694,High
30419,4645,Cherokee,124,28738.0,Western,63.2,3613.3,Moderate,-84.063444228,35.1338574515,High
30462,13709,Moore,124,102966.0,Eastern,142.9,1617.3,High,-79.4813744392,35.3106538555,Substantial
30473,29770,Pitt,124,173536.0,Coastal,261.0,2238.9,High,-77.3744965519,35.5932989746,Substantial
30477,25049,Robeson,124,115899.0,Coastal,123.0,5137.4,High,-79.1038649277,34.6402420514,Substantial
30466,29772,Onslow,124,207928.0,Coastal,268.4,2191.23,High,-77.4157658244,34.709836363,Substantial
30474,2345,Polk,124,19461.0,Western,81.3,1596.5,High,-82.1696779265,35.2792789622,High
30456,2798,Madison,124,21146.0,Western,47.1,1247.6,High,-82.7057582627,35.8580358086,High
30492,2399,Warren,124,18621.0,Eastern,43.4,2235.0,High,-78.1067171324,36.3965102811,Substantial
30491,131431,Wake,124,1154170.0,Eastern,1353.3,1846.0,High,-78.6503081729,35.7902443741,High
30423,10118,Columbus,124,49795.0,Coastal,54.0,2887.71,High,-78.6550308717,34.2656450828,Substantial
30412,32962,Cabarrus,124,232873.0,Central,625.1,1374.8,High,-80.5518508851,35.3867940405,High
30422,18426,Cleveland,124,99332.0,Western,214.4,2001.7,High,-81.5555471412,35.3341018022,High
30403,3872,Anson,124,22028.0,Central,41.5,2802.1,High,-80.102712026,34.9737894417,High
30437,1332,Graham,124,7935.0,Western,27.5,8085.4,Substantial,-83.833581803,35.350171951,Substantial
30442,18534,Harnett,124,134986.0,Eastern,224.5,2172.6,High,-78.8694125204,35.3686291614,Substantial
30431,35122,Durham,124,331347.0,Eastern,1133.7,3966.0,Substantial,-78.8765926949,36.0360299243,Substantial
30440,68151,Guilford,124,545484.0,Northern,838.0,3371.1,High,-79.7889042685,36.0794717315,High
30467,11881,Orange,124,148331.0,Eastern,374.0,1991.9,Substantial,-79.120649356,36.0611182361,Substantial
30476,7151,Richmond,124,43006.0,Eastern,90.7,5508.4,High,-79.7477780226,35.0060483545,Substantial
30461,4554,Montgomery,124,25485.0,Eastern,52.4,2480.1,High,-79.9054790812,35.332466935,High
30478,12244,Rockingham,124,90457.0,Northern,161.0,2130.4,High,-79.7749871967,36.3960127906,High
30497,13268,Wilson,124,79078.0,Coastal,214.3,2386.9,High,-77.9186629547,35.7051457145,Substantial
30411,15775,Burke,124,88398.0,Western,173.0,1836.1,High,-81.7047784739,35.7496106399,Substantial
30420,2300,Chowan,124,13646.0,Coastal,79.4,1402.6,Substantial,-76.6021303656,36.1265615389,High
30454,15063,Lincoln,124,88742.0,Central,293.4,1745.2,High,-81.2235326264,35.4855950234,High
30455,4989,Macon,124,37041.0,Western,71.8,2077.4,High,-83.4221767088,35.1504672096,High
30441,7940,Halifax,124,47859.0,Coastal,67.2,2754.7,High,-77.6517329831,36.2574485453,Substantial
30479,26295,Rowan,124,148565.0,Northern,287.1,2292.8,High,-80.5247717485,35.6394734632,High
30457,3660,Martin,124,21503.0,Coastal,48.3,2717.4,High,-77.109232267,35.843213981,High
30460,2066,Mitchell,124,14783.0,Western,67.4,458.42,High,-82.1635815487,36.0132038869,High
30435,40131,Gaston,124,233387.0,Central,640.7,2912.4,High,-81.1802416273,35.2943489527,High
30493,1597,Washington,124,10708.0,Coastal,31.8,1746.8,High,-76.5693098876,35.8392646425,High
30496,10604,Wilkes,124,65151.0,Northern,87.5,1887.3,High,-81.1633856618,36.2062757623,High
30531,35143,Durham,125,331347.0,Eastern,1133.7,3966.0,Substantial,-78.8765926949,36.0360299243,Substantial
30532,7966,Edgecombe,125,48604.0,Coastal,96.7,2366.3,High,-77.5970588882,35.912880671,Substantial
30560,2068,Mitchell,125,14783.0,Western,67.4,458.42,High,-82.1635815487,36.0132038869,High
30586,1985,Swain,125,14046.0,Western,26.8,3517.8,High,-83.4927393736,35.4868150519,Moderate
30540,68236,Guilford,125,545484.0,Northern,838.0,3371.1,High,-79.7889042685,36.0794717315,High
30562,13713,Moore,125,102966.0,Eastern,142.9,1617.3,High,-79.4813744392,35.3106538555,Substantial
30581,11329,Sampson,125,58371.0,Coastal,62.4,2241.9,High,-78.3713906105,34.9915361594,Substantial
30587,3898,Transylvania,125,32825.0,Western,87.2,978.5,Substantial,-82.7983001279,35.2021778635,Substantial
30513,13541,Caldwell,125,81319.0,Northern,170.9,2504.8,High,-81.5464366451,35.9530379334,High
30578,12257,Rockingham,125,90457.0,Northern,161.0,2130.4,High,-79.7749871967,36.3960127906,High
30573,29786,Pitt,125,173536.0,Coastal,261.0,2238.9,High,-77.3744965519,35.5932989746,Substantial
30518,6787,Chatham,125,77095.0,Eastern,111.9,1456.0,Substantial,-79.2552758614,35.7025721296,Substantial
30537,1333,Graham,125,7935.0,Western,27.5,8085.4,Substantial,-83.833581803,35.350171951,Substantial
30584,6310,Stokes,125,44422.0,Northern,99.1,2146.85,High,-80.2395157151,36.4019040049,High
30555,4993,Macon,125,37041.0,Western,71.8,2077.4,High,-83.4221767088,35.1504672096,High
30535,40152,Gaston,125,233387.0,Central,640.7,2912.4,High,-81.1802416273,35.2943489527,High
30522,18438,Cleveland,125,99332.0,Western,214.4,2001.7,High,-81.5555471412,35.3341018022,High
30565,2606,Northampton,125,16953.0,Eastern,32.6,2092.6,Moderate,-77.3968212099,36.4177312434,Moderate
30553,9504,Lenoir,125,54323.0,Coastal,138.1,3246.04,High,-77.6412486292,35.2387731611,Substantial
30547,829,Hyde,125,4595.0,Coastal,7.5,0.0,Substantial,-76.1449651093,35.4081187361,High
30514,1151,Camden,125,10537.0,Coastal,43.1,793.0,High,-76.1609504039,36.3411216216,Substantial
30568,1728,Pamlico,125,12215.0,Coastal,36.5,2321.5,High,-76.6694598427,35.151021226,Low
30564,28752,New Hanover,125,230423.0,Coastal,1174.0,2612.3,Substantial,-77.865597569,34.1815553357,Substantial
30552,9459,Lee,125,64360.0,Eastern,248.1,1631.1,Substantial,-79.1714836119,35.4751864248,Substantial
30538,7992,Granville,125,60720.0,Eastern,114.6,1466.3,High,-78.6527194252,36.3040698262,Substantial
30591,131431,Wake,125,1154170.0,Eastern,1353.3,1846.0,High,-78.6503081729,35.7902443741,High
30543,7507,Haywood,125,62831.0,Western,112.2,3591.8,High,-82.9821729698,35.5560557128,High
30502,1621,Alleghany,125,11057.0,Northern,46.4,697.2,High,-81.1278593427,36.4912704378,High
30558,8666,McDowell,125,44151.0,Western,101.3,2610.9,High,-82.0493124426,35.6816924709,High
30501,6490,Alexander,125,36172.0,Northern,140.2,1440.7,High,-81.1770268506,35.9210263138,Substantial
30590,6867,Vance,125,41665.0,Eastern,168.7,3584.5,High,-78.4079288849,36.3649169333,High
30515,8416,Carteret,125,69039.0,Coastal,133.3,1912.1,High,-76.5357430669,34.8612598084,High
30596,10612,Wilkes,125,65151.0,Northern,87.5,1887.3,High,-81.1633856618,36.2062757623,High
30580,11485,Rutherford,125,63870.0,Western,114.0,2009.9,High,-81.9198334642,35.4025956291,High
30579,26310,Rowan,125,148565.0,Northern,287.1,2292.8,High,-80.5247717485,35.6394734632,High
30576,7154,Richmond,125,43006.0,Eastern,90.7,5508.4,High,-79.7477780226,35.0060483545,Substantial
30529,6471,Davie,125,43127.0,Northern,162.0,1665.25,High,-80.5444636482,35.929110866,High
30527,3888,Dare,125,37817.0,Coastal,96.3,1872.9,High,-75.6852333134,35.664936694,High
30566,29828,Onslow,125,207928.0,Coastal,268.4,2191.23,High,-77.4157658244,34.709836363,Moderate
30516,3206,Caswell,125,22400.0,Eastern,53.5,317.5,Substantial,-79.3335234769,36.3932742158,High
30511,15810,Burke,125,88398.0,Western,173.0,1836.1,High,-81.7047784739,35.7496106399,Substantial
30577,25057,Robeson,125,115899.0,Coastal,123.0,5137.4,High,-79.1038649277,34.6402420514,Substantial
30593,1599,Washington,125,10708.0,Coastal,31.8,1746.8,High,-76.5693098876,35.8392646425,High
30570,8834,Pender,125,62250.0,Coastal,69.1,1461.9,Substantial,-77.8884355846,34.5150997489,High
30508,5495,Bladen,125,29171.0,Coastal,33.8,2578.5,High,-78.5636493115,34.6145873342,Substantial
30551,1354,Jones,125,9076.0,Coastal,19.5,0.0,High,-77.3551679748,35.0217248029,Substantial
30599,2833,Yancey,125,18320.0,Western,59.1,557.0,High,-82.3076279784,35.8989479924,High
30507,2484,Bertie,125,17302.0,Coastal,25.7,1594.6,High,-76.9667121404,36.0656302022,Substantial
30505,2748,Avery,125,17347.0,Western,72.0,1003.4,Substantial,-81.9226013745,36.0766050343,High
30550,32527,Johnston,125,224833.0,Coastal,272.7,1547.3,High,-78.3657109025,35.5178069265,High
30594,6660,Watauga,125,54804.0,Northern,173.1,1191.8,High,-81.6964250718,36.2311062795,High
30519,4647,Cherokee,125,28738.0,Western,63.2,3613.3,Moderate,-84.063444228,35.1338574515,High
30557,3661,Martin,125,21503.0,Coastal,48.3,2717.4,Substantial,-77.109232267,35.843213981,High
30541,7943,Halifax,125,47859.0,Coastal,67.2,2754.7,High,-77.6517329831,36.2574485453,Moderate
30583,11706,Stanly,125,62143.0,Central,158.2,2425.2,High,-80.2509863077,35.3119550622,High
30545,2857,Hertford,125,20374.0,Coastal,61.0,2281.6,Substantial,-76.9807147831,36.3586360305,Moderate
30536,1089,Gates,125,10324.0,Coastal,30.8,750.9,Moderate,-76.7005266521,36.4449435708,Substantial
30592,2398,Warren,125,18621.0,Eastern,43.4,2235.0,High,-78.1067171324,36.3965102811,Substantial
30520,2306,Chowan,125,13646.0,Coastal,79.4,1402.6,Substantial,-76.6021303656,36.1265615389,High
30523,10123,Columbus,125,49795.0,Coastal,54.0,2887.71,High,-78.6550308717,34.2656450828,Substantial
30509,16358,Brunswick,125,144821.0,Coastal,160.8,1537.1,Substantial,-78.2274071617,34.0388755841,Substantial
30548,29011,Iredell,125,192986.0,Northern,325.0,1866.4,High,-80.8734378255,35.8070259189,High
30561,4561,Montgomery,125,25485.0,Eastern,52.4,2480.1,High,-79.9054790812,35.332466935,High
30544,15293,Henderson,125,117429.0,Western,311.8,2039.7,High,-82.4799463782,35.3362263031,High
30533,52009,Forsyth,125,387703.0,Northern,938.1,4129.5,High,-80.256300016,36.1306195485,High
30569,5279,Pasquotank,125,40966.0,Coastal,178.8,2078.8,High,-76.2492413613,36.2650187228,High
30525,45845,Cumberland,125,341793.0,Eastern,512.9,3748.5,High,-78.8275607671,35.048611942,High
30546,7164,Hoke,125,53783.0,Eastern,133.5,2028.14,High,-79.237290715,35.0175290075,High
30526,2773,Currituck,125,29385.0,Coastal,107.3,1344.3,High,-75.936949201,36.3672994836,High
30574,2346,Polk,125,19461.0,Western,81.3,1596.5,High,-82.1696779265,35.2792789622,Substantial
30588,556,Tyrrell,125,3315.0,Coastal,8.3,957.2,High,-76.1704523585,35.8694070017,High
30571,1574,Perquimans,125,13049.0,Coastal,52.6,684.8,High,-76.4076199893,36.1772228503,High
30542,18543,Harnett,125,134986.0,Eastern,224.5,2172.6,High,-78.8694125204,35.3686291614,Substantial
30521,1660,Clay,125,11238.0,Western,51.6,2288.34,Substantial,-83.7501767115,35.0571811284,High
30585,12472,Surry,125,70573.0,Northern,134.0,1507.5,High,-80.6880779273,36.4148205561,High
30597,13277,Wilson,125,79078.0,Coastal,214.3,2386.9,High,-77.9186629547,35.7051457145,Substantial
30503,3877,Anson,125,22028.0,Central,41.5,2802.1,High,-80.102712026,34.9737894417,High
30582,5757,Scotland,125,33662.0,Eastern,107.1,3528.0,High,-79.4804292418,34.8408848102,Substantial
30563,15292,Nash,125,96101.0,Coastal,175.7,1838.5,Substantial,-77.9864448378,35.9672502839,Substantial
30556,2798,Madison,125,21146.0,Western,47.1,1247.6,High,-82.7057582627,35.8580358086,High
30589,36515,Union,125,244960.0,Central,376.6,1582.3,High,-80.5307400446,34.9883574887,High
30539,3333,Greene,125,19978.0,Coastal,76.7,1640.3,High,-77.6757626742,35.4849957203,Substantial
30595,16637,Wayne,125,115895.0,Coastal,211.8,2813.0,High,-78.0039971272,35.3639599672,High
30554,15080,Lincoln,125,88742.0,Central,293.4,1745.2,High,-81.2235326264,35.4855950234,High
30530,10001,Duplin,125,48249.0,Coastal,59.8,2911.6,High,-77.9330277459,34.9365348363,High
30510,28351,Buncombe,125,271638.0,Western,410.4,3012.8,High,-82.5301070587,35.611177887,High
30549,5680,Jackson,125,41919.0,Western,87.8,1864.6,High,-83.1408496187,35.2875866253,Substantial
30559,157865,Mecklenburg,125,1128426.0,Central,2130.4,3736.1,High,-80.8327311406,35.2467670437,High
30572,5123,Person,125,39048.0,Eastern,99.7,1862.8,Substantial,-78.9718051426,36.3900951244,High
30506,7220,Beaufort,125,44150.0,Coastal,53.6,2157.95,High,-76.8453144055,35.486983815,High
30512,32977,Cabarrus,125,232873.0,Central,625.1,1374.8,High,-80.5518508851,35.3867940405,High
30567,11893,Orange,125,148331.0,Eastern,374.0,1991.9,Substantial,-79.120649356,36.0611182361,Substantial
30500,26490,Alamance,125,175029.0,Northern,404.8,3065.6,High,-79.3994248175,36.0437098766,High
30575,21959,Randolph,125,143325.0,Northern,184.3,1615.5,High,-79.8060069064,35.7103417044,High
30504,3450,Ashe,125,26506.0,Northern,62.3,1123.1,Substantial,-81.5005211955,36.434424701,High
30534,9945,Franklin,125,70655.0,Eastern,139.4,1314.6,High,-78.2856965824,36.0827733527,High
30524,14325,Craven,125,102568.0,Coastal,142.5,2112.3,Substantial,-77.082003837,35.117685821,Moderate
30517,28452,Catawba,125,162841.0,Northern,400.2,2802.5,High,-81.2150705598,35.662042354,High
30598,6022,Yadkin,125,36925.0,Northern,111.1,1820.8,High,-80.6652439331,36.1605336919,High
30528,25890,Davidson,125,171752.0,Northern,305.4,1757.8,High,-80.2127487756,35.7933524917,High
30609,16375,Brunswick,126,144821.0,Coastal,160.8,1537.1,Substantial,-78.2274071617,34.0388755841,Substantial
30611,15841,Burke,126,88398.0,Western,173.0,1836.1,High,-81.7047784739,35.7496106399,High
30674,2352,Polk,126,19461.0,Western,81.3,1596.5,High,-82.1696779265,35.2792789622,Substantial
30668,1733,Pamlico,126,12215.0,Coastal,36.5,2321.5,High,-76.6694598427,35.151021226,Moderate
30640,68295,Guilford,126,545484.0,Northern,838.0,3371.1,High,-79.7889042685,36.0794717315,High
30606,7238,Beaufort,126,44150.0,Coastal,53.6,2157.95,High,-76.8453144055,35.486983815,Substantial
30605,2762,Avery,126,17347.0,Western,72.0,1003.4,High,-81.9226013745,36.0766050343,High
30602,1623,Alleghany,126,11057.0,Northern,46.4,697.2,High,-81.1278593427,36.4912704378,High
30659,158018,Mecklenburg,126,1128426.0,Central,2130.4,3736.1,High,-80.8327311406,35.2467670437,High
30638,8009,Granville,126,60720.0,Eastern,114.6,1466.3,High,-78.6527194252,36.3040698262,High
30616,3209,Caswell,126,22400.0,Eastern,53.5,317.5,Substantial,-79.3335234769,36.3932742158,High
30653,9503,Lenoir,126,54323.0,Coastal,138.1,3246.04,Substantial,-77.6412486292,35.2387731611,Substantial
30661,4564,Montgomery,126,25485.0,Eastern,52.4,2480.1,High,-79.9054790812,35.332466935,High
30672,5133,Person,126,39048.0,Eastern,99.7,1862.8,High,-78.9718051426,36.3900951244,High
30636,1096,Gates,126,10324.0,Coastal,30.8,750.9,Substantial,-76.7005266521,36.4449435708,Substantial
30644,15325,Henderson,126,117429.0,Western,311.8,2039.7,High,-82.4799463782,35.3362263031,High
30652,9466,Lee,126,64360.0,Eastern,248.1,1631.1,Substantial,-79.1714836119,35.4751864248,Substantial
30650,32547,Johnston,126,224833.0,Coastal,272.7,1547.3,Substantial,-78.3657109025,35.5178069265,High
30666,29877,Onslow,126,207928.0,Coastal,268.4,2191.23,High,-77.4157658244,34.709836363,Moderate
30627,3895,Dare,126,37817.0,Coastal,96.3,1872.9,High,-75.6852333134,35.664936694,High
30655,5004,Macon,126,37041.0,Western,71.8,2077.4,High,-83.4221767088,35.1504672096,High
30647,829,Hyde,126,4595.0,Coastal,7.5,0.0,Substantial,-76.1449651093,35.4081187361,High
30676,7157,Richmond,126,43006.0,Eastern,90.7,5508.4,High,-79.7477780226,35.0060483545,Substantial
30654,15103,Lincoln,126,88742.0,Central,293.4,1745.2,High,-81.2235326264,35.4855950234,High
30613,13577,Caldwell,126,81319.0,Northern,170.9,2504.8,High,-81.5464366451,35.9530379334,High
30631,35159,Durham,126,331347.0,Eastern,1133.7,3966.0,Substantial,-78.8765926949,36.0360299243,Substantial
30632,7970,Edgecombe,126,48604.0,Coastal,96.7,2366.3,Substantial,-77.5970588882,35.912880671,Substantial
30604,3453,Ashe,126,26506.0,Northern,62.3,1123.1,Substantial,-81.5005211955,36.434424701,High
30608,5497,Bladen,126,29171.0,Coastal,33.8,2578.5,High,-78.5636493115,34.6145873342,Substantial
30662,13722,Moore,126,102966.0,Eastern,142.9,1617.3,Substantial,-79.4813744392,35.3106538555,Substantial
30699,2836,Yancey,126,18320.0,Western,59.1,557.0,High,-82.3076279784,35.8989479924,High
30615,8437,Carteret,126,69039.0,Coastal,133.3,1912.1,High,-76.5357430669,34.8612598084,High
30637,1333,Graham,126,7935.0,Western,27.5,8085.4,Substantial,-83.833581803,35.350171951,High
30694,6672,Watauga,126,54804.0,Northern,173.1,1191.8,High,-81.6964250718,36.2311062795,High
30658,8671,McDowell,126,44151.0,Western,101.3,2610.9,High,-82.0493124426,35.6816924709,High
30601,6510,Alexander,126,36172.0,Northern,140.2,1440.7,High,-81.1770268506,35.9210263138,Substantial
30677,25068,Robeson,126,115899.0,Coastal,123.0,5137.4,High,-79.1038649277,34.6402420514,Substantial
30670,8840,Pender,126,62250.0,Coastal,69.1,1461.9,Substantial,-77.8884355846,34.5150997489,High
30667,11898,Orange,126,148331.0,Eastern,374.0,1991.9,Substantial,-79.120649356,36.0611182361,Substantial
30669,5303,Pasquotank,126,40966.0,Coastal,178.8,2078.8,High,-76.2492413613,36.2650187228,High
30600,26520,Alamance,126,175029.0,Northern,404.8,3065.6,High,-79.3994248175,36.0437098766,High
30681,11337,Sampson,126,58371.0,Coastal,62.4,2241.9,High,-78.3713906105,34.9915361594,Substantial
30693,1599,Washington,126,10708.0,Coastal,31.8,1746.8,High,-76.5693098876,35.8392646425,High
30634,9958,Franklin,126,70655.0,Eastern,139.4,1314.6,High,-78.2856965824,36.0827733527,High
30649,5680,Jackson,126,41919.0,Western,87.8,1864.6,High,-83.1408496187,35.2875866253,High
30630,10004,Duplin,126,48249.0,Coastal,59.8,2911.6,High,-77.9330277459,34.9365348363,Substantial
30607,2487,Bertie,126,17302.0,Coastal,25.7,1594.6,High,-76.9667121404,36.0656302022,Substantial
30687,3902,Transylvania,126,32825.0,Western,87.2,978.5,Substantial,-82.7983001279,35.2021778635,Substantial
30695,16699,Wayne,126,115895.0,Coastal,211.8,2813.0,High,-78.0039971272,35.3639599672,High
30678,12270,Rockingham,126,90457.0,Northern,161.0,2130.4,High,-79.7749871967,36.3960127906,High
30617,28495,Catawba,126,162841.0,Northern,400.2,2802.5,High,-81.2150705598,35.662042354,High
30643,7517,Haywood,126,62831.0,Western,112.2,3591.8,High,-82.9821729698,35.5560557128,High
30697,13289,Wilson,126,79078.0,Coastal,214.3,2386.9,High,-77.9186629547,35.7051457145,High
30618,6794,Chatham,126,77095.0,Eastern,111.9,1456.0,Substantial,-79.2552758614,35.7025721296,Substantial
30691,131431,Wake,126,1154170.0,Eastern,1353.3,1846.0,Substantial,-78.6503081729,35.7902443741,High
30624,14331,Craven,126,102568.0,Coastal,142.5,2112.3,Substantial,-77.082003837,35.117685821,Substantial
30622,18461,Cleveland,126,99332.0,Western,214.4,2001.7,High,-81.5555471412,35.3341018022,High
30646,7172,Hoke,126,53783.0,Eastern,133.5,2028.14,Substantial,-79.237290715,35.0175290075,High
30610,28386,Buncombe,126,271638.0,Western,410.4,3012.8,High,-82.5301070587,35.611177887,High
30684,6323,Stokes,126,44422.0,Northern,99.1,2146.85,High,-80.2395157151,36.4019040049,High
30626,2786,Currituck,126,29385.0,Coastal,107.3,1344.3,High,-75.936949201,36.3672994836,High
30657,3661,Martin,126,21503.0,Coastal,48.3,2717.4,Substantial,-77.109232267,35.843213981,High
30692,2404,Warren,126,18621.0,Eastern,43.4,2235.0,High,-78.1067171324,36.3965102811,Substantial
30680,11500,Rutherford,126,63870.0,Western,114.0,2009.9,High,-81.9198334642,35.4025956291,Substantial
30688,556,Tyrrell,126,3315.0,Coastal,8.3,957.2,High,-76.1704523585,35.8694070017,High
30683,11728,Stanly,126,62143.0,Central,158.2,2425.2,High,-80.2509863077,35.3119550622,High
30635,40167,Gaston,126,233387.0,Central,640.7,2912.4,High,-81.1802416273,35.2943489527,High
30628,25910,Davidson,126,171752.0,Northern,305.4,1757.8,High,-80.2127487756,35.7933524917,High
30663,15302,Nash,126,96101.0,Coastal,175.7,1838.5,Substantial,-77.9864448378,35.9672502839,Substantial
30689,36562,Union,126,244960.0,Central,376.6,1582.3,High,-80.5307400446,34.9883574887,High
30685,12494,Surry,126,70573.0,Northern,134.0,1507.5,High,-80.6880779273,36.4148205561,High
30648,29049,Iredell,126,192986.0,Northern,325.0,1866.4,High,-80.8734378255,35.8070259189,High
30656,2800,Madison,126,21146.0,Western,47.1,1247.6,High,-82.7057582627,35.8580358086,High
30673,29823,Pitt,126,173536.0,Coastal,261.0,2238.9,High,-77.3744965519,35.5932989746,Substantial
30621,1660,Clay,126,11238.0,Western,51.6,2288.34,Substantial,-83.7501767115,35.0571811284,High
30671,1579,Perquimans,126,13049.0,Coastal,52.6,684.8,High,-76.4076199893,36.1772228503,High
30639,3339,Greene,126,19978.0,Coastal,76.7,1640.3,High,-77.6757626742,35.4849957203,Substantial
30641,7950,Halifax,126,47859.0,Coastal,67.2,2754.7,High,-77.6517329831,36.2574485453,Moderate
30660,2067,Mitchell,126,14783.0,Western,67.4,458.42,High,-82.1635815487,36.0132038869,High
30642,18567,Harnett,126,134986.0,Eastern,224.5,2172.6,High,-78.8694125204,35.3686291614,Substantial
30698,6031,Yadkin,126,36925.0,Northern,111.1,1820.8,High,-80.6652439331,36.1605336919,High
30645,2860,Hertford,126,20374.0,Coastal,61.0,2281.6,Substantial,-76.9807147831,36.3586360305,Moderate
30686,1985,Swain,126,14046.0,Western,26.8,3517.8,High,-83.4927393736,35.4868150519,Substantial
30623,10133,Columbus,126,49795.0,Coastal,54.0,2887.71,High,-78.6550308717,34.2656450828,Substantial
30614,1156,Camden,126,10537.0,Coastal,43.1,793.0,High,-76.1609504039,36.3411216216,High
30612,33006,Cabarrus,126,232873.0,Central,625.1,1374.8,High,-80.5518508851,35.3867940405,High
30629,6480,Davie,126,43127.0,Northern,162.0,1665.25,High,-80.5444636482,35.929110866,High
30682,5762,Scotland,126,33662.0,Eastern,107.1,3528.0,High,-79.4804292418,34.8408848102,Substantial
30620,2306,Chowan,126,13646.0,Coastal,79.4,1402.6,Substantial,-76.6021303656,36.1265615389,High
30664,28775,New Hanover,126,230423.0,Coastal,1174.0,2612.3,Substantial,-77.865597569,34.1815553357,Substantial
30651,1362,Jones,126,9076.0,Coastal,19.5,0.0,High,-77.3551679748,35.0217248029,Substantial
30619,4650,Cherokee,126,28738.0,Western,63.2,3613.3,Moderate,-84.063444228,35.1338574515,High
30675,21975,Randolph,126,143325.0,Northern,184.3,1615.5,High,-79.8060069064,35.7103417044,High
30665,2607,Northampton,126,16953.0,Eastern,32.6,2092.6,Moderate,-77.3968212099,36.4177312434,Moderate
30696,10619,Wilkes,126,65151.0,Northern,87.5,1887.3,High,-81.1633856618,36.2062757623,High
30603,3887,Anson,126,22028.0,Central,41.5,2802.1,High,-80.102712026,34.9737894417,High
30625,45898,Cumberland,126,341793.0,Eastern,512.9,3748.5,High,-78.8275607671,35.048611942,High
30633,52071,Forsyth,126,387703.0,Northern,938.1,4129.5,High,-80.256300016,36.1306195485,High
30690,6880,Vance,126,41665.0,Eastern,168.7,3584.5,High,-78.4079288849,36.3649169333,Substantial
30679,26335,Rowan,126,148565.0,Northern,287.1,2292.8,High,-80.5247717485,35.6394734632,High
30785,12518,Surry,127,70573.0,Northern,134.0,1507.5,High,-80.6880779273,36.4148205561,High
30781,11361,Sampson,127,58371.0,Coastal,62.4,2241.9,High,-78.3713906105,34.9915361594,Substantial
30770,8839,Pender,127,62250.0,Coastal,69.1,1461.9,Substantial,-77.8884355846,34.5150997489,High
30793,1603,Washington,127,10708.0,Coastal,31.8,1746.8,High,-76.5693098876,35.8392646425,High
30763,15321,Nash,127,96101.0,Coastal,175.7,1838.5,Substantial,-77.9864448378,35.9672502839,Substantial
30782,5768,Scotland,127,33662.0,Eastern,107.1,3528.0,High,-79.4804292418,34.8408848102,Substantial
30704,3459,Ashe,127,26506.0,Northern,62.3,1123.1,Substantial,-81.5005211955,36.434424701,High
30716,3218,Caswell,127,22400.0,Eastern,53.5,317.5,High,-79.3335234769,36.3932742158,High
30762,13744,Moore,127,102966.0,Eastern,142.9,1617.3,Substantial,-79.4813744392,35.3106538555,Substantial
30708,5498,Bladen,127,29171.0,Coastal,33.8,2578.5,Substantial,-78.5636493115,34.6145873342,Substantial
30767,11908,Orange,127,148331.0,Eastern,374.0,1991.9,Substantial,-79.120649356,36.0611182361,Substantial
30713,13600,Caldwell,127,81319.0,Northern,170.9,2504.8,High,-81.5464366451,35.9530379334,High
30737,1333,Graham,127,7935.0,Western,27.5,8085.4,Moderate,-83.833581803,35.350171951,High
30703,3901,Anson,127,22028.0,Central,41.5,2802.1,High,-80.102712026,34.9737894417,High
30758,8675,McDowell,127,44151.0,Western,101.3,2610.9,Substantial,-82.0493124426,35.6816924709,High
30778,12307,Rockingham,127,90457.0,Northern,161.0,2130.4,High,-79.7749871967,36.3960127906,High
30748,29088,Iredell,127,192986.0,Northern,325.0,1866.4,High,-80.8734378255,35.8070259189,High
30794,6688,Watauga,127,54804.0,Northern,173.1,1191.8,High,-81.6964250718,36.2311062795,High
30756,2810,Madison,127,21146.0,Western,47.1,1247.6,High,-82.7057582627,35.8580358086,High
30727,3904,Dare,127,37817.0,Coastal,96.3,1872.9,High,-75.6852333134,35.664936694,High
30721,1659,Clay,127,11238.0,Western,51.6,2288.34,Moderate,-83.7501767115,35.0571811284,High
30712,33071,Cabarrus,127,232873.0,Central,625.1,1374.8,High,-80.5518508851,35.3867940405,High
30744,15353,Henderson,127,117429.0,Western,311.8,2039.7,High,-82.4799463782,35.3362263031,High
30772,5136,Person,127,39048.0,Eastern,99.7,1862.8,Substantial,-78.9718051426,36.3900951244,High
30720,2307,Chowan,127,13646.0,Coastal,79.4,1402.6,Substantial,-76.6021303656,36.1265615389,High
30761,4574,Montgomery,127,25485.0,Eastern,52.4,2480.1,High,-79.9054790812,35.332466935,High
30751,1366,Jones,127,9076.0,Coastal,19.5,0.0,High,-77.3551679748,35.0217248029,Substantial
30766,29987,Onslow,127,207928.0,Coastal,268.4,2191.23,High,-77.4157658244,34.709836363,Moderate
30773,29846,Pitt,127,173536.0,Coastal,261.0,2238.9,High,-77.3744965519,35.5932989746,High
30776,7170,Richmond,127,43006.0,Eastern,90.7,5508.4,High,-79.7477780226,35.0060483545,High
30725,46033,Cumberland,127,341793.0,Eastern,512.9,3748.5,High,-78.8275607671,35.048611942,High
30726,2793,Currituck,127,29385.0,Coastal,107.3,1344.3,High,-75.936949201,36.3672994836,High
30710,28454,Buncombe,127,271638.0,Western,410.4,3012.8,High,-82.5301070587,35.611177887,High
30746,7179,Hoke,127,53783.0,Eastern,133.5,2028.14,Substantial,-79.237290715,35.0175290075,High
30706,7244,Beaufort,127,44150.0,Coastal,53.6,2157.95,High,-76.8453144055,35.486983815,Substantial
30729,6494,Davie,127,43127.0,Northern,162.0,1665.25,High,-80.5444636482,35.929110866,High
30711,15843,Burke,127,88398.0,Western,173.0,1836.1,High,-81.7047784739,35.7496106399,High
30740,68439,Guilford,127,545484.0,Northern,838.0,3371.1,High,-79.7889042685,36.0794717315,High
30788,558,Tyrrell,127,3315.0,Coastal,8.3,957.2,High,-76.1704523585,35.8694070017,High
30789,36615,Union,127,244960.0,Central,376.6,1582.3,High,-80.5307400446,34.9883574887,High
30754,15128,Lincoln,127,88742.0,Central,293.4,1745.2,High,-81.2235326264,35.4855950234,High
30798,6043,Yadkin,127,36925.0,Northern,111.1,1820.8,High,-80.6652439331,36.1605336919,High
30717,28544,Catawba,127,162841.0,Northern,400.2,2802.5,High,-81.2150705598,35.662042354,High
30718,6811,Chatham,127,77095.0,Eastern,111.9,1456.0,Substantial,-79.2552758614,35.7025721296,Substantial
30771,1585,Perquimans,127,13049.0,Coastal,52.6,684.8,High,-76.4076199893,36.1772228503,High
30787,3907,Transylvania,127,32825.0,Western,87.2,978.5,Substantial,-82.7983001279,35.2021778635,Substantial
30742,18603,Harnett,127,134986.0,Eastern,224.5,2172.6,High,-78.8694125204,35.3686291614,Substantial
30709,16397,Brunswick,127,144821.0,Coastal,160.8,1537.1,Substantial,-78.2274071617,34.0388755841,High
30752,9478,Lee,127,64360.0,Eastern,248.1,1631.1,Substantial,-79.1714836119,35.4751864248,Substantial
30732,7976,Edgecombe,127,48604.0,Coastal,96.7,2366.3,Substantial,-77.5970588882,35.912880671,High
30723,10142,Columbus,127,49795.0,Coastal,54.0,2887.71,High,-78.6550308717,34.2656450828,High
30707,2492,Bertie,127,17302.0,Coastal,25.7,1594.6,High,-76.9667121404,36.0656302022,High
30779,26368,Rowan,127,148565.0,Northern,287.1,2292.8,High,-80.5247717485,35.6394734632,High
30790,6896,Vance,127,41665.0,Eastern,168.7,3584.5,High,-78.4079288849,36.3649169333,High
30743,7525,Haywood,127,62831.0,Western,112.2,3591.8,High,-82.9821729698,35.5560557128,High
30795,16745,Wayne,127,115895.0,Coastal,211.8,2813.0,High,-78.0039971272,35.3639599672,High
30724,14342,Craven,127,102568.0,Coastal,142.5,2112.3,Substantial,-77.082003837,35.117685821,Substantial
30783,11742,Stanly,127,62143.0,Central,158.2,2425.2,High,-80.2509863077,35.3119550622,High
30730,10011,Duplin,127,48249.0,Coastal,59.8,2911.6,High,-77.9330277459,34.9365348363,High
30796,10633,Wilkes,127,65151.0,Northern,87.5,1887.3,High,-81.1633856618,36.2062757623,High
30797,13306,Wilson,127,79078.0,Coastal,214.3,2386.9,High,-77.9186629547,35.7051457145,High
30735,40208,Gaston,127,233387.0,Central,640.7,2912.4,Substantial,-81.1802416273,35.2943489527,High
30780,11508,Rutherford,127,63870.0,Western,114.0,2009.9,High,-81.9198334642,35.4025956291,High
30774,2355,Polk,127,19461.0,Western,81.3,1596.5,High,-82.1696779265,35.2792789622,High
30768,1734,Pamlico,127,12215.0,Coastal,36.5,2321.5,High,-76.6694598427,35.151021226,Substantial
30799,2841,Yancey,127,18320.0,Western,59.1,557.0,High,-82.3076279784,35.8989479924,High
30749,5715,Jackson,127,41919.0,Western,87.8,1864.6,High,-83.1408496187,35.2875866253,High
30784,6343,Stokes,127,44422.0,Northern,99.1,2146.85,High,-80.2395157151,36.4019040049,High
30736,1099,Gates,127,10324.0,Coastal,30.8,750.9,High,-76.7005266521,36.4449435708,Substantial
30747,830,Hyde,127,4595.0,Coastal,7.5,0.0,High,-76.1449651093,35.4081187361,High
30738,8019,Granville,127,60720.0,Eastern,114.6,1466.3,High,-78.6527194252,36.3040698262,High
30757,3666,Martin,127,21503.0,Coastal,48.3,2717.4,Substantial,-77.109232267,35.843213981,High
30764,28797,New Hanover,127,230423.0,Coastal,1174.0,2612.3,Substantial,-77.865597569,34.1815553357,Substantial
30765,2608,Northampton,127,16953.0,Eastern,32.6,2092.6,Moderate,-77.3968212099,36.4177312434,Moderate
30734,9969,Franklin,127,70655.0,Eastern,139.4,1314.6,High,-78.2856965824,36.0827733527,High
30753,9514,Lenoir,127,54323.0,Coastal,138.1,3246.04,Substantial,-77.6412486292,35.2387731611,Substantial
30759,158157,Mecklenburg,127,1128426.0,Central,2130.4,3736.1,Substantial,-80.8327311406,35.2467670437,High
30714,1163,Camden,127,10537.0,Coastal,43.1,793.0,High,-76.1609504039,36.3411216216,High
30722,18482,Cleveland,127,99332.0,Western,214.4,2001.7,High,-81.5555471412,35.3341018022,High
30750,32604,Johnston,127,224833.0,Coastal,272.7,1547.3,Substantial,-78.3657109025,35.5178069265,High
30755,5012,Macon,127,37041.0,Western,71.8,2077.4,High,-83.4221767088,35.1504672096,High
30705,2773,Avery,127,17347.0,Western,72.0,1003.4,High,-81.9226013745,36.0766050343,High
30741,7955,Halifax,127,47859.0,Coastal,67.2,2754.7,High,-77.6517329831,36.2574485453,Substantial
30760,2075,Mitchell,127,14783.0,Western,67.4,458.42,High,-82.1635815487,36.0132038869,High
30719,4651,Cherokee,127,28738.0,Western,63.2,3613.3,Moderate,-84.063444228,35.1338574515,High
30775,22018,Randolph,127,143325.0,Northern,184.3,1615.5,High,-79.8060069064,35.7103417044,High
30702,1623,Alleghany,127,11057.0,Northern,46.4,697.2,Substantial,-81.1278593427,36.4912704378,High
30701,6518,Alexander,127,36172.0,Northern,140.2,1440.7,High,-81.1770268506,35.9210263138,High
30700,26561,Alamance,127,175029.0,Northern,404.8,3065.6,High,-79.3994248175,36.0437098766,High
30715,8446,Carteret,127,69039.0,Coastal,133.3,1912.1,High,-76.5357430669,34.8612598084,High
30745,2862,Hertford,127,20374.0,Coastal,61.0,2281.6,Moderate,-76.9807147831,36.3586360305,Moderate
30786,1988,Swain,127,14046.0,Western,26.8,3517.8,High,-83.4927393736,35.4868150519,Substantial
30731,35194,Durham,127,331347.0,Eastern,1133.7,3966.0,Substantial,-78.8765926949,36.0360299243,High
30728,25937,Davidson,127,171752.0,Northern,305.4,1757.8,High,-80.2127487756,35.7933524917,High
30777,25092,Robeson,127,115899.0,Coastal,123.0,5137.4,High,-79.1038649277,34.6402420514,Substantial
30739,3339,Greene,127,19978.0,Coastal,76.7,1640.3,High,-77.6757626742,35.4849957203,Substantial
30792,2408,Warren,127,18621.0,Eastern,43.4,2235.0,High,-78.1067171324,36.3965102811,High
30791,131431,Wake,127,1154170.0,Eastern,1353.3,1846.0,Moderate,-78.6503081729,35.7902443741,High
30769,5317,Pasquotank,127,40966.0,Coastal,178.8,2078.8,High,-76.2492413613,36.2650187228,High
30733,52144,Forsyth,127,387703.0,Northern,938.1,4129.5,High,-80.256300016,36.1306195485,High
30865,2609,Northampton,128,16953.0,Eastern,32.6,2092.6,Substantial,-77.3968212099,36.4177312434,Moderate
30816,3222,Caswell,128,22400.0,Eastern,53.5,317.5,High,-79.3335234769,36.3932742158,High
30851,1367,Jones,128,9076.0,Coastal,19.5,0.0,High,-77.3551679748,35.0217248029,Substantial
30857,3668,Martin,128,21503.0,Coastal,48.3,2717.4,Substantial,-77.109232267,35.843213981,High
30832,7983,Edgecombe,128,48604.0,Coastal,96.7,2366.3,Substantial,-77.5970588882,35.912880671,High
30825,46163,Cumberland,128,341793.0,Eastern,512.9,3748.5,High,-78.8275607671,35.048611942,Substantial
30836,1100,Gates,128,10324.0,Coastal,30.8,750.9,High,-76.7005266521,36.4449435708,High
30820,2311,Chowan,128,13646.0,Coastal,79.4,1402.6,High,-76.6021303656,36.1265615389,Substantial
30803,3918,Anson,128,22028.0,Central,41.5,2802.1,High,-80.102712026,34.9737894417,High
30839,3340,Greene,128,19978.0,Coastal,76.7,1640.3,High,-77.6757626742,35.4849957203,Substantial
30826,2808,Currituck,128,29385.0,Coastal,107.3,1344.3,High,-75.936949201,36.3672994836,High
30824,14351,Craven,128,102568.0,Coastal,142.5,2112.3,Substantial,-77.082003837,35.117685821,Substantial
30828,25965,Davidson,128,171752.0,Northern,305.4,1757.8,High,-80.2127487756,35.7933524917,High
30892,2410,Warren,128,18621.0,Eastern,43.4,2235.0,High,-78.1067171324,36.3965102811,Substantial
30814,1163,Camden,128,10537.0,Coastal,43.1,793.0,High,-76.1609504039,36.3411216216,High
30840,68533,Guilford,128,545484.0,Northern,838.0,3371.1,High,-79.7889042685,36.0794717315,High
30834,9978,Franklin,128,70655.0,Eastern,139.4,1314.6,High,-78.2856965824,36.0827733527,High
30827,3912,Dare,128,37817.0,Coastal,96.3,1872.9,High,-75.6852333134,35.664936694,High
30833,52201,Forsyth,128,387703.0,Northern,938.1,4129.5,High,-80.256300016,36.1306195485,High
30864,28822,New Hanover,128,230423.0,Coastal,1174.0,2612.3,Substantial,-77.865597569,34.1815553357,Substantial
30888,560,Tyrrell,128,3315.0,Coastal,8.3,957.2,High,-76.1704523585,35.8694070017,High
30846,7191,Hoke,128,53783.0,Eastern,133.5,2028.14,Substantial,-79.237290715,35.0175290075,High
30842,18632,Harnett,128,134986.0,Eastern,224.5,2172.6,High,-78.8694125204,35.3686291614,Substantial
30883,11752,Stanly,128,62143.0,Central,158.2,2425.2,High,-80.2509863077,35.3119550622,High
30871,1588,Perquimans,128,13049.0,Coastal,52.6,684.8,High,-76.4076199893,36.1772228503,High
30899,2845,Yancey,128,18320.0,Western,59.1,557.0,High,-82.3076279784,35.8989479924,High
30890,6905,Vance,128,41665.0,Eastern,168.7,3584.5,High,-78.4079288849,36.3649169333,High
30886,1988,Swain,128,14046.0,Western,26.8,3517.8,High,-83.4927393736,35.4868150519,Moderate
30841,7965,Halifax,128,47859.0,Coastal,67.2,2754.7,Substantial,-77.6517329831,36.2574485453,Substantial
30830,10018,Duplin,128,48249.0,Coastal,59.8,2911.6,Substantial,-77.9330277459,34.9365348363,High
30860,2078,Mitchell,128,14783.0,Western,67.4,458.42,High,-82.1635815487,36.0132038869,High
30835,40243,Gaston,128,233387.0,Central,640.7,2912.4,Substantial,-81.1802416273,35.2943489527,High
30882,5773,Scotland,128,33662.0,Eastern,107.1,3528.0,High,-79.4804292418,34.8408848102,Substantial
30889,36665,Union,128,244960.0,Central,376.6,1582.3,High,-80.5307400446,34.9883574887,High
30885,12546,Surry,128,70573.0,Northern,134.0,1507.5,High,-80.6880779273,36.4148205561,High
30879,26402,Rowan,128,148565.0,Northern,287.1,2292.8,High,-80.5247717485,35.6394734632,High
30856,2813,Madison,128,21146.0,Western,47.1,1247.6,High,-82.7057582627,35.8580358086,High
30845,2865,Hertford,128,20374.0,Coastal,61.0,2281.6,Moderate,-76.9807147831,36.3586360305,Moderate
30829,6499,Davie,128,43127.0,Northern,162.0,1665.25,High,-80.5444636482,35.929110866,High
30880,11531,Rutherford,128,63870.0,Western,114.0,2009.9,High,-81.9198334642,35.4025956291,Substantial
30837,1334,Graham,128,7935.0,Western,27.5,8085.4,Substantial,-83.833581803,35.350171951,Substantial
30898,6052,Yadkin,128,36925.0,Northern,111.1,1820.8,High,-80.6652439331,36.1605336919,High
30874,2358,Polk,128,19461.0,Western,81.3,1596.5,High,-82.1696779265,35.2792789622,High
30863,15332,Nash,128,96101.0,Coastal,175.7,1838.5,Substantial,-77.9864448378,35.9672502839,Substantial
30810,28501,Buncombe,128,271638.0,Western,410.4,3012.8,High,-82.5301070587,35.611177887,High
30813,13607,Caldwell,128,81319.0,Northern,170.9,2504.8,High,-81.5464366451,35.9530379334,High
30852,9487,Lee,128,64360.0,Eastern,248.1,1631.1,Substantial,-79.1714836119,35.4751864248,Substantial
30819,4656,Cherokee,128,28738.0,Western,63.2,3613.3,Moderate,-84.063444228,35.1338574515,High
30896,10655,Wilkes,128,65151.0,Northern,87.5,1887.3,High,-81.1633856618,36.2062757623,High
30854,15158,Lincoln,128,88742.0,Central,293.4,1745.2,High,-81.2235326264,35.4855950234,High
30848,29117,Iredell,128,192986.0,Northern,325.0,1866.4,High,-80.8734378255,35.8070259189,High
30894,6711,Watauga,128,54804.0,Northern,173.1,1191.8,High,-81.6964250718,36.2311062795,High
30843,7533,Haywood,128,62831.0,Western,112.2,3591.8,High,-82.9821729698,35.5560557128,High
30895,16769,Wayne,128,115895.0,Coastal,211.8,2813.0,High,-78.0039971272,35.3639599672,High
30818,6817,Chatham,128,77095.0,Eastern,111.9,1456.0,Substantial,-79.2552758614,35.7025721296,Substantial
30887,3913,Transylvania,128,32825.0,Western,87.2,978.5,Substantial,-82.7983001279,35.2021778635,Substantial
30807,2495,Bertie,128,17302.0,Coastal,25.7,1594.6,High,-76.9667121404,36.0656302022,High
30815,8448,Carteret,128,69039.0,Coastal,133.3,1912.1,High,-76.5357430669,34.8612598084,High
30869,5327,Pasquotank,128,40966.0,Coastal,178.8,2078.8,High,-76.2492413613,36.2650187228,High
30881,11378,Sampson,128,58371.0,Coastal,62.4,2241.9,High,-78.3713906105,34.9915361594,Substantial
30891,131431,Wake,128,1154170.0,Eastern,1353.3,1846.0,Moderate,-78.6503081729,35.7902443741,High
30878,12332,Rockingham,128,90457.0,Northern,161.0,2130.4,High,-79.7749871967,36.3960127906,High
30893,1606,Washington,128,10708.0,Coastal,31.8,1746.8,High,-76.5693098876,35.8392646425,High
30801,6526,Alexander,128,36172.0,Northern,140.2,1440.7,High,-81.1770268506,35.9210263138,High
30859,158324,Mecklenburg,128,1128426.0,Central,2130.4,3736.1,Substantial,-80.8327311406,35.2467670437,High
30808,5499,Bladen,128,29171.0,Coastal,33.8,2578.5,Substantial,-78.5636493115,34.6145873342,Substantial
30862,13751,Moore,128,102966.0,Eastern,142.9,1617.3,Substantial,-79.4813744392,35.3106538555,Substantial
30817,28580,Catawba,128,162841.0,Northern,400.2,2802.5,High,-81.2150705598,35.662042354,High
30877,25105,Robeson,128,115899.0,Coastal,123.0,5137.4,Substantial,-79.1038649277,34.6402420514,Substantial
30800,26591,Alamance,128,175029.0,Northern,404.8,3065.6,High,-79.3994248175,36.0437098766,High
30802,1625,Alleghany,128,11057.0,Northern,46.4,697.2,Substantial,-81.1278593427,36.4912704378,High
30867,11917,Orange,128,148331.0,Eastern,374.0,1991.9,Substantial,-79.120649356,36.0611182361,Substantial
30870,8850,Pender,128,62250.0,Coastal,69.1,1461.9,Substantial,-77.8884355846,34.5150997489,High
30823,10146,Columbus,128,49795.0,Coastal,54.0,2887.71,High,-78.6550308717,34.2656450828,Substantial
30831,35286,Durham,128,331347.0,Eastern,1133.7,3966.0,Substantial,-78.8765926949,36.0360299243,Substantial
30804,3465,Ashe,128,26506.0,Northern,62.3,1123.1,Substantial,-81.5005211955,36.434424701,High
30875,22047,Randolph,128,143325.0,Northern,184.3,1615.5,High,-79.8060069064,35.7103417044,High
30811,15864,Burke,128,88398.0,Western,173.0,1836.1,High,-81.7047784739,35.7496106399,High
30821,1661,Clay,128,11238.0,Western,51.6,2288.34,Moderate,-83.7501767115,35.0571811284,High
30812,33134,Cabarrus,128,232873.0,Central,625.1,1374.8,High,-80.5518508851,35.3867940405,High
30855,5018,Macon,128,37041.0,Western,71.8,2077.4,High,-83.4221767088,35.1504672096,High
30838,8026,Granville,128,60720.0,Eastern,114.6,1466.3,High,-78.6527194252,36.3040698262,Substantial
30861,4578,Montgomery,128,25485.0,Eastern,52.4,2480.1,High,-79.9054790812,35.332466935,Substantial
30872,5141,Person,128,39048.0,Eastern,99.7,1862.8,Substantial,-78.9718051426,36.3900951244,High
30822,18504,Cleveland,128,99332.0,Western,214.4,2001.7,High,-81.5555471412,35.3341018022,High
30850,32643,Johnston,128,224833.0,Coastal,272.7,1547.3,High,-78.3657109025,35.5178069265,High
30884,6355,Stokes,128,44422.0,Northern,99.1,2146.85,High,-80.2395157151,36.4019040049,High
30805,2775,Avery,128,17347.0,Western,72.0,1003.4,High,-81.9226013745,36.0766050343,High
30849,5722,Jackson,128,41919.0,Western,87.8,1864.6,High,-83.1408496187,35.2875866253,High
30853,9524,Lenoir,128,54323.0,Coastal,138.1,3246.04,Substantial,-77.6412486292,35.2387731611,Substantial
30847,830,Hyde,128,4595.0,Coastal,7.5,0.0,Substantial,-76.1449651093,35.4081187361,High
30844,15385,Henderson,128,117429.0,Western,311.8,2039.7,High,-82.4799463782,35.3362263031,High
30897,13317,Wilson,128,79078.0,Coastal,214.3,2386.9,High,-77.9186629547,35.7051457145,High
30873,29871,Pitt,128,173536.0,Coastal,261.0,2238.9,Substantial,-77.3744965519,35.5932989746,Substantial
30866,30094,Onslow,128,207928.0,Coastal,268.4,2191.23,High,-77.4157658244,34.709836363,Moderate
30868,1736,Pamlico,128,12215.0,Coastal,36.5,2321.5,High,-76.6694598427,35.151021226,Substantial
30876,7177,Richmond,128,43006.0,Eastern,90.7,5508.4,High,-79.7477780226,35.0060483545,Substantial
30858,8682,McDowell,128,44151.0,Western,101.3,2610.9,Substantial,-82.0493124426,35.6816924709,High
30809,16409,Brunswick,128,144821.0,Coastal,160.8,1537.1,Substantial,-78.2274071617,34.0388755841,Substantial
30806,7270,Beaufort,128,44150.0,Coastal,53.6,2157.95,High,-76.8453144055,35.486983815,Substantial
30930,10018,Duplin,129,48249.0,Coastal,59.8,2911.6,Substantial,-77.9330277459,34.9365348363,High
30993,1606,Washington,129,10708.0,Coastal,31.8,1746.8,High,-76.5693098876,35.8392646425,High
30920,2311,Chowan,129,13646.0,Coastal,79.4,1402.6,High,-76.6021303656,36.1265615389,Substantial
30970,8850,Pender,129,62250.0,Coastal,69.1,1461.9,Substantial,-77.8884355846,34.5150997489,High
30982,5773,Scotland,129,33662.0,Eastern,107.1,3528.0,High,-79.4804292418,34.8408848102,Substantial
30950,32643,Johnston,129,224833.0,Coastal,272.7,1547.3,High,-78.3657109025,35.5178069265,High
30939,3340,Greene,129,19978.0,Coastal,76.7,1640.3,High,-77.6757626742,35.4849957203,Substantial
30919,4656,Cherokee,129,28738.0,Western,63.2,3613.3,Moderate,-84.063444228,35.1338574515,High
30973,29871,Pitt,129,173536.0,Coastal,261.0,2238.9,Substantial,-77.3744965519,35.5932989746,Substantial
30966,30094,Onslow,129,207928.0,Coastal,268.4,2191.23,High,-77.4157658244,34.709836363,Moderate
30957,3668,Martin,129,21503.0,Coastal,48.3,2717.4,Substantial,-77.109232267,35.843213981,High
30956,2813,Madison,129,21146.0,Western,47.1,1247.6,High,-82.7057582627,35.8580358086,High
30979,26402,Rowan,129,148565.0,Northern,287.1,2292.8,High,-80.5247717485,35.6394734632,High
30945,2865,Hertford,129,20374.0,Coastal,61.0,2281.6,Moderate,-76.9807147831,36.3586360305,Moderate
30929,6499,Davie,129,43127.0,Northern,162.0,1665.25,High,-80.5444636482,35.929110866,High
30912,33134,Cabarrus,129,232873.0,Central,625.1,1374.8,High,-80.5518508851,35.3867940405,High
30911,15864,Burke,129,88398.0,Western,173.0,1836.1,High,-81.7047784739,35.7496106399,High
30907,2495,Bertie,129,17302.0,Coastal,25.7,1594.6,High,-76.9667121404,36.0656302022,High
30988,560,Tyrrell,129,3315.0,Coastal,8.3,957.2,High,-76.1704523585,35.8694070017,High
30937,1334,Graham,129,7935.0,Western,27.5,8085.4,Substantial,-83.833581803,35.350171951,Substantial
30994,6711,Watauga,129,54804.0,Northern,173.1,1191.8,High,-81.6964250718,36.2311062795,High
30995,16769,Wayne,129,115895.0,Coastal,211.8,2813.0,High,-78.0039971272,35.3639599672,High
30927,3912,Dare,129,37817.0,Coastal,96.3,1872.9,High,-75.6852333134,35.664936694,High
30983,11752,Stanly,129,62143.0,Central,158.2,2425.2,High,-80.2509863077,35.3119550622,High
30972,5141,Person,129,39048.0,Eastern,99.7,1862.8,Substantial,-78.9718051426,36.3900951244,High
30951,1367,Jones,129,9076.0,Coastal,19.5,0.0,High,-77.3551679748,35.0217248029,Substantial
30936,1100,Gates,129,10324.0,Coastal,30.8,750.9,High,-76.7005266521,36.4449435708,High
30905,2775,Avery,129,17347.0,Western,72.0,1003.4,High,-81.9226013745,36.0766050343,High
30934,9978,Franklin,129,70655.0,Eastern,139.4,1314.6,High,-78.2856965824,36.0827733527,High
30977,25105,Robeson,129,115899.0,Coastal,123.0,5137.4,Substantial,-79.1038649277,34.6402420514,Substantial
30941,7965,Halifax,129,47859.0,Coastal,67.2,2754.7,Substantial,-77.6517329831,36.2574485453,Substantial
30908,5499,Bladen,129,29171.0,Coastal,33.8,2578.5,Substantial,-78.5636493115,34.6145873342,Substantial
30906,7270,Beaufort,129,44150.0,Coastal,53.6,2157.95,High,-76.8453144055,35.486983815,Substantial
30928,25965,Davidson,129,171752.0,Northern,305.4,1757.8,High,-80.2127487756,35.7933524917,High
30915,8448,Carteret,129,69039.0,Coastal,133.3,1912.1,High,-76.5357430669,34.8612598084,High
30967,11917,Orange,129,148331.0,Eastern,374.0,1991.9,Substantial,-79.120649356,36.0611182361,Substantial
30914,1163,Camden,129,10537.0,Coastal,43.1,793.0,High,-76.1609504039,36.3411216216,High
30904,3465,Ashe,129,26506.0,Northern,62.3,1123.1,Substantial,-81.5005211955,36.434424701,High
30984,6355,Stokes,129,44422.0,Northern,99.1,2146.85,High,-80.2395157151,36.4019040049,High
30948,29117,Iredell,129,192986.0,Northern,325.0,1866.4,High,-80.8734378255,35.8070259189,High
30965,2609,Northampton,129,16953.0,Eastern,32.6,2092.6,Substantial,-77.3968212099,36.4177312434,Moderate
30944,15385,Henderson,129,117429.0,Western,311.8,2039.7,High,-82.4799463782,35.3362263031,High
30924,14351,Craven,129,102568.0,Coastal,142.5,2112.3,Substantial,-77.082003837,35.117685821,Substantial
30964,28822,New Hanover,129,230423.0,Coastal,1174.0,2612.3,Substantial,-77.865597569,34.1815553357,Substantial
30923,10146,Columbus,129,49795.0,Coastal,54.0,2887.71,High,-78.6550308717,34.2656450828,Substantial
30997,13317,Wilson,129,79078.0,Coastal,214.3,2386.9,High,-77.9186629547,35.7051457145,High
30940,68533,Guilford,129,545484.0,Northern,838.0,3371.1,High,-79.7889042685,36.0794717315,High
30980,11531,Rutherford,129,63870.0,Western,114.0,2009.9,High,-81.9198334642,35.4025956291,Substantial
30918,6817,Chatham,129,77095.0,Eastern,111.9,1456.0,Substantial,-79.2552758614,35.7025721296,Substantial
30952,9487,Lee,129,64360.0,Eastern,248.1,1631.1,Substantial,-79.1714836119,35.4751864248,Substantial
30932,7983,Edgecombe,129,48604.0,Coastal,96.7,2366.3,Substantial,-77.5970588882,35.912880671,High
30962,13751,Moore,129,102966.0,Eastern,142.9,1617.3,Substantial,-79.4813744392,35.3106538555,Substantial
30976,7177,Richmond,129,43006.0,Eastern,90.7,5508.4,High,-79.7477780226,35.0060483545,Substantial
30922,18504,Cleveland,129,99332.0,Western,214.4,2001.7,High,-81.5555471412,35.3341018022,High
30954,15158,Lincoln,129,88742.0,Central,293.4,1745.2,High,-81.2235326264,35.4855950234,High
30987,3913,Transylvania,129,32825.0,Western,87.2,978.5,Substantial,-82.7983001279,35.2021778635,Substantial
30978,12332,Rockingham,129,90457.0,Northern,161.0,2130.4,High,-79.7749871967,36.3960127906,High
30953,9524,Lenoir,129,54323.0,Coastal,138.1,3246.04,Substantial,-77.6412486292,35.2387731611,Substantial
30921,1661,Clay,129,11238.0,Western,51.6,2288.34,Moderate,-83.7501767115,35.0571811284,High
30955,5018,Macon,129,37041.0,Western,71.8,2077.4,High,-83.4221767088,35.1504672096,High
30975,22047,Randolph,129,143325.0,Northern,184.3,1615.5,High,-79.8060069064,35.7103417044,High
30938,8026,Granville,129,60720.0,Eastern,114.6,1466.3,High,-78.6527194252,36.3040698262,Substantial
30909,16409,Brunswick,129,144821.0,Coastal,160.8,1537.1,Substantial,-78.2274071617,34.0388755841,Substantial
30949,5722,Jackson,129,41919.0,Western,87.8,1864.6,High,-83.1408496187,35.2875866253,High
30961,4578,Montgomery,129,25485.0,Eastern,52.4,2480.1,High,-79.9054790812,35.332466935,Substantial
30958,8682,McDowell,129,44151.0,Western,101.3,2610.9,Substantial,-82.0493124426,35.6816924709,High
30968,1736,Pamlico,129,12215.0,Coastal,36.5,2321.5,High,-76.6694598427,35.151021226,Substantial
30947,830,Hyde,129,4595.0,Coastal,7.5,0.0,Substantial,-76.1449651093,35.4081187361,High
30900,26591,Alamance,129,175029.0,Northern,404.8,3065.6,High,-79.3994248175,36.0437098766,High
30946,7191,Hoke,129,53783.0,Eastern,133.5,2028.14,Substantial,-79.237290715,35.0175290075,High
30931,35288,Durham,129,331347.0,Eastern,1133.7,3966.0,Substantial,-78.8765926949,36.0360299243,Substantial
30971,1588,Perquimans,129,13049.0,Coastal,52.6,684.8,High,-76.4076199893,36.1772228503,High
30901,6526,Alexander,129,36172.0,Northern,140.2,1440.7,High,-81.1770268506,35.9210263138,High
30974,2358,Polk,129,19461.0,Western,81.3,1596.5,High,-82.1696779265,35.2792789622,High
30985,12546,Surry,129,70573.0,Northern,134.0,1507.5,High,-80.6880779273,36.4148205561,High
30910,28501,Buncombe,129,271638.0,Western,410.4,3012.8,High,-82.5301070587,35.611177887,High
30991,131431,Wake,129,1154170.0,Eastern,1353.3,1846.0,Moderate,-78.6503081729,35.7902443741,High
30925,46163,Cumberland,129,341793.0,Eastern,512.9,3748.5,High,-78.8275607671,35.048611942,Substantial
30998,6052,Yadkin,129,36925.0,Northern,111.1,1820.8,High,-80.6652439331,36.1605336919,High
30913,13607,Caldwell,129,81319.0,Northern,170.9,2504.8,High,-81.5464366451,35.9530379334,High
30933,52201,Forsyth,129,387703.0,Northern,938.1,4129.5,High,-80.256300016,36.1306195485,High
30969,5327,Pasquotank,129,40966.0,Coastal,178.8,2078.8,High,-76.2492413613,36.2650187228,High
30916,3222,Caswell,129,22400.0,Eastern,53.5,317.5,High,-79.3335234769,36.3932742158,High
30903,3918,Anson,129,22028.0,Central,41.5,2802.1,High,-80.102712026,34.9737894417,High
30963,15332,Nash,129,96101.0,Coastal,175.7,1838.5,Substantial,-77.9864448378,35.9672502839,Substantial
30999,2845,Yancey,129,18320.0,Western,59.1,557.0,High,-82.3076279784,35.8989479924,High
30943,7533,Haywood,129,62831.0,Western,112.2,3591.8,High,-82.9821729698,35.5560557128,High
30981,11378,Sampson,129,58371.0,Coastal,62.4,2241.9,High,-78.3713906105,34.9915361594,Substantial
30942,18632,Harnett,129,134986.0,Eastern,224.5,2172.6,High,-78.8694125204,35.3686291614,Substantial
30902,1625,Alleghany,129,11057.0,Northern,46.4,697.2,Substantial,-81.1278593427,36.4912704378,High
30926,2808,Currituck,129,29385.0,Coastal,107.3,1344.3,High,-75.936949201,36.3672994836,High
30960,2078,Mitchell,129,14783.0,Western,67.4,458.42,High,-82.1635815487,36.0132038869,High
30996,10655,Wilkes,129,65151.0,Northern,87.5,1887.3,High,-81.1633856618,36.2062757623,High
30986,1988,Swain,129,14046.0,Western,26.8,3517.8,High,-83.4927393736,35.4868150519,Moderate
30989,36665,Union,129,244960.0,Central,376.6,1582.3,High,-80.5307400446,34.9883574887,High
30990,6905,Vance,129,41665.0,Eastern,168.7,3584.5,High,-78.4079288849,36.3649169333,High
30992,2410,Warren,129,18621.0,Eastern,43.4,2235.0,High,-78.1067171324,36.3965102811,Substantial
30917,28580,Catawba,129,162841.0,Northern,400.2,2802.5,High,-81.2150705598,35.662042354,High
30935,40243,Gaston,129,233387.0,Central,640.7,2912.4,Substantial,-81.1802416273,35.2943489527,High
30959,158324,Mecklenburg,129,1128426.0,Central,2130.4,3736.1,Substantial,-80.8327311406,35.2467670437,High
31019,4656,Cherokee,130,28738.0,Western,63.2,3613.3,Moderate,-84.063444228,35.1338574515,High
31096,10655,Wilkes,130,65151.0,Northern,87.5,1887.3,High,-81.1633856618,36.2062757623,High
31047,830,Hyde,130,4595.0,Coastal,7.5,0.0,Substantial,-76.1449651093,35.4081187361,High
31007,2495,Bertie,130,17302.0,Coastal,25.7,1594.6,High,-76.9667121404,36.0656302022,High
31022,18504,Cleveland,130,99332.0,Western,214.4,2001.7,High,-81.5555471412,35.3341018022,High
31095,16769,Wayne,130,115895.0,Coastal,211.8,2813.0,High,-78.0039971272,35.3639599672,High
31073,29871,Pitt,130,173536.0,Coastal,261.0,2238.9,Substantial,-77.3744965519,35.5932989746,Substantial
31043,7533,Haywood,130,62831.0,Western,112.2,3591.8,High,-82.9821729698,35.5560557128,High
31093,1606,Washington,130,10708.0,Coastal,31.8,1746.8,High,-76.5693098876,35.8392646425,High
31068,1736,Pamlico,130,12215.0,Coastal,36.5,2321.5,High,-76.6694598427,35.151021226,Substantial
31023,10146,Columbus,130,49795.0,Coastal,54.0,2887.71,High,-78.6550308717,34.2656450828,Substantial
31012,33134,Cabarrus,130,232873.0,Central,625.1,1374.8,High,-80.5518508851,35.3867940405,High
31028,25965,Davidson,130,171752.0,Northern,305.4,1757.8,High,-80.2127487756,35.7933524917,High
31088,560,Tyrrell,130,3315.0,Coastal,8.3,957.2,High,-76.1704523585,35.8694070017,High
31033,52201,Forsyth,130,387703.0,Northern,938.1,4129.5,High,-80.256300016,36.1306195485,High
31074,2358,Polk,130,19461.0,Western,81.3,1596.5,High,-82.1696779265,35.2792789622,High
31086,1988,Swain,130,14046.0,Western,26.8,3517.8,High,-83.4927393736,35.4868150519,Moderate
31005,2775,Avery,130,17347.0,Western,72.0,1003.4,High,-81.9226013745,36.0766050343,High
31045,2865,Hertford,130,20374.0,Coastal,61.0,2281.6,Moderate,-76.9807147831,36.3586360305,Moderate
31099,2845,Yancey,130,18320.0,Western,59.1,557.0,High,-82.3076279784,35.8989479924,High
31083,11752,Stanly,130,62143.0,Central,158.2,2425.2,High,-80.2509863077,35.3119550622,High
31090,6905,Vance,130,41665.0,Eastern,168.7,3584.5,High,-78.4079288849,36.3649169333,High
31004,3465,Ashe,130,26506.0,Northern,62.3,1123.1,Substantial,-81.5005211955,36.434424701,High
31041,7965,Halifax,130,47859.0,Coastal,67.2,2754.7,Substantial,-77.6517329831,36.2574485453,Substantial
31097,13317,Wilson,130,79078.0,Coastal,214.3,2386.9,High,-77.9186629547,35.7051457145,High
31079,26402,Rowan,130,148565.0,Northern,287.1,2292.8,High,-80.5247717485,35.6394734632,High
31080,11531,Rutherford,130,63870.0,Western,114.0,2009.9,High,-81.9198334642,35.4025956291,Substantial
31060,2078,Mitchell,130,14783.0,Western,67.4,458.42,High,-82.1635815487,36.0132038869,High
31037,1334,Graham,130,7935.0,Western,27.5,8085.4,Substantial,-83.833581803,35.350171951,Substantial
31049,5722,Jackson,130,41919.0,Western,87.8,1864.6,High,-83.1408496187,35.2875866253,High
31024,14351,Craven,130,102568.0,Coastal,142.5,2112.3,Substantial,-77.082003837,35.117685821,Substantial
31057,3668,Martin,130,21503.0,Coastal,48.3,2717.4,Substantial,-77.109232267,35.843213981,High
31015,8448,Carteret,130,69039.0,Coastal,133.3,1912.1,High,-76.5357430669,34.8612598084,High
31018,6817,Chatham,130,77095.0,Eastern,111.9,1456.0,Substantial,-79.2552758614,35.7025721296,Substantial
31038,8026,Granville,130,60720.0,Eastern,114.6,1466.3,High,-78.6527194252,36.3040698262,Substantial
31035,40243,Gaston,130,233387.0,Central,640.7,2912.4,Substantial,-81.1802416273,35.2943489527,High
31053,9524,Lenoir,130,54323.0,Coastal,138.1,3246.04,Substantial,-77.6412486292,35.2387731611,Substantial
31050,32643,Johnston,130,224833.0,Coastal,272.7,1547.3,High,-78.3657109025,35.5178069265,High
31064,28822,New Hanover,130,230423.0,Coastal,1174.0,2612.3,Substantial,-77.865597569,34.1815553357,Substantial
31055,5018,Macon,130,37041.0,Western,71.8,2077.4,High,-83.4221767088,35.1504672096,High
31014,1163,Camden,130,10537.0,Coastal,43.1,793.0,High,-76.1609504039,36.3411216216,High
31052,9487,Lee,130,64360.0,Eastern,248.1,1631.1,Substantial,-79.1714836119,35.4751864248,Substantial
31069,5327,Pasquotank,130,40966.0,Coastal,178.8,2078.8,High,-76.2492413613,36.2650187228,High
31077,25105,Robeson,130,115899.0,Coastal,123.0,5137.4,Substantial,-79.1038649277,34.6402420514,Substantial
31084,6355,Stokes,130,44422.0,Northern,99.1,2146.85,High,-80.2395157151,36.4019040049,High
31034,9978,Franklin,130,70655.0,Eastern,139.4,1314.6,High,-78.2856965824,36.0827733527,High
31020,2311,Chowan,130,13646.0,Coastal,79.4,1402.6,High,-76.6021303656,36.1265615389,Substantial
31026,2808,Currituck,130,29385.0,Coastal,107.3,1344.3,High,-75.936949201,36.3672994836,High
31046,7191,Hoke,130,53783.0,Eastern,133.5,2028.14,Substantial,-79.237290715,35.0175290075,High
31040,68533,Guilford,130,545484.0,Northern,838.0,3371.1,High,-79.7889042685,36.0794717315,High
31032,7983,Edgecombe,130,48604.0,Coastal,96.7,2366.3,Substantial,-77.5970588882,35.912880671,High
31051,1367,Jones,130,9076.0,Coastal,19.5,0.0,High,-77.3551679748,35.0217248029,Substantial
31025,46163,Cumberland,130,341793.0,Eastern,512.9,3748.5,High,-78.8275607671,35.048611942,Substantial
31027,3912,Dare,130,37817.0,Coastal,96.3,1872.9,High,-75.6852333134,35.664936694,High
31098,6052,Yadkin,130,36925.0,Northern,111.1,1820.8,High,-80.6652439331,36.1605336919,High
31059,158324,Mecklenburg,130,1128426.0,Central,2130.4,3736.1,Substantial,-80.8327311406,35.2467670437,High
31063,15332,Nash,130,96101.0,Coastal,175.7,1838.5,Substantial,-77.9864448378,35.9672502839,Substantial
31089,36665,Union,130,244960.0,Central,376.6,1582.3,High,-80.5307400446,34.9883574887,High
31065,2609,Northampton,130,16953.0,Eastern,32.6,2092.6,Substantial,-77.3968212099,36.4177312434,Moderate
31042,18632,Harnett,130,134986.0,Eastern,224.5,2172.6,High,-78.8694125204,35.3686291614,Substantial
31029,6499,Davie,130,43127.0,Northern,162.0,1665.25,High,-80.5444636482,35.929110866,High
31071,1588,Perquimans,130,13049.0,Coastal,52.6,684.8,High,-76.4076199893,36.1772228503,High
31094,6711,Watauga,130,54804.0,Northern,173.1,1191.8,High,-81.6964250718,36.2311062795,High
31085,12546,Surry,130,70573.0,Northern,134.0,1507.5,High,-80.6880779273,36.4148205561,High
31039,3340,Greene,130,19978.0,Coastal,76.7,1640.3,High,-77.6757626742,35.4849957203,Substantial
31010,28501,Buncombe,130,271638.0,Western,410.4,3012.8,High,-82.5301070587,35.611177887,High
31056,2813,Madison,130,21146.0,Western,47.1,1247.6,High,-82.7057582627,35.8580358086,High
31003,3918,Anson,130,22028.0,Central,41.5,2802.1,High,-80.102712026,34.9737894417,High
31013,13607,Caldwell,130,81319.0,Northern,170.9,2504.8,High,-81.5464366451,35.9530379334,High
31082,5773,Scotland,130,33662.0,Eastern,107.1,3528.0,High,-79.4804292418,34.8408848102,Substantial
31016,3222,Caswell,130,22400.0,Eastern,53.5,317.5,High,-79.3335234769,36.3932742158,High
31030,10018,Duplin,130,48249.0,Coastal,59.8,2911.6,Substantial,-77.9330277459,34.9365348363,High
31044,15385,Henderson,130,117429.0,Western,311.8,2039.7,High,-82.4799463782,35.3362263031,High
31092,2410,Warren,130,18621.0,Eastern,43.4,2235.0,High,-78.1067171324,36.3965102811,Substantial
31076,7177,Richmond,130,43006.0,Eastern,90.7,5508.4,High,-79.7477780226,35.0060483545,Substantial
31036,1100,Gates,130,10324.0,Coastal,30.8,750.9,High,-76.7005266521,36.4449435708,High
31091,131431,Wake,130,1154170.0,Eastern,1353.3,1846.0,Moderate,-78.6503081729,35.7902443741,High
31001,6526,Alexander,130,36172.0,Northern,140.2,1440.7,High,-81.1770268506,35.9210263138,High
31031,35288,Durham,130,331347.0,Eastern,1133.7,3966.0,Substantial,-78.8765926949,36.0360299243,Substantial
31002,1625,Alleghany,130,11057.0,Northern,46.4,697.2,Substantial,-81.1278593427,36.4912704378,High
31070,8850,Pender,130,62250.0,Coastal,69.1,1461.9,Substantial,-77.8884355846,34.5150997489,High
31066,30094,Onslow,130,207928.0,Coastal,268.4,2191.23,High,-77.4157658244,34.709836363,Moderate
31017,28580,Catawba,130,162841.0,Northern,400.2,2802.5,High,-81.2150705598,35.662042354,High
31000,26591,Alamance,130,175029.0,Northern,404.8,3065.6,High,-79.3994248175,36.0437098766,High
31067,11917,Orange,130,148331.0,Eastern,374.0,1991.9,Substantial,-79.120649356,36.0611182361,Substantial
31062,13751,Moore,130,102966.0,Eastern,142.9,1617.3,Substantial,-79.4813744392,35.3106538555,Substantial
31008,5499,Bladen,130,29171.0,Coastal,33.8,2578.5,Substantial,-78.5636493115,34.6145873342,Substantial
31006,7270,Beaufort,130,44150.0,Coastal,53.6,2157.95,High,-76.8453144055,35.486983815,Substantial
31072,5141,Person,130,39048.0,Eastern,99.7,1862.8,Substantial,-78.9718051426,36.3900951244,High
31078,12332,Rockingham,130,90457.0,Northern,161.0,2130.4,High,-79.7749871967,36.3960127906,High
31048,29117,Iredell,130,192986.0,Northern,325.0,1866.4,High,-80.8734378255,35.8070259189,High
31081,11378,Sampson,130,58371.0,Coastal,62.4,2241.9,High,-78.3713906105,34.9915361594,Substantial
31054,15158,Lincoln,130,88742.0,Central,293.4,1745.2,High,-81.2235326264,35.4855950234,High
31011,15864,Burke,130,88398.0,Western,173.0,1836.1,High,-81.7047784739,35.7496106399,High
31087,3913,Transylvania,130,32825.0,Western,87.2,978.5,Substantial,-82.7983001279,35.2021778635,Substantial
31075,22047,Randolph,130,143325.0,Northern,184.3,1615.5,High,-79.8060069064,35.7103417044,High
31021,1661,Clay,130,11238.0,Western,51.6,2288.34,Moderate,-83.7501767115,35.0571811284,High
31009,16409,Brunswick,130,144821.0,Coastal,160.8,1537.1,Substantial,-78.2274071617,34.0388755841,Substantial
31061,4578,Montgomery,130,25485.0,Eastern,52.4,2480.1,High,-79.9054790812,35.332466935,Substantial
31058,8682,McDowell,130,44151.0,Western,101.3,2610.9,Substantial,-82.0493124426,35.6816924709,High
31115,8473,Carteret,131,69039.0,Coastal,133.3,1912.1,Substantial,-76.5357430669,34.8612598084,High
31177,25154,Robeson,131,115899.0,Coastal,123.0,5137.4,Substantial,-79.1038649277,34.6402420514,High
31192,2421,Warren,131,18621.0,Eastern,43.4,2235.0,High,-78.1067171324,36.3965102811,Substantial
31138,8048,Granville,131,60720.0,Eastern,114.6,1466.3,High,-78.6527194252,36.3040698262,High
31149,5753,Jackson,131,41919.0,Western,87.8,1864.6,High,-83.1408496187,35.2875866253,Substantial
31199,2862,Yancey,131,18320.0,Western,59.1,557.0,High,-82.3076279784,35.8989479924,High
31173,29910,Pitt,131,173536.0,Coastal,261.0,2238.9,Substantial,-77.3744965519,35.5932989746,High
31126,2839,Currituck,131,29385.0,Coastal,107.3,1344.3,High,-75.936949201,36.3672994836,High
31156,2815,Madison,131,21146.0,Western,47.1,1247.6,Substantial,-82.7057582627,35.8580358086,High
31118,6840,Chatham,131,77095.0,Eastern,111.9,1456.0,Substantial,-79.2552758614,35.7025721296,Substantial
31188,562,Tyrrell,131,3315.0,Coastal,8.3,957.2,High,-76.1704523585,35.8694070017,Low
31184,6386,Stokes,131,44422.0,Northern,99.1,2146.85,High,-80.2395157151,36.4019040049,High
31148,29214,Iredell,131,192986.0,Northern,325.0,1866.4,High,-80.8734378255,35.8070259189,High
31145,2870,Hertford,131,20374.0,Coastal,61.0,2281.6,Substantial,-76.9807147831,36.3586360305,Substantial
31196,10686,Wilkes,131,65151.0,Northern,87.5,1887.3,High,-81.1633856618,36.2062757623,High
31147,832,Hyde,131,4595.0,Coastal,7.5,0.0,Substantial,-76.1449651093,35.4081187361,High
31143,7560,Haywood,131,62831.0,Western,112.2,3591.8,High,-82.9821729698,35.5560557128,High
31169,5365,Pasquotank,131,40966.0,Coastal,178.8,2078.8,High,-76.2492413613,36.2650187228,High
31191,131431,Wake,131,1154170.0,Eastern,1353.3,1846.0,Low,-78.6503081729,35.7902443741,High
31131,35363,Durham,131,331347.0,Eastern,1133.7,3966.0,Substantial,-78.8765926949,36.0360299243,Substantial
31102,1639,Alleghany,131,11057.0,Northern,46.4,697.2,High,-81.1278593427,36.4912704378,High
31152,9507,Lee,131,64360.0,Eastern,248.1,1631.1,Substantial,-79.1714836119,35.4751864248,Moderate
31167,11944,Orange,131,148331.0,Eastern,374.0,1991.9,Moderate,-79.120649356,36.0611182361,Substantial
31162,13772,Moore,131,102966.0,Eastern,142.9,1617.3,Substantial,-79.4813744392,35.3106538555,Substantial
31178,12433,Rockingham,131,90457.0,Northern,161.0,2130.4,High,-79.7749871967,36.3960127906,High
31181,11400,Sampson,131,58371.0,Coastal,62.4,2241.9,High,-78.3713906105,34.9915361594,Substantial
31168,1738,Pamlico,131,12215.0,Coastal,36.5,2321.5,Substantial,-76.6694598427,35.151021226,High
31101,6553,Alexander,131,36172.0,Northern,140.2,1440.7,High,-81.1770268506,35.9210263138,High
31187,3923,Transylvania,131,32825.0,Western,87.2,978.5,Substantial,-82.7983001279,35.2021778635,Substantial
31109,16443,Brunswick,131,144821.0,Coastal,160.8,1537.1,Substantial,-78.2274071617,34.0388755841,Substantial
31161,4590,Montgomery,131,25485.0,Eastern,52.4,2480.1,High,-79.9054790812,35.332466935,High
31105,2791,Avery,131,17347.0,Western,72.0,1003.4,High,-81.9226013745,36.0766050343,High
31144,15441,Henderson,131,117429.0,Western,311.8,2039.7,High,-82.4799463782,35.3362263031,High
31117,28649,Catawba,131,162841.0,Northern,400.2,2802.5,High,-81.2150705598,35.662042354,High
31146,7216,Hoke,131,53783.0,Eastern,133.5,2028.14,High,-79.237290715,35.0175290075,High
31113,13651,Caldwell,131,81319.0,Northern,170.9,2504.8,High,-81.5464366451,35.9530379334,High
31122,18548,Cleveland,131,99332.0,Western,214.4,2001.7,High,-81.5555471412,35.3341018022,High
31155,5037,Macon,131,37041.0,Western,71.8,2077.4,High,-83.4221767088,35.1504672096,Substantial
31153,9550,Lenoir,131,54323.0,Coastal,138.1,3246.04,Substantial,-77.6412486292,35.2387731611,Substantial
31179,26462,Rowan,131,148565.0,Northern,287.1,2292.8,High,-80.5247717485,35.6394734632,High
31112,33281,Cabarrus,131,232873.0,Central,625.1,1374.8,High,-80.5518508851,35.3867940405,High
31172,5161,Person,131,39048.0,Eastern,99.7,1862.8,Substantial,-78.9718051426,36.3900951244,High
31106,7303,Beaufort,131,44150.0,Coastal,53.6,2157.95,High,-76.8453144055,35.486983815,Substantial
31165,2611,Northampton,131,16953.0,Eastern,32.6,2092.6,Moderate,-77.3968212099,36.4177312434,Moderate
31110,28664,Buncombe,131,271638.0,Western,410.4,3012.8,High,-82.5301070587,35.611177887,High
31130,10038,Duplin,131,48249.0,Coastal,59.8,2911.6,Substantial,-77.9330277459,34.9365348363,High
31154,15237,Lincoln,131,88742.0,Central,293.4,1745.2,High,-81.2235326264,35.4855950234,High
31164,28855,New Hanover,131,230423.0,Coastal,1174.0,2612.3,Moderate,-77.865597569,34.1815553357,Substantial
31135,40355,Gaston,131,233387.0,Central,640.7,2912.4,Substantial,-81.1802416273,35.2943489527,High
31125,46417,Cumberland,131,341793.0,Eastern,512.9,3748.5,High,-78.8275607671,35.048611942,High
31124,14369,Craven,131,102568.0,Coastal,142.5,2112.3,Substantial,-77.082003837,35.117685821,Substantial
31104,3480,Ashe,131,26506.0,Northern,62.3,1123.1,High,-81.5005211955,36.434424701,High
31128,26060,Davidson,131,171752.0,Northern,305.4,1757.8,High,-80.2127487756,35.7933524917,High
31174,2369,Polk,131,19461.0,Western,81.3,1596.5,High,-82.1696779265,35.2792789622,High
31186,1988,Swain,131,14046.0,Western,26.8,3517.8,Moderate,-83.4927393736,35.4868150519,High
31100,26675,Alamance,131,175029.0,Northern,404.8,3065.6,High,-79.3994248175,36.0437098766,High
31190,6927,Vance,131,41665.0,Eastern,168.7,3584.5,High,-78.4079288849,36.3649169333,Substantial
31175,22124,Randolph,131,143325.0,Northern,184.3,1615.5,High,-79.8060069064,35.7103417044,High
31180,11554,Rutherford,131,63870.0,Western,114.0,2009.9,High,-81.9198334642,35.4025956291,High
31160,2095,Mitchell,131,14783.0,Western,67.4,458.42,High,-82.1635815487,36.0132038869,High
31114,1180,Camden,131,10537.0,Coastal,43.1,793.0,High,-76.1609504039,36.3411216216,Substantial
31197,13348,Wilson,131,79078.0,Coastal,214.3,2386.9,High,-77.9186629547,35.7051457145,High
31132,8005,Edgecombe,131,48604.0,Coastal,96.7,2366.3,Substantial,-77.5970588882,35.912880671,High
31158,8697,McDowell,131,44151.0,Western,101.3,2610.9,Substantial,-82.0493124426,35.6816924709,High
31134,10015,Franklin,131,70655.0,Eastern,139.4,1314.6,High,-78.2856965824,36.0827733527,High
31193,1610,Washington,131,10708.0,Coastal,31.8,1746.8,High,-76.5693098876,35.8392646425,Substantial
31139,3341,Greene,131,19978.0,Coastal,76.7,1640.3,Moderate,-77.6757626742,35.4849957203,High
31194,6743,Watauga,131,54804.0,Northern,173.1,1191.8,High,-81.6964250718,36.2311062795,Substantial
31127,3933,Dare,131,37817.0,Coastal,96.3,1872.9,High,-75.6852333134,35.664936694,High
31195,16836,Wayne,131,115895.0,Coastal,211.8,2813.0,High,-78.0039971272,35.3639599672,High
31157,3675,Martin,131,21503.0,Coastal,48.3,2717.4,Substantial,-77.109232267,35.843213981,High
31129,6529,Davie,131,43127.0,Northern,162.0,1665.25,High,-80.5444636482,35.929110866,High
31151,1369,Jones,131,9076.0,Coastal,19.5,0.0,High,-77.3551679748,35.0217248029,Moderate
31120,2310,Chowan,131,13646.0,Coastal,79.4,1402.6,Substantial,-76.6021303656,36.1265615389,High
31140,68783,Guilford,131,545484.0,Northern,838.0,3371.1,High,-79.7889042685,36.0794717315,High
31176,7199,Richmond,131,43006.0,Eastern,90.7,5508.4,High,-79.7477780226,35.0060483545,Substantial
31133,52359,Forsyth,131,387703.0,Northern,938.1,4129.5,High,-80.256300016,36.1306195485,High
31119,4661,Cherokee,131,28738.0,Western,63.2,3613.3,Substantial,-84.063444228,35.1338574515,High
31121,1665,Clay,131,11238.0,Western,51.6,2288.34,Moderate,-83.7501767115,35.0571811284,High
31136,1106,Gates,131,10324.0,Coastal,30.8,750.9,High,-76.7005266521,36.4449435708,High
31111,15901,Burke,131,88398.0,Western,173.0,1836.1,High,-81.7047784739,35.7496106399,Substantial
31108,5500,Bladen,131,29171.0,Coastal,33.8,2578.5,Moderate,-78.5636493115,34.6145873342,High
31166,30195,Onslow,131,207928.0,Coastal,268.4,2191.23,High,-77.4157658244,34.709836363,Substantial
31198,6077,Yadkin,131,36925.0,Northern,111.1,1820.8,High,-80.6652439331,36.1605336919,High
31107,2502,Bertie,131,17302.0,Coastal,25.7,1594.6,High,-76.9667121404,36.0656302022,High
31142,18684,Harnett,131,134986.0,Eastern,224.5,2172.6,High,-78.8694125204,35.3686291614,Substantial
31185,12582,Surry,131,70573.0,Northern,134.0,1507.5,High,-80.6880779273,36.4148205561,High
31183,11797,Stanly,131,62143.0,Central,158.2,2425.2,High,-80.2509863077,35.3119550622,High
31141,7987,Halifax,131,47859.0,Coastal,67.2,2754.7,Substantial,-77.6517329831,36.2574485453,Moderate
31137,1335,Graham,131,7935.0,Western,27.5,8085.4,Moderate,-83.833581803,35.350171951,Substantial
31189,36773,Union,131,244960.0,Central,376.6,1582.3,High,-80.5307400446,34.9883574887,High
31171,1593,Perquimans,131,13049.0,Coastal,52.6,684.8,High,-76.4076199893,36.1772228503,High
31163,15375,Nash,131,96101.0,Coastal,175.7,1838.5,Substantial,-77.9864448378,35.9672502839,High
31170,8875,Pender,131,62250.0,Coastal,69.1,1461.9,Substantial,-77.8884355846,34.5150997489,High
31123,10159,Columbus,131,49795.0,Coastal,54.0,2887.71,Substantial,-78.6550308717,34.2656450828,High
31159,158689,Mecklenburg,131,1128426.0,Central,2130.4,3736.1,Substantial,-80.8327311406,35.2467670437,High
31116,3227,Caswell,131,22400.0,Eastern,53.5,317.5,Substantial,-79.3335234769,36.3932742158,Substantial
31103,3933,Anson,131,22028.0,Central,41.5,2802.1,High,-80.102712026,34.9737894417,Substantial
31182,5781,Scotland,131,33662.0,Eastern,107.1,3528.0,Substantial,-79.4804292418,34.8408848102,Moderate
31150,32732,Johnston,131,224833.0,Coastal,272.7,1547.3,High,-78.3657109025,35.5178069265,High
31245,2871,Hertford,132,20374.0,Coastal,61.0,2281.6,Substantial,-76.9807147831,36.3586360305,Moderate
31212,33304,Cabarrus,132,232873.0,Central,625.1,1374.8,High,-80.5518508851,35.3867940405,High
31286,1989,Swain,132,14046.0,Western,26.8,3517.8,Moderate,-83.4927393736,35.4868150519,High
31298,6084,Yadkin,132,36925.0,Northern,111.1,1820.8,High,-80.6652439331,36.1605336919,High
31297,13355,Wilson,132,79078.0,Coastal,214.3,2386.9,Substantial,-77.9186629547,35.7051457145,High
31207,2502,Bertie,132,17302.0,Coastal,25.7,1594.6,High,-76.9667121404,36.0656302022,High
31257,3678,Martin,132,21503.0,Coastal,48.3,2717.4,Substantial,-77.109232267,35.843213981,Substantial
31273,29913,Pitt,132,173536.0,Coastal,261.0,2238.9,Substantial,-77.3744965519,35.5932989746,High
31206,7305,Beaufort,132,44150.0,Coastal,53.6,2157.95,High,-76.8453144055,35.486983815,Substantial
31228,26083,Davidson,132,171752.0,Northern,305.4,1757.8,High,-80.2127487756,35.7933524917,High
31264,28866,New Hanover,132,230423.0,Coastal,1174.0,2612.3,Moderate,-77.865597569,34.1815553357,Substantial
31232,8006,Edgecombe,132,48604.0,Coastal,96.7,2366.3,Substantial,-77.5970588882,35.912880671,High
31260,2097,Mitchell,132,14783.0,Western,67.4,458.42,High,-82.1635815487,36.0132038869,High
31276,7201,Richmond,132,43006.0,Eastern,90.7,5508.4,High,-79.7477780226,35.0060483545,Substantial
31285,12590,Surry,132,70573.0,Northern,134.0,1507.5,High,-80.6880779273,36.4148205561,High
31246,7227,Hoke,132,53783.0,Eastern,133.5,2028.14,High,-79.237290715,35.0175290075,High
31284,6400,Stokes,132,44422.0,Northern,99.1,2146.85,High,-80.2395157151,36.4019040049,High
31248,29240,Iredell,132,192986.0,Northern,325.0,1866.4,High,-80.8734378255,35.8070259189,High
31263,15380,Nash,132,96101.0,Coastal,175.7,1838.5,Substantial,-77.9864448378,35.9672502839,High
31221,1665,Clay,132,11238.0,Western,51.6,2288.34,Moderate,-83.7501767115,35.0571811284,High
31287,3928,Transylvania,132,32825.0,Western,87.2,978.5,Substantial,-82.7983001279,35.2021778635,Substantial
31227,3933,Dare,132,37817.0,Coastal,96.3,1872.9,High,-75.6852333134,35.664936694,High
31267,11957,Orange,132,148331.0,Eastern,374.0,1991.9,Moderate,-79.120649356,36.0611182361,Substantial
31259,158871,Mecklenburg,132,1128426.0,Central,2130.4,3736.1,Substantial,-80.8327311406,35.2467670437,High
31233,52396,Forsyth,132,387703.0,Northern,938.1,4129.5,Substantial,-80.256300016,36.1306195485,High
31294,6748,Watauga,132,54804.0,Northern,173.1,1191.8,High,-81.6964250718,36.2311062795,Substantial
31269,5379,Pasquotank,132,40966.0,Coastal,178.8,2078.8,High,-76.2492413613,36.2650187228,High
31247,832,Hyde,132,4595.0,Coastal,7.5,0.0,Substantial,-76.1449651093,35.4081187361,High
31292,2421,Warren,132,18621.0,Eastern,43.4,2235.0,High,-78.1067171324,36.3965102811,Substantial
31238,8052,Granville,132,60720.0,Eastern,114.6,1466.3,Substantial,-78.6527194252,36.3040698262,High
31231,35363,Durham,132,331347.0,Eastern,1133.7,3966.0,Substantial,-78.8765926949,36.0360299243,Substantial
31203,3933,Anson,132,22028.0,Central,41.5,2802.1,High,-80.102712026,34.9737894417,High
31270,8881,Pender,132,62250.0,Coastal,69.1,1461.9,Substantial,-77.8884355846,34.5150997489,High
31222,18563,Cleveland,132,99332.0,Western,214.4,2001.7,High,-81.5555471412,35.3341018022,High
31293,1610,Washington,132,10708.0,Coastal,31.8,1746.8,High,-76.5693098876,35.8392646425,Moderate
31277,25168,Robeson,132,115899.0,Coastal,123.0,5137.4,Substantial,-79.1038649277,34.6402420514,High
31262,13778,Moore,132,102966.0,Eastern,142.9,1617.3,Substantial,-79.4813744392,35.3106538555,Substantial
31211,15915,Burke,132,88398.0,Western,173.0,1836.1,High,-81.7047784739,35.7496106399,Substantial
31290,6936,Vance,132,41665.0,Eastern,168.7,3584.5,High,-78.4079288849,36.3649169333,High
31275,22136,Randolph,132,143325.0,Northern,184.3,1615.5,High,-79.8060069064,35.7103417044,High
31280,11563,Rutherford,132,63870.0,Western,114.0,2009.9,High,-81.9198334642,35.4025956291,High
31236,1108,Gates,132,10324.0,Coastal,30.8,750.9,High,-76.7005266521,36.4449435708,High
31299,2864,Yancey,132,18320.0,Western,59.1,557.0,High,-82.3076279784,35.8989479924,High
31201,6570,Alexander,132,36172.0,Northern,140.2,1440.7,High,-81.1770268506,35.9210263138,High
31242,18702,Harnett,132,134986.0,Eastern,224.5,2172.6,High,-78.8694125204,35.3686291614,Substantial
31250,32763,Johnston,132,224833.0,Coastal,272.7,1547.3,High,-78.3657109025,35.5178069265,High
31291,132454,Wake,132,1154170.0,Eastern,1353.3,1846.0,Substantial,-78.6503081729,35.7902443741,High
31253,9556,Lenoir,132,54323.0,Coastal,138.1,3246.04,Substantial,-77.6412486292,35.2387731611,Substantial
31255,5039,Macon,132,37041.0,Western,71.8,2077.4,High,-83.4221767088,35.1504672096,Substantial
31225,46493,Cumberland,132,341793.0,Eastern,512.9,3748.5,High,-78.8275607671,35.048611942,High
31208,5506,Bladen,132,29171.0,Coastal,33.8,2578.5,Moderate,-78.5636493115,34.6145873342,High
31252,9515,Lee,132,64360.0,Eastern,248.1,1631.1,Substantial,-79.1714836119,35.4751864248,Substantial
31213,13657,Caldwell,132,81319.0,Northern,170.9,2504.8,High,-81.5464366451,35.9530379334,High
31214,1183,Camden,132,10537.0,Coastal,43.1,793.0,High,-76.1609504039,36.3411216216,High
31266,30227,Onslow,132,207928.0,Coastal,268.4,2191.23,High,-77.4157658244,34.709836363,Substantial
31243,7592,Haywood,132,62831.0,Western,112.2,3591.8,High,-82.9821729698,35.5560557128,High
31205,2793,Avery,132,17347.0,Western,72.0,1003.4,High,-81.9226013745,36.0766050343,High
31244,15469,Henderson,132,117429.0,Western,311.8,2039.7,High,-82.4799463782,35.3362263031,High
31258,8700,McDowell,132,44151.0,Western,101.3,2610.9,Substantial,-82.0493124426,35.6816924709,High
31271,1597,Perquimans,132,13049.0,Coastal,52.6,684.8,High,-76.4076199893,36.1772228503,High
31296,10698,Wilkes,132,65151.0,Northern,87.5,1887.3,High,-81.1633856618,36.2062757623,High
31234,10020,Franklin,132,70655.0,Eastern,139.4,1314.6,High,-78.2856965824,36.0827733527,High
31217,28667,Catawba,132,162841.0,Northern,400.2,2802.5,High,-81.2150705598,35.662042354,High
31283,11818,Stanly,132,62143.0,Central,158.2,2425.2,High,-80.2509863077,35.3119550622,High
31237,1334,Graham,132,7935.0,Western,27.5,8085.4,Moderate,-83.833581803,35.350171951,High
31200,26692,Alamance,132,175029.0,Northern,404.8,3065.6,High,-79.3994248175,36.0437098766,High
31202,1646,Alleghany,132,11057.0,Northern,46.4,697.2,High,-81.1278593427,36.4912704378,High
31274,2372,Polk,132,19461.0,Western,81.3,1596.5,High,-82.1696779265,35.2792789622,High
31219,4665,Cherokee,132,28738.0,Western,63.2,3613.3,Substantial,-84.063444228,35.1338574515,Substantial
31215,8482,Carteret,132,69039.0,Coastal,133.3,1912.1,Substantial,-76.5357430669,34.8612598084,High
31249,5759,Jackson,132,41919.0,Western,87.8,1864.6,High,-83.1408496187,35.2875866253,High
31239,3341,Greene,132,19978.0,Coastal,76.7,1640.3,Moderate,-77.6757626742,35.4849957203,High
31209,16465,Brunswick,132,144821.0,Coastal,160.8,1537.1,Substantial,-78.2274071617,34.0388755841,Substantial
31279,26479,Rowan,132,148565.0,Northern,287.1,2292.8,High,-80.5247717485,35.6394734632,High
31288,562,Tyrrell,132,3315.0,Coastal,8.3,957.2,High,-76.1704523585,35.8694070017,Moderate
31295,16860,Wayne,132,115895.0,Coastal,211.8,2813.0,High,-78.0039971272,35.3639599672,High
31272,5162,Person,132,39048.0,Eastern,99.7,1862.8,Substantial,-78.9718051426,36.3900951244,High
31282,5786,Scotland,132,33662.0,Eastern,107.1,3528.0,Substantial,-79.4804292418,34.8408848102,Substantial
31223,10162,Columbus,132,49795.0,Coastal,54.0,2887.71,Substantial,-78.6550308717,34.2656450828,High
31218,6838,Chatham,132,77095.0,Eastern,111.9,1456.0,Substantial,-79.2552758614,35.7025721296,Substantial
31229,6534,Davie,132,43127.0,Northern,162.0,1665.25,High,-80.5444636482,35.929110866,High
31268,1739,Pamlico,132,12215.0,Coastal,36.5,2321.5,Substantial,-76.6694598427,35.151021226,High
31265,2612,Northampton,132,16953.0,Eastern,32.6,2092.6,Moderate,-77.3968212099,36.4177312434,Moderate
31251,1366,Jones,132,9076.0,Coastal,19.5,0.0,High,-77.3551679748,35.0217248029,Substantial
31226,2848,Currituck,132,29385.0,Coastal,107.3,1344.3,High,-75.936949201,36.3672994836,High
31210,28696,Buncombe,132,271638.0,Western,410.4,3012.8,High,-82.5301070587,35.611177887,High
31289,36823,Union,132,244960.0,Central,376.6,1582.3,High,-80.5307400446,34.9883574887,High
31281,11404,Sampson,132,58371.0,Coastal,62.4,2241.9,High,-78.3713906105,34.9915361594,High
31204,3482,Ashe,132,26506.0,Northern,62.3,1123.1,High,-81.5005211955,36.434424701,High
31240,68852,Guilford,132,545484.0,Northern,838.0,3371.1,High,-79.7889042685,36.0794717315,High
31224,14374,Craven,132,102568.0,Coastal,142.5,2112.3,Moderate,-77.082003837,35.117685821,High
31235,40386,Gaston,132,233387.0,Central,640.7,2912.4,High,-81.1802416273,35.2943489527,High
31278,12447,Rockingham,132,90457.0,Northern,161.0,2130.4,High,-79.7749871967,36.3960127906,High
31216,3229,Caswell,132,22400.0,Eastern,53.5,317.5,High,-79.3335234769,36.3932742158,High
31256,2820,Madison,132,21146.0,Western,47.1,1247.6,High,-82.7057582627,35.8580358086,High
31254,15257,Lincoln,132,88742.0,Central,293.4,1745.2,High,-81.2235326264,35.4855950234,High
31220,2310,Chowan,132,13646.0,Coastal,79.4,1402.6,Moderate,-76.6021303656,36.1265615389,High
31230,10038,Duplin,132,48249.0,Coastal,59.8,2911.6,Substantial,-77.9330277459,34.9365348363,Substantial
31261,4593,Montgomery,132,25485.0,Eastern,52.4,2480.1,High,-79.9054790812,35.332466935,High
31241,7991,Halifax,132,47859.0,Coastal,67.2,2754.7,High,-77.6517329831,36.2574485453,Moderate
31361,4600,Montgomery,133,25485.0,Eastern,52.4,2480.1,High,-79.9054790812,35.332466935,High
31362,13793,Moore,133,102966.0,Eastern,142.9,1617.3,Substantial,-79.4813744392,35.3106538555,Substantial
31334,10041,Franklin,133,70655.0,Eastern,139.4,1314.6,High,-78.2856965824,36.0827733527,High
31348,29272,Iredell,133,192986.0,Northern,325.0,1866.4,High,-80.8734378255,35.8070259189,High
31333,52456,Forsyth,133,387703.0,Northern,938.1,4129.5,Substantial,-80.256300016,36.1306195485,High
31382,5796,Scotland,133,33662.0,Eastern,107.1,3528.0,High,-79.4804292418,34.8408848102,Substantial
31323,10170,Columbus,133,49795.0,Coastal,54.0,2887.71,Substantial,-78.6550308717,34.2656450828,High
31363,15389,Nash,133,96101.0,Coastal,175.7,1838.5,Substantial,-77.9864448378,35.9672502839,Substantial
31321,1670,Clay,133,11238.0,Western,51.6,2288.34,Substantial,-83.7501767115,35.0571811284,Moderate
31316,3231,Caswell,133,22400.0,Eastern,53.5,317.5,Substantial,-79.3335234769,36.3932742158,High
31389,36875,Union,133,244960.0,Central,376.6,1582.3,High,-80.5307400446,34.9883574887,High
31385,12618,Surry,133,70573.0,Northern,134.0,1507.5,High,-80.6880779273,36.4148205561,High
31376,7213,Richmond,133,43006.0,Eastern,90.7,5508.4,High,-79.7477780226,35.0060483545,Substantial
31337,1334,Graham,133,7935.0,Western,27.5,8085.4,Moderate,-83.833581803,35.350171951,High
31332,8011,Edgecombe,133,48604.0,Coastal,96.7,2366.3,Substantial,-77.5970588882,35.912880671,High
31325,46623,Cumberland,133,341793.0,Eastern,512.9,3748.5,High,-78.8275607671,35.048611942,High
31342,18717,Harnett,133,134986.0,Eastern,224.5,2172.6,High,-78.8694125204,35.3686291614,Substantial
31358,8707,McDowell,133,44151.0,Western,101.3,2610.9,Substantial,-82.0493124426,35.6816924709,High
31371,1599,Perquimans,133,13049.0,Coastal,52.6,684.8,High,-76.4076199893,36.1772228503,High
31344,15488,Henderson,133,117429.0,Western,311.8,2039.7,High,-82.4799463782,35.3362263031,High
31309,16491,Brunswick,133,144821.0,Coastal,160.8,1537.1,Substantial,-78.2274071617,34.0388755841,Substantial
31315,8497,Carteret,133,69039.0,Coastal,133.3,1912.1,Substantial,-76.5357430669,34.8612598084,High
31301,6581,Alexander,133,36172.0,Northern,140.2,1440.7,High,-81.1770268506,35.9210263138,High
31300,26725,Alamance,133,175029.0,Northern,404.8,3065.6,High,-79.3994248175,36.0437098766,High
31386,1989,Swain,133,14046.0,Western,26.8,3517.8,Moderate,-83.4927393736,35.4868150519,High
31328,26125,Davidson,133,171752.0,Northern,305.4,1757.8,High,-80.2127487756,35.7933524917,High
31304,3491,Ashe,133,26506.0,Northern,62.3,1123.1,High,-81.5005211955,36.434424701,High
31397,13363,Wilson,133,79078.0,Coastal,214.3,2386.9,Substantial,-77.9186629547,35.7051457145,High
31324,14383,Craven,133,102568.0,Coastal,142.5,2112.3,Substantial,-77.082003837,35.117685821,High
31335,40456,Gaston,133,233387.0,Central,640.7,2912.4,High,-81.1802416273,35.2943489527,High
31364,28914,New Hanover,133,230423.0,Coastal,1174.0,2612.3,Substantial,-77.865597569,34.1815553357,Substantial
31390,6941,Vance,133,41665.0,Eastern,168.7,3584.5,High,-78.4079288849,36.3649169333,High
31354,15275,Lincoln,133,88742.0,Central,293.4,1745.2,High,-81.2235326264,35.4855950234,High
31310,28752,Buncombe,133,271638.0,Western,410.4,3012.8,High,-82.5301070587,35.611177887,High
31365,2615,Northampton,133,16953.0,Eastern,32.6,2092.6,Moderate,-77.3968212099,36.4177312434,Substantial
31306,7327,Beaufort,133,44150.0,Coastal,53.6,2157.95,High,-76.8453144055,35.486983815,High
31374,2376,Polk,133,19461.0,Western,81.3,1596.5,High,-82.1696779265,35.2792789622,High
31372,5169,Person,133,39048.0,Eastern,99.7,1862.8,Substantial,-78.9718051426,36.3900951244,High
31379,26504,Rowan,133,148565.0,Northern,287.1,2292.8,High,-80.5247717485,35.6394734632,High
31312,33342,Cabarrus,133,232873.0,Central,625.1,1374.8,High,-80.5518508851,35.3867940405,High
31340,68927,Guilford,133,545484.0,Northern,838.0,3371.1,High,-79.7889042685,36.0794717315,High
31330,10042,Duplin,133,48249.0,Coastal,59.8,2911.6,Substantial,-77.9330277459,34.9365348363,Substantial
31380,11599,Rutherford,133,63870.0,Western,114.0,2009.9,High,-81.9198334642,35.4025956291,High
31375,22168,Randolph,133,143325.0,Northern,184.3,1615.5,High,-79.8060069064,35.7103417044,High
31331,35428,Durham,133,331347.0,Eastern,1133.7,3966.0,Substantial,-78.8765926949,36.0360299243,Substantial
31368,1739,Pamlico,133,12215.0,Coastal,36.5,2321.5,Moderate,-76.6694598427,35.151021226,High
31327,3949,Dare,133,37817.0,Coastal,96.3,1872.9,High,-75.6852333134,35.664936694,High
31381,11411,Sampson,133,58371.0,Coastal,62.4,2241.9,High,-78.3713906105,34.9915361594,High
31367,11974,Orange,133,148331.0,Eastern,374.0,1991.9,Substantial,-79.120649356,36.0611182361,Substantial
31378,12469,Rockingham,133,90457.0,Northern,161.0,2130.4,High,-79.7749871967,36.3960127906,High
31391,132681,Wake,133,1154170.0,Eastern,1353.3,1846.0,High,-78.6503081729,35.7902443741,Substantial
31352,9519,Lee,133,64360.0,Eastern,248.1,1631.1,Substantial,-79.1714836119,35.4751864248,Substantial
31302,1651,Alleghany,133,11057.0,Northern,46.4,697.2,High,-81.1278593427,36.4912704378,High
31359,159077,Mecklenburg,133,1128426.0,Central,2130.4,3736.1,Substantial,-80.8327311406,35.2467670437,High
31396,10718,Wilkes,133,65151.0,Northern,87.5,1887.3,High,-81.1633856618,36.2062757623,High
31317,28711,Catawba,133,162841.0,Northern,400.2,2802.5,High,-81.2150705598,35.662042354,High
31369,5391,Pasquotank,133,40966.0,Coastal,178.8,2078.8,High,-76.2492413613,36.2650187228,High
31343,7610,Haywood,133,62831.0,Western,112.2,3591.8,High,-82.9821729698,35.5560557128,High
31347,835,Hyde,133,4595.0,Coastal,7.5,0.0,High,-76.1449651093,35.4081187361,High
31314,1177,Camden,133,10537.0,Coastal,43.1,793.0,High,-76.1609504039,36.3411216216,High
31322,18584,Cleveland,133,99332.0,Western,214.4,2001.7,High,-81.5555471412,35.3341018022,High
31313,13672,Caldwell,133,81319.0,Northern,170.9,2504.8,High,-81.5464366451,35.9530379334,High
31355,5046,Macon,133,37041.0,Western,71.8,2077.4,High,-83.4221767088,35.1504672096,Substantial
31353,9570,Lenoir,133,54323.0,Coastal,138.1,3246.04,High,-77.6412486292,35.2387731611,Substantial
31387,3934,Transylvania,133,32825.0,Western,87.2,978.5,Substantial,-82.7983001279,35.2021778635,Substantial
31339,3346,Greene,133,19978.0,Coastal,76.7,1640.3,Moderate,-77.6757626742,35.4849957203,High
31346,7240,Hoke,133,53783.0,Eastern,133.5,2028.14,High,-79.237290715,35.0175290075,High
31319,4668,Cherokee,133,28738.0,Western,63.2,3613.3,Substantial,-84.063444228,35.1338574515,Substantial
31356,2823,Madison,133,21146.0,Western,47.1,1247.6,High,-82.7057582627,35.8580358086,High
31311,15923,Burke,133,88398.0,Western,173.0,1836.1,Substantial,-81.7047784739,35.7496106399,Substantial
31366,30286,Onslow,133,207928.0,Coastal,268.4,2191.23,High,-77.4157658244,34.709836363,Substantial
31383,11832,Stanly,133,62143.0,Central,158.2,2425.2,High,-80.2509863077,35.3119550622,High
31345,2873,Hertford,133,20374.0,Coastal,61.0,2281.6,Substantial,-76.9807147831,36.3586360305,Moderate
31395,16921,Wayne,133,115895.0,Coastal,211.8,2813.0,High,-78.0039971272,35.3639599672,High
31393,1612,Washington,133,10708.0,Coastal,31.8,1746.8,High,-76.5693098876,35.8392646425,Substantial
31320,2321,Chowan,133,13646.0,Coastal,79.4,1402.6,High,-76.6021303656,36.1265615389,High
31399,2865,Yancey,133,18320.0,Western,59.1,557.0,High,-82.3076279784,35.8989479924,High
31384,6407,Stokes,133,44422.0,Northern,99.1,2146.85,High,-80.2395157151,36.4019040049,High
31338,8056,Granville,133,60720.0,Eastern,114.6,1466.3,Substantial,-78.6527194252,36.3040698262,High
31303,3941,Anson,133,22028.0,Central,41.5,2802.1,High,-80.102712026,34.9737894417,High
31398,6098,Yadkin,133,36925.0,Northern,111.1,1820.8,High,-80.6652439331,36.1605336919,High
31341,7997,Halifax,133,47859.0,Coastal,67.2,2754.7,Substantial,-77.6517329831,36.2574485453,Moderate
31326,2875,Currituck,133,29385.0,Coastal,107.3,1344.3,High,-75.936949201,36.3672994836,High
31350,32809,Johnston,133,224833.0,Coastal,272.7,1547.3,High,-78.3657109025,35.5178069265,High
31308,5508,Bladen,133,29171.0,Coastal,33.8,2578.5,Moderate,-78.5636493115,34.6145873342,High
31351,1366,Jones,133,9076.0,Coastal,19.5,0.0,Moderate,-77.3551679748,35.0217248029,Substantial
31318,6850,Chatham,133,77095.0,Eastern,111.9,1456.0,Substantial,-79.2552758614,35.7025721296,Substantial
31305,2795,Avery,133,17347.0,Western,72.0,1003.4,High,-81.9226013745,36.0766050343,High
31360,2097,Mitchell,133,14783.0,Western,67.4,458.42,High,-82.1635815487,36.0132038869,High
31357,3686,Martin,133,21503.0,Coastal,48.3,2717.4,High,-77.109232267,35.843213981,High
31373,29970,Pitt,133,173536.0,Coastal,261.0,2238.9,Substantial,-77.3744965519,35.5932989746,High
31394,6760,Watauga,133,54804.0,Northern,173.1,1191.8,High,-81.6964250718,36.2311062795,Substantial
31392,2423,Warren,133,18621.0,Eastern,43.4,2235.0,High,-78.1067171324,36.3965102811,High
31349,5763,Jackson,133,41919.0,Western,87.8,1864.6,High,-83.1408496187,35.2875866253,High
31329,6538,Davie,133,43127.0,Northern,162.0,1665.25,High,-80.5444636482,35.929110866,High
31370,8888,Pender,133,62250.0,Coastal,69.1,1461.9,Substantial,-77.8884355846,34.5150997489,High
31307,2506,Bertie,133,17302.0,Coastal,25.7,1594.6,High,-76.9667121404,36.0656302022,Substantial
31377,25192,Robeson,133,115899.0,Coastal,123.0,5137.4,High,-79.1038649277,34.6402420514,Substantial
31388,563,Tyrrell,133,3315.0,Coastal,8.3,957.2,High,-76.1704523585,35.8694070017,High
31336,1109,Gates,133,10324.0,Coastal,30.8,750.9,High,-76.7005266521,36.4449435708,High
31487,3934,Transylvania,134,32825.0,Western,87.2,978.5,Substantial,-82.7983001279,35.2021778635,Substantial
31450,32809,Johnston,134,224833.0,Coastal,272.7,1547.3,Substantial,-78.3657109025,35.5178069265,High
31493,1612,Washington,134,10708.0,Coastal,31.8,1746.8,Substantial,-76.5693098876,35.8392646425,Moderate
31404,3491,Ashe,134,26506.0,Northern,62.3,1123.1,High,-81.5005211955,36.434424701,High
31481,11411,Sampson,134,58371.0,Coastal,62.4,2241.9,Substantial,-78.3713906105,34.9915361594,Substantial
31457,3686,Martin,134,21503.0,Coastal,48.3,2717.4,Substantial,-77.109232267,35.843213981,Substantial
31495,16921,Wayne,134,115895.0,Coastal,211.8,2813.0,High,-78.0039971272,35.3639599672,High
31460,2097,Mitchell,134,14783.0,Western,67.4,458.42,High,-82.1635815487,36.0132038869,High
31418,6850,Chatham,134,77095.0,Eastern,111.9,1456.0,Substantial,-79.2552758614,35.7025721296,Substantial
31497,13363,Wilson,134,79078.0,Coastal,214.3,2386.9,Substantial,-77.9186629547,35.7051457145,Substantial
31468,1739,Pamlico,134,12215.0,Coastal,36.5,2321.5,Moderate,-76.6694598427,35.151021226,Substantial
31427,3949,Dare,134,37817.0,Coastal,96.3,1872.9,High,-75.6852333134,35.664936694,High
31434,10041,Franklin,134,70655.0,Eastern,139.4,1314.6,High,-78.2856965824,36.0827733527,High
31401,6581,Alexander,134,36172.0,Northern,140.2,1440.7,High,-81.1770268506,35.9210263138,High
31424,14383,Craven,134,102568.0,Coastal,142.5,2112.3,Moderate,-77.082003837,35.117685821,Substantial
31492,2423,Warren,134,18621.0,Eastern,43.4,2235.0,Substantial,-78.1067171324,36.3965102811,Substantial
31486,1989,Swain,134,14046.0,Western,26.8,3517.8,Low,-83.4927393736,35.4868150519,High
31478,12469,Rockingham,134,90457.0,Northern,161.0,2130.4,High,-79.7749871967,36.3960127906,High
31461,4600,Montgomery,134,25485.0,Eastern,52.4,2480.1,High,-79.9054790812,35.332466935,High
31453,9570,Lenoir,134,54323.0,Coastal,138.1,3246.04,High,-77.6412486292,35.2387731611,Substantial
31477,25192,Robeson,134,115899.0,Coastal,123.0,5137.4,Substantial,-79.1038649277,34.6402420514,Substantial
31473,29970,Pitt,134,173536.0,Coastal,261.0,2238.9,Substantial,-77.3744965519,35.5932989746,Substantial
31455,5046,Macon,134,37041.0,Western,71.8,2077.4,Substantial,-83.4221767088,35.1504672096,Substantial
31475,22168,Randolph,134,143325.0,Northern,184.3,1615.5,High,-79.8060069064,35.7103417044,Substantial
31498,6098,Yadkin,134,36925.0,Northern,111.1,1820.8,High,-80.6652439331,36.1605336919,High
31480,11599,Rutherford,134,63870.0,Western,114.0,2009.9,High,-81.9198334642,35.4025956291,Substantial
31405,2795,Avery,134,17347.0,Western,72.0,1003.4,High,-81.9226013745,36.0766050343,High
31414,1177,Camden,134,10537.0,Coastal,43.1,793.0,High,-76.1609504039,36.3411216216,Substantial
31409,16491,Brunswick,134,144821.0,Coastal,160.8,1537.1,Substantial,-78.2274071617,34.0388755841,Substantial
31447,835,Hyde,134,4595.0,Coastal,7.5,0.0,High,-76.1449651093,35.4081187361,High
31413,13672,Caldwell,134,81319.0,Northern,170.9,2504.8,Substantial,-81.5464366451,35.9530379334,High
31422,18584,Cleveland,134,99332.0,Western,214.4,2001.7,High,-81.5555471412,35.3341018022,Substantial
31483,11832,Stanly,134,62143.0,Central,158.2,2425.2,High,-80.2509863077,35.3119550622,High
31490,6941,Vance,134,41665.0,Eastern,168.7,3584.5,High,-78.4079288849,36.3649169333,High
31469,5391,Pasquotank,134,40966.0,Coastal,178.8,2078.8,High,-76.2492413613,36.2650187228,High
31445,2873,Hertford,134,20374.0,Coastal,61.0,2281.6,Substantial,-76.9807147831,36.3586360305,Moderate
31400,26725,Alamance,134,175029.0,Northern,404.8,3065.6,Substantial,-79.3994248175,36.0437098766,High
31496,10718,Wilkes,134,65151.0,Northern,87.5,1887.3,High,-81.1633856618,36.2062757623,High
31443,7610,Haywood,134,62831.0,Western,112.2,3591.8,High,-82.9821729698,35.5560557128,High
31437,1334,Graham,134,7935.0,Western,27.5,8085.4,Moderate,-83.833581803,35.350171951,High
31438,8056,Granville,134,60720.0,Eastern,114.6,1466.3,Substantial,-78.6527194252,36.3040698262,High
31415,8497,Carteret,134,69039.0,Coastal,133.3,1912.1,Substantial,-76.5357430669,34.8612598084,High
31402,1651,Alleghany,134,11057.0,Northern,46.4,697.2,High,-81.1278593427,36.4912704378,High
31452,9519,Lee,134,64360.0,Eastern,248.1,1631.1,Substantial,-79.1714836119,35.4751864248,Substantial
31441,7997,Halifax,134,47859.0,Coastal,67.2,2754.7,Substantial,-77.6517329831,36.2574485453,Moderate
31428,26125,Davidson,134,171752.0,Northern,305.4,1757.8,High,-80.2127487756,35.7933524917,High
31491,132846,Wake,134,1154170.0,Eastern,1353.3,1846.0,High,-78.6503081729,35.7902443741,High
31407,2506,Bertie,134,17302.0,Coastal,25.7,1594.6,Substantial,-76.9667121404,36.0656302022,Substantial
31419,4668,Cherokee,134,28738.0,Western,63.2,3613.3,Substantial,-84.063444228,35.1338574515,Substantial
31431,35428,Durham,134,331347.0,Eastern,1133.7,3966.0,Substantial,-78.8765926949,36.0360299243,Substantial
31436,1109,Gates,134,10324.0,Coastal,30.8,750.9,Substantial,-76.7005266521,36.4449435708,High
31467,11974,Orange,134,148331.0,Eastern,374.0,1991.9,Moderate,-79.120649356,36.0611182361,Substantial
31489,36875,Union,134,244960.0,Central,376.6,1582.3,High,-80.5307400446,34.9883574887,High
31465,2615,Northampton,134,16953.0,Eastern,32.6,2092.6,Moderate,-77.3968212099,36.4177312434,Moderate
31485,12618,Surry,134,70573.0,Northern,134.0,1507.5,High,-80.6880779273,36.4148205561,High
31462,13793,Moore,134,102966.0,Eastern,142.9,1617.3,Moderate,-79.4813744392,35.3106538555,Substantial
31458,8707,McDowell,134,44151.0,Western,101.3,2610.9,Substantial,-82.0493124426,35.6816924709,High
31406,7327,Beaufort,134,44150.0,Coastal,53.6,2157.95,High,-76.8453144055,35.486983815,Substantial
31416,3231,Caswell,134,22400.0,Eastern,53.5,317.5,Substantial,-79.3335234769,36.3932742158,Substantial
31472,5169,Person,134,39048.0,Eastern,99.7,1862.8,Substantial,-78.9718051426,36.3900951244,High
31474,2376,Polk,134,19461.0,Western,81.3,1596.5,High,-82.1696779265,35.2792789622,Substantial
31451,1366,Jones,134,9076.0,Coastal,19.5,0.0,Low,-77.3551679748,35.0217248029,Substantial
31423,10170,Columbus,134,49795.0,Coastal,54.0,2887.71,Substantial,-78.6550308717,34.2656450828,Substantial
31420,2321,Chowan,134,13646.0,Coastal,79.4,1402.6,High,-76.6021303656,36.1265615389,Substantial
31421,1670,Clay,134,11238.0,Western,51.6,2288.34,Substantial,-83.7501767115,35.0571811284,Moderate
31488,563,Tyrrell,134,3315.0,Coastal,8.3,957.2,High,-76.1704523585,35.8694070017,High
31463,15389,Nash,134,96101.0,Coastal,175.7,1838.5,Substantial,-77.9864448378,35.9672502839,Substantial
31479,26504,Rowan,134,148565.0,Northern,287.1,2292.8,Substantial,-80.5247717485,35.6394734632,High
31499,2865,Yancey,134,18320.0,Western,59.1,557.0,High,-82.3076279784,35.8989479924,High
31439,3346,Greene,134,19978.0,Coastal,76.7,1640.3,Moderate,-77.6757626742,35.4849957203,High
31449,5763,Jackson,134,41919.0,Western,87.8,1864.6,High,-83.1408496187,35.2875866253,High
31429,6538,Davie,134,43127.0,Northern,162.0,1665.25,High,-80.5444636482,35.929110866,High
31412,33342,Cabarrus,134,232873.0,Central,625.1,1374.8,High,-80.5518508851,35.3867940405,High
31433,52456,Forsyth,134,387703.0,Northern,938.1,4129.5,Substantial,-80.256300016,36.1306195485,High
31482,5796,Scotland,134,33662.0,Eastern,107.1,3528.0,Substantial,-79.4804292418,34.8408848102,Substantial
31459,159077,Mecklenburg,134,1128426.0,Central,2130.4,3736.1,Substantial,-80.8327311406,35.2467670437,High
31440,68927,Guilford,134,545484.0,Northern,838.0,3371.1,Substantial,-79.7889042685,36.0794717315,Substantial
31494,6760,Watauga,134,54804.0,Northern,173.1,1191.8,High,-81.6964250718,36.2311062795,Substantial
31476,7213,Richmond,134,43006.0,Eastern,90.7,5508.4,Substantial,-79.7477780226,35.0060483545,Substantial
31426,2875,Currituck,134,29385.0,Coastal,107.3,1344.3,High,-75.936949201,36.3672994836,High
31403,3941,Anson,134,22028.0,Central,41.5,2802.1,High,-80.102712026,34.9737894417,High
31466,30286,Onslow,134,207928.0,Coastal,268.4,2191.23,High,-77.4157658244,34.709836363,Substantial
31430,10042,Duplin,134,48249.0,Coastal,59.8,2911.6,Substantial,-77.9330277459,34.9365348363,Substantial
31448,29272,Iredell,134,192986.0,Northern,325.0,1866.4,Substantial,-80.8734378255,35.8070259189,High
31454,15275,Lincoln,134,88742.0,Central,293.4,1745.2,High,-81.2235326264,35.4855950234,High
31471,1599,Perquimans,134,13049.0,Coastal,52.6,684.8,High,-76.4076199893,36.1772228503,High
31456,2823,Madison,134,21146.0,Western,47.1,1247.6,Substantial,-82.7057582627,35.8580358086,High
31442,18717,Harnett,134,134986.0,Eastern,224.5,2172.6,Substantial,-78.8694125204,35.3686291614,Substantial
31446,7240,Hoke,134,53783.0,Eastern,133.5,2028.14,High,-79.237290715,35.0175290075,High
31484,6407,Stokes,134,44422.0,Northern,99.1,2146.85,High,-80.2395157151,36.4019040049,High
31408,5508,Bladen,134,29171.0,Coastal,33.8,2578.5,Moderate,-78.5636493115,34.6145873342,High
31432,8011,Edgecombe,134,48604.0,Coastal,96.7,2366.3,Substantial,-77.5970588882,35.912880671,Substantial
31417,28711,Catawba,134,162841.0,Northern,400.2,2802.5,High,-81.2150705598,35.662042354,High
31425,46623,Cumberland,134,341793.0,Eastern,512.9,3748.5,High,-78.8275607671,35.048611942,Substantial
31410,28752,Buncombe,134,271638.0,Western,410.4,3012.8,High,-82.5301070587,35.611177887,High
31411,15923,Burke,134,88398.0,Western,173.0,1836.1,Substantial,-81.7047784739,35.7496106399,Substantial
31464,28914,New Hanover,134,230423.0,Coastal,1174.0,2612.3,Substantial,-77.865597569,34.1815553357,Substantial
31444,15488,Henderson,134,117429.0,Western,311.8,2039.7,High,-82.4799463782,35.3362263031,High
31470,8888,Pender,134,62250.0,Coastal,69.1,1461.9,Substantial,-77.8884355846,34.5150997489,High
31435,40456,Gaston,134,233387.0,Central,640.7,2912.4,High,-81.1802416273,35.2943489527,High
31598,6124,Yadkin,135,36925.0,Northern,111.1,1820.8,High,-80.6652439331,36.1605336919,High
31579,26588,Rowan,135,148565.0,Northern,287.1,2292.8,High,-80.5247717485,35.6394734632,Substantial
31524,14417,Craven,135,102568.0,Coastal,142.5,2112.3,Substantial,-77.082003837,35.117685821,Moderate
31536,1111,Gates,135,10324.0,Coastal,30.8,750.9,High,-76.7005266521,36.4449435708,Substantial
31549,5780,Jackson,135,41919.0,Western,87.8,1864.6,High,-83.1408496187,35.2875866253,High
31592,2430,Warren,135,18621.0,Eastern,43.4,2235.0,High,-78.1067171324,36.3965102811,Substantial
31540,69106,Guilford,135,545484.0,Northern,838.0,3371.1,High,-79.7889042685,36.0794717315,Substantial
31580,11622,Rutherford,135,63870.0,Western,114.0,2009.9,High,-81.9198334642,35.4025956291,Substantial
31564,28961,New Hanover,135,230423.0,Coastal,1174.0,2612.3,Substantial,-77.865597569,34.1815553357,Moderate
31554,15343,Lincoln,135,88742.0,Central,293.4,1745.2,High,-81.2235326264,35.4855950234,High
31575,22227,Randolph,135,143325.0,Northern,184.3,1615.5,High,-79.8060069064,35.7103417044,Substantial
31597,13393,Wilson,135,79078.0,Coastal,214.3,2386.9,Substantial,-77.9186629547,35.7051457145,Substantial
31531,35527,Durham,135,331347.0,Eastern,1133.7,3966.0,Substantial,-78.8765926949,36.0360299243,Substantial
31512,33433,Cabarrus,135,232873.0,Central,625.1,1374.8,High,-80.5518508851,35.3867940405,Substantial
31502,1658,Alleghany,135,11057.0,Northern,46.4,697.2,High,-81.1278593427,36.4912704378,High
31530,10062,Duplin,135,48249.0,Coastal,59.8,2911.6,Substantial,-77.9330277459,34.9365348363,Moderate
31590,6954,Vance,135,41665.0,Eastern,168.7,3584.5,High,-78.4079288849,36.3649169333,High
31560,2111,Mitchell,135,14783.0,Western,67.4,458.42,High,-82.1635815487,36.0132038869,High
31572,5183,Person,135,39048.0,Eastern,99.7,1862.8,High,-78.9718051426,36.3900951244,High
31526,2898,Currituck,135,29385.0,Coastal,107.3,1344.3,High,-75.936949201,36.3672994836,High
31510,28856,Buncombe,135,271638.0,Western,410.4,3012.8,High,-82.5301070587,35.611177887,High
31528,26181,Davidson,135,171752.0,Northern,305.4,1757.8,High,-80.2127487756,35.7933524917,High
31586,1995,Swain,135,14046.0,Western,26.8,3517.8,Moderate,-83.4927393736,35.4868150519,High
31565,2616,Northampton,135,16953.0,Eastern,32.6,2092.6,Moderate,-77.3968212099,36.4177312434,Moderate
31506,7345,Beaufort,135,44150.0,Coastal,53.6,2157.95,High,-76.8453144055,35.486983815,Substantial
31537,1336,Graham,135,7935.0,Western,27.5,8085.4,Moderate,-83.833581803,35.350171951,High
31556,2834,Madison,135,21146.0,Western,47.1,1247.6,Substantial,-82.7057582627,35.8580358086,High
31538,8092,Granville,135,60720.0,Eastern,114.6,1466.3,High,-78.6527194252,36.3040698262,High
31518,6866,Chatham,135,77095.0,Eastern,111.9,1456.0,Substantial,-79.2552758614,35.7025721296,Substantial
31574,2378,Polk,135,19461.0,Western,81.3,1596.5,High,-82.1696779265,35.2792789622,Substantial
31535,40592,Gaston,135,233387.0,Central,640.7,2912.4,High,-81.1802416273,35.2943489527,High
31588,565,Tyrrell,135,3315.0,Coastal,8.3,957.2,High,-76.1704523585,35.8694070017,High
31504,3498,Ashe,135,26506.0,Northern,62.3,1123.1,High,-81.5005211955,36.434424701,High
31500,26825,Alamance,135,175029.0,Northern,404.8,3065.6,High,-79.3994248175,36.0437098766,Substantial
31513,13711,Caldwell,135,81319.0,Northern,170.9,2504.8,High,-81.5464366451,35.9530379334,Substantial
31517,28772,Catawba,135,162841.0,Northern,400.2,2802.5,High,-81.2150705598,35.662042354,Substantial
31596,10755,Wilkes,135,65151.0,Northern,87.5,1887.3,High,-81.1633856618,36.2062757623,High
31584,6435,Stokes,135,44422.0,Northern,99.1,2146.85,High,-80.2395157151,36.4019040049,High
31562,13814,Moore,135,102966.0,Eastern,142.9,1617.3,Substantial,-79.4813744392,35.3106538555,Substantial
31507,2510,Bertie,135,17302.0,Coastal,25.7,1594.6,Substantial,-76.9667121404,36.0656302022,Substantial
31550,32905,Johnston,135,224833.0,Coastal,272.7,1547.3,High,-78.3657109025,35.5178069265,Substantial
31581,11424,Sampson,135,58371.0,Coastal,62.4,2241.9,Substantial,-78.3713906105,34.9915361594,Substantial
31527,3975,Dare,135,37817.0,Coastal,96.3,1872.9,High,-75.6852333134,35.664936694,Substantial
31568,1739,Pamlico,135,12215.0,Coastal,36.5,2321.5,Moderate,-76.6694598427,35.151021226,Substantial
31501,6600,Alexander,135,36172.0,Northern,140.2,1440.7,High,-81.1770268506,35.9210263138,High
31593,1614,Washington,135,10708.0,Coastal,31.8,1746.8,Substantial,-76.5693098876,35.8392646425,Moderate
31534,10079,Franklin,135,70655.0,Eastern,139.4,1314.6,High,-78.2856965824,36.0827733527,Substantial
31587,3941,Transylvania,135,32825.0,Western,87.2,978.5,Substantial,-82.7983001279,35.2021778635,Moderate
31557,3694,Martin,135,21503.0,Coastal,48.3,2717.4,High,-77.109232267,35.843213981,Moderate
31567,12005,Orange,135,148331.0,Eastern,374.0,1991.9,Substantial,-79.120649356,36.0611182361,Moderate
31561,4617,Montgomery,135,25485.0,Eastern,52.4,2480.1,High,-79.9054790812,35.332466935,Substantial
31570,8931,Pender,135,62250.0,Coastal,69.1,1461.9,High,-77.8884355846,34.5150997489,High
31576,7227,Richmond,135,43006.0,Eastern,90.7,5508.4,High,-79.7477780226,35.0060483545,Moderate
31544,15540,Henderson,135,117429.0,Western,311.8,2039.7,High,-82.4799463782,35.3362263031,High
31519,4681,Cherokee,135,28738.0,Western,63.2,3613.3,Substantial,-84.063444228,35.1338574515,Moderate
31516,3243,Caswell,135,22400.0,Eastern,53.5,317.5,Substantial,-79.3335234769,36.3932742158,Substantial
31546,7263,Hoke,135,53783.0,Eastern,133.5,2028.14,High,-79.237290715,35.0175290075,Substantial
31523,10182,Columbus,135,49795.0,Coastal,54.0,2887.71,Substantial,-78.6550308717,34.2656450828,Substantial
31566,30321,Onslow,135,207928.0,Coastal,268.4,2191.23,High,-77.4157658244,34.709836363,Moderate
31503,3963,Anson,135,22028.0,Central,41.5,2802.1,High,-80.102712026,34.9737894417,High
31542,18761,Harnett,135,134986.0,Eastern,224.5,2172.6,Substantial,-78.8694125204,35.3686291614,Substantial
31511,15941,Burke,135,88398.0,Western,173.0,1836.1,Substantial,-81.7047784739,35.7496106399,Substantial
31508,5524,Bladen,135,29171.0,Coastal,33.8,2578.5,Substantial,-78.5636493115,34.6145873342,High
31532,8033,Edgecombe,135,48604.0,Coastal,96.7,2366.3,High,-77.5970588882,35.912880671,Substantial
31525,46820,Cumberland,135,341793.0,Eastern,512.9,3748.5,High,-78.8275607671,35.048611942,Substantial
31585,12691,Surry,135,70573.0,Northern,134.0,1507.5,High,-80.6880779273,36.4148205561,High
31589,37010,Union,135,244960.0,Central,376.6,1582.3,High,-80.5307400446,34.9883574887,High
31571,1613,Perquimans,135,13049.0,Coastal,52.6,684.8,High,-76.4076199893,36.1772228503,High
31578,12512,Rockingham,135,90457.0,Northern,161.0,2130.4,High,-79.7749871967,36.3960127906,High
31520,2333,Chowan,135,13646.0,Coastal,79.4,1402.6,High,-76.6021303656,36.1265615389,Substantial
31563,15408,Nash,135,96101.0,Coastal,175.7,1838.5,Substantial,-77.9864448378,35.9672502839,Substantial
31553,9585,Lenoir,135,54323.0,Coastal,138.1,3246.04,High,-77.6412486292,35.2387731611,Substantial
31582,5806,Scotland,135,33662.0,Eastern,107.1,3528.0,Substantial,-79.4804292418,34.8408848102,Moderate
31573,30032,Pitt,135,173536.0,Coastal,261.0,2238.9,Substantial,-77.3744965519,35.5932989746,Substantial
31555,5057,Macon,135,37041.0,Western,71.8,2077.4,High,-83.4221767088,35.1504672096,Moderate
31599,2883,Yancey,135,18320.0,Western,59.1,557.0,High,-82.3076279784,35.8989479924,High
31577,25244,Robeson,135,115899.0,Coastal,123.0,5137.4,High,-79.1038649277,34.6402420514,Moderate
31505,2803,Avery,135,17347.0,Western,72.0,1003.4,High,-81.9226013745,36.0766050343,High
31514,1183,Camden,135,10537.0,Coastal,43.1,793.0,High,-76.1609504039,36.3411216216,Substantial
31509,16529,Brunswick,135,144821.0,Coastal,160.8,1537.1,Substantial,-78.2274071617,34.0388755841,Substantial
31583,11875,Stanly,135,62143.0,Central,158.2,2425.2,High,-80.2509863077,35.3119550622,High
31547,836,Hyde,135,4595.0,Coastal,7.5,0.0,High,-76.1449651093,35.4081187361,Substantial
31522,18632,Cleveland,135,99332.0,Western,214.4,2001.7,High,-81.5555471412,35.3341018022,Substantial
31533,52604,Forsyth,135,387703.0,Northern,938.1,4129.5,High,-80.256300016,36.1306195485,High
31551,1368,Jones,135,9076.0,Coastal,19.5,0.0,Moderate,-77.3551679748,35.0217248029,Moderate
31548,29409,Iredell,135,192986.0,Northern,325.0,1866.4,High,-80.8734378255,35.8070259189,High
31529,6561,Davie,135,43127.0,Northern,162.0,1665.25,High,-80.5444636482,35.929110866,High
31545,2875,Hertford,135,20374.0,Coastal,61.0,2281.6,Moderate,-76.9807147831,36.3586360305,Moderate
31591,133111,Wake,135,1154170.0,Eastern,1353.3,1846.0,High,-78.6503081729,35.7902443741,Substantial
31521,1680,Clay,135,11238.0,Western,51.6,2288.34,High,-83.7501767115,35.0571811284,Moderate
31541,8004,Halifax,135,47859.0,Coastal,67.2,2754.7,Substantial,-77.6517329831,36.2574485453,Moderate
31552,9533,Lee,135,64360.0,Eastern,248.1,1631.1,Substantial,-79.1714836119,35.4751864248,Moderate
31559,159425,Mecklenburg,135,1128426.0,Central,2130.4,3736.1,Substantial,-80.8327311406,35.2467670437,Substantial
31558,8724,McDowell,135,44151.0,Western,101.3,2610.9,Substantial,-82.0493124426,35.6816924709,Substantial
31569,5408,Pasquotank,135,40966.0,Coastal,178.8,2078.8,High,-76.2492413613,36.2650187228,Substantial
31515,8519,Carteret,135,69039.0,Coastal,133.3,1912.1,High,-76.5357430669,34.8612598084,High
31595,16993,Wayne,135,115895.0,Coastal,211.8,2813.0,High,-78.0039971272,35.3639599672,High
31543,7628,Haywood,135,62831.0,Western,112.2,3591.8,High,-82.9821729698,35.5560557128,High
31594,6789,Watauga,135,54804.0,Northern,173.1,1191.8,High,-81.6964250718,36.2311062795,Substantial
31539,3346,Greene,135,19978.0,Coastal,76.7,1640.3,Moderate,-77.6757626742,35.4849957203,Substantial
31639,3346,Greene,136,19978.0,Coastal,76.7,1640.3,Moderate,-77.6757626742,35.4849957203,Substantial
31629,6561,Davie,136,43127.0,Northern,162.0,1665.25,High,-80.5444636482,35.929110866,High
31665,2616,Northampton,136,16953.0,Eastern,32.6,2092.6,Moderate,-77.3968212099,36.4177312434,Moderate
31635,40592,Gaston,136,233387.0,Central,640.7,2912.4,High,-81.1802416273,35.2943489527,High
31603,3963,Anson,136,22028.0,Central,41.5,2802.1,High,-80.102712026,34.9737894417,High
31688,565,Tyrrell,136,3315.0,Coastal,8.3,957.2,High,-76.1704523585,35.8694070017,High
31616,3243,Caswell,136,22400.0,Eastern,53.5,317.5,Substantial,-79.3335234769,36.3932742158,Substantial
31667,12005,Orange,136,148331.0,Eastern,374.0,1991.9,Substantial,-79.120649356,36.0611182361,Moderate
31628,26181,Davidson,136,171752.0,Northern,305.4,1757.8,High,-80.2127487756,35.7933524917,High
31689,37010,Union,136,244960.0,Central,376.6,1582.3,High,-80.5307400446,34.9883574887,High
31631,35527,Durham,136,331347.0,Eastern,1133.7,3966.0,Substantial,-78.8765926949,36.0360299243,Substantial
31692,2430,Warren,136,18621.0,Eastern,43.4,2235.0,High,-78.1067171324,36.3965102811,Substantial
31605,2803,Avery,136,17347.0,Western,72.0,1003.4,High,-81.9226013745,36.0766050343,High
31698,6124,Yadkin,136,36925.0,Northern,111.1,1820.8,High,-80.6652439331,36.1605336919,High
31618,6866,Chatham,136,77095.0,Eastern,111.9,1456.0,Substantial,-79.2552758614,35.7025721296,Substantial
31669,5408,Pasquotank,136,40966.0,Coastal,178.8,2078.8,High,-76.2492413613,36.2650187228,Substantial
31645,2875,Hertford,136,20374.0,Coastal,61.0,2281.6,Moderate,-76.9807147831,36.3586360305,Moderate
31643,7628,Haywood,136,62831.0,Western,112.2,3591.8,High,-82.9821729698,35.5560557128,High
31659,159425,Mecklenburg,136,1128426.0,Central,2130.4,3736.1,Substantial,-80.8327311406,35.2467670437,Substantial
31641,8004,Halifax,136,47859.0,Coastal,67.2,2754.7,Substantial,-77.6517329831,36.2574485453,Moderate
31691,133111,Wake,136,1154170.0,Eastern,1353.3,1846.0,High,-78.6503081729,35.7902443741,Substantial
31690,6954,Vance,136,41665.0,Eastern,168.7,3584.5,High,-78.4079288849,36.3649169333,High
31602,1658,Alleghany,136,11057.0,Northern,46.4,697.2,High,-81.1278593427,36.4912704378,High
31604,3498,Ashe,136,26506.0,Northern,62.3,1123.1,High,-81.5005211955,36.434424701,High
31668,1739,Pamlico,136,12215.0,Coastal,36.5,2321.5,Moderate,-76.6694598427,35.151021226,Substantial
31693,1614,Washington,136,10708.0,Coastal,31.8,1746.8,Substantial,-76.5693098876,35.8392646425,Moderate
31699,2883,Yancey,136,18320.0,Western,59.1,557.0,High,-82.3076279784,35.8989479924,High
31644,15540,Henderson,136,117429.0,Western,311.8,2039.7,High,-82.4799463782,35.3362263031,High
31687,3941,Transylvania,136,32825.0,Western,87.2,978.5,Substantial,-82.7983001279,35.2021778635,Moderate
31646,7263,Hoke,136,53783.0,Eastern,133.5,2028.14,High,-79.237290715,35.0175290075,Substantial
31666,30321,Onslow,136,207928.0,Coastal,268.4,2191.23,High,-77.4157658244,34.709836363,Moderate
31630,10062,Duplin,136,48249.0,Coastal,59.8,2911.6,Substantial,-77.9330277459,34.9365348363,Moderate
31642,18761,Harnett,136,134986.0,Eastern,224.5,2172.6,Substantial,-78.8694125204,35.3686291614,Substantial
31674,2378,Polk,136,19461.0,Western,81.3,1596.5,High,-82.1696779265,35.2792789622,Substantial
31694,6789,Watauga,136,54804.0,Northern,173.1,1191.8,High,-81.6964250718,36.2311062795,Substantial
31640,69106,Guilford,136,545484.0,Northern,838.0,3371.1,High,-79.7889042685,36.0794717315,Substantial
31621,1680,Clay,136,11238.0,Western,51.6,2288.34,High,-83.7501767115,35.0571811284,Moderate
31683,11875,Stanly,136,62143.0,Central,158.2,2425.2,High,-80.2509863077,35.3119550622,High
31650,32905,Johnston,136,224833.0,Coastal,272.7,1547.3,High,-78.3657109025,35.5178069265,Substantial
31622,18632,Cleveland,136,99332.0,Western,214.4,2001.7,High,-81.5555471412,35.3341018022,Substantial
31619,4681,Cherokee,136,28738.0,Western,63.2,3613.3,Substantial,-84.063444228,35.1338574515,Moderate
31675,22227,Randolph,136,143325.0,Northern,184.3,1615.5,High,-79.8060069064,35.7103417044,Substantial
31647,836,Hyde,136,4595.0,Coastal,7.5,0.0,High,-76.1449651093,35.4081187361,Substantial
31670,8931,Pender,136,62250.0,Coastal,69.1,1461.9,High,-77.8884355846,34.5150997489,High
31661,4617,Montgomery,136,25485.0,Eastern,52.4,2480.1,High,-79.9054790812,35.332466935,Substantial
31614,1183,Camden,136,10537.0,Coastal,43.1,793.0,High,-76.1609504039,36.3411216216,Substantial
31617,28772,Catawba,136,162841.0,Northern,400.2,2802.5,High,-81.2150705598,35.662042354,Substantial
31608,5524,Bladen,136,29171.0,Coastal,33.8,2578.5,Substantial,-78.5636493115,34.6145873342,High
31623,10182,Columbus,136,49795.0,Coastal,54.0,2887.71,Substantial,-78.6550308717,34.2656450828,Substantial
31638,8092,Granville,136,60720.0,Eastern,114.6,1466.3,High,-78.6527194252,36.3040698262,High
31637,1336,Graham,136,7935.0,Western,27.5,8085.4,Moderate,-83.833581803,35.350171951,High
31653,9585,Lenoir,136,54323.0,Coastal,138.1,3246.04,High,-77.6412486292,35.2387731611,Substantial
31680,11622,Rutherford,136,63870.0,Western,114.0,2009.9,High,-81.9198334642,35.4025956291,Substantial
31613,13711,Caldwell,136,81319.0,Northern,170.9,2504.8,High,-81.5464366451,35.9530379334,Substantial
31655,5057,Macon,136,37041.0,Western,71.8,2077.4,High,-83.4221767088,35.1504672096,Moderate
31684,6435,Stokes,136,44422.0,Northern,99.1,2146.85,High,-80.2395157151,36.4019040049,High
31634,10079,Franklin,136,70655.0,Eastern,139.4,1314.6,High,-78.2856965824,36.0827733527,Substantial
31649,5780,Jackson,136,41919.0,Western,87.8,1864.6,High,-83.1408496187,35.2875866253,High
31610,28856,Buncombe,136,271638.0,Western,410.4,3012.8,High,-82.5301070587,35.611177887,High
31627,3975,Dare,136,37817.0,Coastal,96.3,1872.9,High,-75.6852333134,35.664936694,Substantial
31660,2111,Mitchell,136,14783.0,Western,67.4,458.42,High,-82.1635815487,36.0132038869,High
31636,1111,Gates,136,10324.0,Coastal,30.8,750.9,High,-76.7005266521,36.4449435708,Substantial
31656,2834,Madison,136,21146.0,Western,47.1,1247.6,Substantial,-82.7057582627,35.8580358086,High
31676,7227,Richmond,136,43006.0,Eastern,90.7,5508.4,High,-79.7477780226,35.0060483545,Moderate
31696,10755,Wilkes,136,65151.0,Northern,87.5,1887.3,High,-81.1633856618,36.2062757623,High
31612,33433,Cabarrus,136,232873.0,Central,625.1,1374.8,High,-80.5518508851,35.3867940405,Substantial
31615,8519,Carteret,136,69039.0,Coastal,133.3,1912.1,High,-76.5357430669,34.8612598084,High
31685,12691,Surry,136,70573.0,Northern,134.0,1507.5,High,-80.6880779273,36.4148205561,High
31626,2898,Currituck,136,29385.0,Coastal,107.3,1344.3,High,-75.936949201,36.3672994836,High
31678,12512,Rockingham,136,90457.0,Northern,161.0,2130.4,High,-79.7749871967,36.3960127906,High
31695,16993,Wayne,136,115895.0,Coastal,211.8,2813.0,High,-78.0039971272,35.3639599672,High
31609,16529,Brunswick,136,144821.0,Coastal,160.8,1537.1,Substantial,-78.2274071617,34.0388755841,Substantial
31624,14417,Craven,136,102568.0,Coastal,142.5,2112.3,Substantial,-77.082003837,35.117685821,Moderate
31606,7345,Beaufort,136,44150.0,Coastal,53.6,2157.95,High,-76.8453144055,35.486983815,Substantial
31686,1995,Swain,136,14046.0,Western,26.8,3517.8,Moderate,-83.4927393736,35.4868150519,High
31657,3694,Martin,136,21503.0,Coastal,48.3,2717.4,High,-77.109232267,35.843213981,Moderate
31601,6600,Alexander,136,36172.0,Northern,140.2,1440.7,High,-81.1770268506,35.9210263138,High
31632,8033,Edgecombe,136,48604.0,Coastal,96.7,2366.3,High,-77.5970588882,35.912880671,Substantial
31651,1368,Jones,136,9076.0,Coastal,19.5,0.0,Moderate,-77.3551679748,35.0217248029,Moderate
31633,52604,Forsyth,136,387703.0,Northern,938.1,4129.5,High,-80.256300016,36.1306195485,High
31658,8724,McDowell,136,44151.0,Western,101.3,2610.9,Substantial,-82.0493124426,35.6816924709,Substantial
31663,15408,Nash,136,96101.0,Coastal,175.7,1838.5,Substantial,-77.9864448378,35.9672502839,Substantial
31677,25244,Robeson,136,115899.0,Coastal,123.0,5137.4,High,-79.1038649277,34.6402420514,Moderate
31697,13393,Wilson,136,79078.0,Coastal,214.3,2386.9,Substantial,-77.9186629547,35.7051457145,Substantial
31682,5806,Scotland,136,33662.0,Eastern,107.1,3528.0,Substantial,-79.4804292418,34.8408848102,Moderate
31611,15941,Burke,136,88398.0,Western,173.0,1836.1,Substantial,-81.7047784739,35.7496106399,Substantial
31654,15343,Lincoln,136,88742.0,Central,293.4,1745.2,High,-81.2235326264,35.4855950234,High
31664,28961,New Hanover,136,230423.0,Coastal,1174.0,2612.3,Substantial,-77.865597569,34.1815553357,Moderate
31672,5183,Person,136,39048.0,Eastern,99.7,1862.8,High,-78.9718051426,36.3900951244,High
31607,2510,Bertie,136,17302.0,Coastal,25.7,1594.6,Substantial,-76.9667121404,36.0656302022,Substantial
31620,2333,Chowan,136,13646.0,Coastal,79.4,1402.6,High,-76.6021303656,36.1265615389,Substantial
31671,1613,Perquimans,136,13049.0,Coastal,52.6,684.8,High,-76.4076199893,36.1772228503,High
31681,11424,Sampson,136,58371.0,Coastal,62.4,2241.9,Substantial,-78.3713906105,34.9915361594,Substantial
31652,9533,Lee,136,64360.0,Eastern,248.1,1631.1,Substantial,-79.1714836119,35.4751864248,Moderate
31662,13814,Moore,136,102966.0,Eastern,142.9,1617.3,Substantial,-79.4813744392,35.3106538555,Substantial
31679,26588,Rowan,136,148565.0,Northern,287.1,2292.8,High,-80.5247717485,35.6394734632,Substantial
31625,46820,Cumberland,136,341793.0,Eastern,512.9,3748.5,High,-78.8275607671,35.048611942,Substantial
31648,29409,Iredell,136,192986.0,Northern,325.0,1866.4,High,-80.8734378255,35.8070259189,High
31673,30032,Pitt,136,173536.0,Coastal,261.0,2238.9,Substantial,-77.3744965519,35.5932989746,Substantial
31600,26825,Alamance,136,175029.0,Northern,404.8,3065.6,High,-79.3994248175,36.0437098766,Substantial
31754,15343,Lincoln,137,88742.0,Central,293.4,1745.2,High,-81.2235326264,35.4855950234,High
31748,29409,Iredell,137,192986.0,Northern,325.0,1866.4,High,-80.8734378255,35.8070259189,High
31710,28856,Buncombe,137,271638.0,Western,410.4,3012.8,High,-82.5301070587,35.611177887,High
31718,6866,Chatham,137,77095.0,Eastern,111.9,1456.0,Substantial,-79.2552758614,35.7025721296,Substantial
31738,8092,Granville,137,60720.0,Eastern,114.6,1466.3,High,-78.6527194252,36.3040698262,High
31774,2378,Polk,137,19461.0,Western,81.3,1596.5,High,-82.1696779265,35.2792789622,Substantial
31732,8033,Edgecombe,137,48604.0,Coastal,96.7,2366.3,High,-77.5970588882,35.912880671,Substantial
31794,6789,Watauga,137,54804.0,Northern,173.1,1191.8,High,-81.6964250718,36.2311062795,Substantial
31765,2616,Northampton,137,16953.0,Eastern,32.6,2092.6,Moderate,-77.3968212099,36.4177312434,Moderate
31730,10062,Duplin,137,48249.0,Coastal,59.8,2911.6,Substantial,-77.9330277459,34.9365348363,Moderate
31759,159425,Mecklenburg,137,1128426.0,Central,2130.4,3736.1,Substantial,-80.8327311406,35.2467670437,Substantial
31770,8931,Pender,137,62250.0,Coastal,69.1,1461.9,High,-77.8884355846,34.5150997489,High
31735,40592,Gaston,137,233387.0,Central,640.7,2912.4,High,-81.1802416273,35.2943489527,High
31722,18632,Cleveland,137,99332.0,Western,214.4,2001.7,High,-81.5555471412,35.3341018022,Substantial
31731,35527,Durham,137,331347.0,Eastern,1133.7,3966.0,Substantial,-78.8765926949,36.0360299243,Substantial
31772,5183,Person,137,39048.0,Eastern,99.7,1862.8,High,-78.9718051426,36.3900951244,High
31707,2510,Bertie,137,17302.0,Coastal,25.7,1594.6,Substantial,-76.9667121404,36.0656302022,Substantial
31737,1336,Graham,137,7935.0,Western,27.5,8085.4,Moderate,-83.833581803,35.350171951,High
31779,26588,Rowan,137,148565.0,Northern,287.1,2292.8,High,-80.5247717485,35.6394734632,Substantial
31797,13393,Wilson,137,79078.0,Coastal,214.3,2386.9,Substantial,-77.9186629547,35.7051457145,Substantial
31757,3694,Martin,137,21503.0,Coastal,48.3,2717.4,High,-77.109232267,35.843213981,Moderate
31745,2875,Hertford,137,20374.0,Coastal,61.0,2281.6,Moderate,-76.9807147831,36.3586360305,Moderate
31706,7345,Beaufort,137,44150.0,Coastal,53.6,2157.95,High,-76.8453144055,35.486983815,Substantial
31784,6435,Stokes,137,44422.0,Northern,99.1,2146.85,High,-80.2395157151,36.4019040049,High
31752,9533,Lee,137,64360.0,Eastern,248.1,1631.1,Substantial,-79.1714836119,35.4751864248,Moderate
31781,11424,Sampson,137,58371.0,Coastal,62.4,2241.9,Substantial,-78.3713906105,34.9915361594,Substantial
31729,6561,Davie,137,43127.0,Northern,162.0,1665.25,High,-80.5444636482,35.929110866,High
31768,1739,Pamlico,137,12215.0,Coastal,36.5,2321.5,Moderate,-76.6694598427,35.151021226,Substantial
31782,5806,Scotland,137,33662.0,Eastern,107.1,3528.0,Substantial,-79.4804292418,34.8408848102,Moderate
31792,2430,Warren,137,18621.0,Eastern,43.4,2235.0,High,-78.1067171324,36.3965102811,Substantial
31739,3346,Greene,137,19978.0,Coastal,76.7,1640.3,Moderate,-77.6757626742,35.4849957203,Substantial
31758,8724,McDowell,137,44151.0,Western,101.3,2610.9,Substantial,-82.0493124426,35.6816924709,Substantial
31743,7628,Haywood,137,62831.0,Western,112.2,3591.8,High,-82.9821729698,35.5560557128,High
31751,1368,Jones,137,9076.0,Coastal,19.5,0.0,Moderate,-77.3551679748,35.0217248029,Moderate
31701,6600,Alexander,137,36172.0,Northern,140.2,1440.7,High,-81.1770268506,35.9210263138,High
31733,52604,Forsyth,137,387703.0,Northern,938.1,4129.5,High,-80.256300016,36.1306195485,High
31762,13814,Moore,137,102966.0,Eastern,142.9,1617.3,Substantial,-79.4813744392,35.3106538555,Substantial
31773,30032,Pitt,137,173536.0,Coastal,261.0,2238.9,Substantial,-77.3744965519,35.5932989746,Substantial
31744,15540,Henderson,137,117429.0,Western,311.8,2039.7,High,-82.4799463782,35.3362263031,High
31789,37010,Union,137,244960.0,Central,376.6,1582.3,High,-80.5307400446,34.9883574887,High
31771,1613,Perquimans,137,13049.0,Coastal,52.6,684.8,High,-76.4076199893,36.1772228503,High
31725,46820,Cumberland,137,341793.0,Eastern,512.9,3748.5,High,-78.8275607671,35.048611942,Substantial
31716,3243,Caswell,137,22400.0,Eastern,53.5,317.5,Substantial,-79.3335234769,36.3932742158,Substantial
31795,16993,Wayne,137,115895.0,Coastal,211.8,2813.0,High,-78.0039971272,35.3639599672,High
31709,16529,Brunswick,137,144821.0,Coastal,160.8,1537.1,Substantial,-78.2274071617,34.0388755841,Substantial
31736,1111,Gates,137,10324.0,Coastal,30.8,750.9,High,-76.7005266521,36.4449435708,Substantial
31704,3498,Ashe,137,26506.0,Northern,62.3,1123.1,High,-81.5005211955,36.434424701,High
31749,5780,Jackson,137,41919.0,Western,87.8,1864.6,High,-83.1408496187,35.2875866253,High
31788,565,Tyrrell,137,3315.0,Coastal,8.3,957.2,High,-76.1704523585,35.8694070017,High
31702,1658,Alleghany,137,11057.0,Northern,46.4,697.2,High,-81.1278593427,36.4912704378,High
31760,2111,Mitchell,137,14783.0,Western,67.4,458.42,High,-82.1635815487,36.0132038869,High
31776,7227,Richmond,137,43006.0,Eastern,90.7,5508.4,High,-79.7477780226,35.0060483545,Moderate
31790,6954,Vance,137,41665.0,Eastern,168.7,3584.5,High,-78.4079288849,36.3649169333,High
31756,2834,Madison,137,21146.0,Western,47.1,1247.6,Substantial,-82.7057582627,35.8580358086,High
31767,12005,Orange,137,148331.0,Eastern,374.0,1991.9,Substantial,-79.120649356,36.0611182361,Moderate
31740,69106,Guilford,137,545484.0,Northern,838.0,3371.1,High,-79.7889042685,36.0794717315,Substantial
31713,13711,Caldwell,137,81319.0,Northern,170.9,2504.8,High,-81.5464366451,35.9530379334,Substantial
31705,2803,Avery,137,17347.0,Western,72.0,1003.4,High,-81.9226013745,36.0766050343,High
31780,11622,Rutherford,137,63870.0,Western,114.0,2009.9,High,-81.9198334642,35.4025956291,Substantial
31783,11875,Stanly,137,62143.0,Central,158.2,2425.2,High,-80.2509863077,35.3119550622,High
31750,32905,Johnston,137,224833.0,Coastal,272.7,1547.3,High,-78.3657109025,35.5178069265,Substantial
31719,4681,Cherokee,137,28738.0,Western,63.2,3613.3,Substantial,-84.063444228,35.1338574515,Moderate
31753,9585,Lenoir,137,54323.0,Coastal,138.1,3246.04,High,-77.6412486292,35.2387731611,Substantial
31714,1183,Camden,137,10537.0,Coastal,43.1,793.0,High,-76.1609504039,36.3411216216,Substantial
31708,5524,Bladen,137,29171.0,Coastal,33.8,2578.5,Substantial,-78.5636493115,34.6145873342,High
31724,14417,Craven,137,102568.0,Coastal,142.5,2112.3,Substantial,-77.082003837,35.117685821,Moderate
31726,2898,Currituck,137,29385.0,Coastal,107.3,1344.3,High,-75.936949201,36.3672994836,High
31798,6124,Yadkin,137,36925.0,Northern,111.1,1820.8,High,-80.6652439331,36.1605336919,High
31785,12691,Surry,137,70573.0,Northern,134.0,1507.5,High,-80.6880779273,36.4148205561,High
31720,2333,Chowan,137,13646.0,Coastal,79.4,1402.6,High,-76.6021303656,36.1265615389,Substantial
31799,2883,Yancey,137,18320.0,Western,59.1,557.0,High,-82.3076279784,35.8989479924,High
31717,28772,Catawba,137,162841.0,Northern,400.2,2802.5,High,-81.2150705598,35.662042354,Substantial
31786,1995,Swain,137,14046.0,Western,26.8,3517.8,Moderate,-83.4927393736,35.4868150519,High
31728,26181,Davidson,137,171752.0,Northern,305.4,1757.8,High,-80.2127487756,35.7933524917,High
31775,22227,Randolph,137,143325.0,Northern,184.3,1615.5,High,-79.8060069064,35.7103417044,Substantial
31755,5057,Macon,137,37041.0,Western,71.8,2077.4,High,-83.4221767088,35.1504672096,Moderate
31769,5408,Pasquotank,137,40966.0,Coastal,178.8,2078.8,High,-76.2492413613,36.2650187228,Substantial
31723,10182,Columbus,137,49795.0,Coastal,54.0,2887.71,Substantial,-78.6550308717,34.2656450828,Substantial
31746,7263,Hoke,137,53783.0,Eastern,133.5,2028.14,High,-79.237290715,35.0175290075,Substantial
31742,18761,Harnett,137,134986.0,Eastern,224.5,2172.6,Substantial,-78.8694125204,35.3686291614,Substantial
31721,1680,Clay,137,11238.0,Western,51.6,2288.34,High,-83.7501767115,35.0571811284,Moderate
31796,10755,Wilkes,137,65151.0,Northern,87.5,1887.3,High,-81.1633856618,36.2062757623,High
31778,12512,Rockingham,137,90457.0,Northern,161.0,2130.4,High,-79.7749871967,36.3960127906,High
31715,8519,Carteret,137,69039.0,Coastal,133.3,1912.1,High,-76.5357430669,34.8612598084,High
31741,8004,Halifax,137,47859.0,Coastal,67.2,2754.7,Substantial,-77.6517329831,36.2574485453,Moderate
31712,33433,Cabarrus,137,232873.0,Central,625.1,1374.8,High,-80.5518508851,35.3867940405,Substantial
31727,3975,Dare,137,37817.0,Coastal,96.3,1872.9,High,-75.6852333134,35.664936694,Substantial
31787,3941,Transylvania,137,32825.0,Western,87.2,978.5,Substantial,-82.7983001279,35.2021778635,Moderate
31734,10079,Franklin,137,70655.0,Eastern,139.4,1314.6,High,-78.2856965824,36.0827733527,Substantial
31747,836,Hyde,137,4595.0,Coastal,7.5,0.0,High,-76.1449651093,35.4081187361,Substantial
31764,28961,New Hanover,137,230423.0,Coastal,1174.0,2612.3,Substantial,-77.865597569,34.1815553357,Moderate
31761,4617,Montgomery,137,25485.0,Eastern,52.4,2480.1,High,-79.9054790812,35.332466935,Substantial
31791,133111,Wake,137,1154170.0,Eastern,1353.3,1846.0,High,-78.6503081729,35.7902443741,Substantial
31763,15408,Nash,137,96101.0,Coastal,175.7,1838.5,Substantial,-77.9864448378,35.9672502839,Substantial
31703,3963,Anson,137,22028.0,Central,41.5,2802.1,High,-80.102712026,34.9737894417,High
31700,26825,Alamance,137,175029.0,Northern,404.8,3065.6,High,-79.3994248175,36.0437098766,Substantial
31793,1614,Washington,137,10708.0,Coastal,31.8,1746.8,Substantial,-76.5693098876,35.8392646425,Moderate
31777,25244,Robeson,137,115899.0,Coastal,123.0,5137.4,High,-79.1038649277,34.6402420514,Moderate
31711,15941,Burke,137,88398.0,Western,173.0,1836.1,Substantial,-81.7047784739,35.7496106399,Substantial
31766,30321,Onslow,137,207928.0,Coastal,268.4,2191.23,High,-77.4157658244,34.709836363,Moderate
31825,46918,Cumberland,138,341793.0,Eastern,512.9,3748.5,High,-78.8275607671,35.048611942,Substantial
31844,15598,Henderson,138,117429.0,Western,311.8,2039.7,High,-82.4799463782,35.3362263031,High
31871,1616,Perquimans,138,13049.0,Coastal,52.6,684.8,High,-76.4076199893,36.1772228503,High
31812,33542,Cabarrus,138,232873.0,Central,625.1,1374.8,High,-80.5518508851,35.3867940405,High
31875,22292,Randolph,138,143325.0,Northern,184.3,1615.5,High,-79.8060069064,35.7103417044,High
31867,12053,Orange,138,148331.0,Eastern,374.0,1991.9,Substantial,-79.120649356,36.0611182361,Moderate
31883,11918,Stanly,138,62143.0,Central,158.2,2425.2,High,-80.2509863077,35.3119550622,High
31842,18794,Harnett,138,134986.0,Eastern,224.5,2172.6,Substantial,-78.8694125204,35.3686291614,Substantial
31850,33042,Johnston,138,224833.0,Coastal,272.7,1547.3,High,-78.3657109025,35.5178069265,Substantial
31880,11646,Rutherford,138,63870.0,Western,114.0,2009.9,High,-81.9198334642,35.4025956291,Substantial
31805,2823,Avery,138,17347.0,Western,72.0,1003.4,High,-81.9226013745,36.0766050343,Substantial
31876,7240,Richmond,138,43006.0,Eastern,90.7,5508.4,Substantial,-79.7477780226,35.0060483545,High
31840,69391,Guilford,138,545484.0,Northern,838.0,3371.1,High,-79.7889042685,36.0794717315,Substantial
31874,2389,Polk,138,19461.0,Western,81.3,1596.5,High,-82.1696779265,35.2792789622,High
31857,3705,Martin,138,21503.0,Coastal,48.3,2717.4,High,-77.109232267,35.843213981,High
31806,7354,Beaufort,138,44150.0,Coastal,53.6,2157.95,High,-76.8453144055,35.486983815,High
31804,3509,Ashe,138,26506.0,Northern,62.3,1123.1,High,-81.5005211955,36.434424701,High
31834,10117,Franklin,138,70655.0,Eastern,139.4,1314.6,High,-78.2856965824,36.0827733527,High
31849,5794,Jackson,138,41919.0,Western,87.8,1864.6,Substantial,-83.1408496187,35.2875866253,High
31888,570,Tyrrell,138,3315.0,Coastal,8.3,957.2,High,-76.1704523585,35.8694070017,High
31815,8558,Carteret,138,69039.0,Coastal,133.3,1912.1,High,-76.5357430669,34.8612598084,Substantial
31802,1681,Alleghany,138,11057.0,Northern,46.4,697.2,High,-81.1278593427,36.4912704378,High
31827,3997,Dare,138,37817.0,Coastal,96.3,1872.9,High,-75.6852333134,35.664936694,High
31890,6980,Vance,138,41665.0,Eastern,168.7,3584.5,High,-78.4079288849,36.3649169333,High
31878,12573,Rockingham,138,90457.0,Northern,161.0,2130.4,High,-79.7749871967,36.3960127906,High
31889,37178,Union,138,244960.0,Central,376.6,1582.3,High,-80.5307400446,34.9883574887,High
31856,2857,Madison,138,21146.0,Western,47.1,1247.6,High,-82.7057582627,35.8580358086,High
31826,2922,Currituck,138,29385.0,Coastal,107.3,1344.3,High,-75.936949201,36.3672994836,High
31811,15981,Burke,138,88398.0,Western,173.0,1836.1,Substantial,-81.7047784739,35.7496106399,High
31847,841,Hyde,138,4595.0,Coastal,7.5,0.0,High,-76.1449651093,35.4081187361,Substantial
31833,52798,Forsyth,138,387703.0,Northern,938.1,4129.5,High,-80.256300016,36.1306195485,High
31819,4690,Cherokee,138,28738.0,Western,63.2,3613.3,High,-84.063444228,35.1338574515,Substantial
31839,3355,Greene,138,19978.0,Coastal,76.7,1640.3,Substantial,-77.6757626742,35.4849957203,Substantial
31858,8746,McDowell,138,44151.0,Western,101.3,2610.9,High,-82.0493124426,35.6816924709,Substantial
31892,2435,Warren,138,18621.0,Eastern,43.4,2235.0,Substantial,-78.1067171324,36.3965102811,Substantial
31864,29016,New Hanover,138,230423.0,Coastal,1174.0,2612.3,Substantial,-77.865597569,34.1815553357,Substantial
31882,5817,Scotland,138,33662.0,Eastern,107.1,3528.0,High,-79.4804292418,34.8408848102,Substantial
31868,1739,Pamlico,138,12215.0,Coastal,36.5,2321.5,Low,-76.6694598427,35.151021226,Substantial
31820,2339,Chowan,138,13646.0,Coastal,79.4,1402.6,High,-76.6021303656,36.1265615389,High
31829,6585,Davie,138,43127.0,Northern,162.0,1665.25,High,-80.5444636482,35.929110866,High
31893,1624,Washington,138,10708.0,Coastal,31.8,1746.8,High,-76.5693098876,35.8392646425,Substantial
31881,11439,Sampson,138,58371.0,Coastal,62.4,2241.9,Substantial,-78.3713906105,34.9915361594,High
31817,28853,Catawba,138,162841.0,Northern,400.2,2802.5,High,-81.2150705598,35.662042354,High
31869,5423,Pasquotank,138,40966.0,Coastal,178.8,2078.8,High,-76.2492413613,36.2650187228,Substantial
31851,1375,Jones,138,9076.0,Coastal,19.5,0.0,Substantial,-77.3551679748,35.0217248029,Substantial
31852,9557,Lee,138,64360.0,Eastern,248.1,1631.1,Substantial,-79.1714836119,35.4751864248,Moderate
31843,7660,Haywood,138,62831.0,Western,112.2,3591.8,High,-82.9821729698,35.5560557128,High
31886,1994,Swain,138,14046.0,Western,26.8,3517.8,Moderate,-83.4927393736,35.4868150519,High
31816,3256,Caswell,138,22400.0,Eastern,53.5,317.5,High,-79.3335234769,36.3932742158,High
31899,2899,Yancey,138,18320.0,Western,59.1,557.0,High,-82.3076279784,35.8989479924,High
31895,17061,Wayne,138,115895.0,Coastal,211.8,2813.0,High,-78.0039971272,35.3639599672,High
31891,133111,Wake,138,1154170.0,Eastern,1353.3,1846.0,High,-78.6503081729,35.7902443741,High
31828,26288,Davidson,138,171752.0,Northern,305.4,1757.8,High,-80.2127487756,35.7933524917,High
31809,16588,Brunswick,138,144821.0,Coastal,160.8,1537.1,High,-78.2274071617,34.0388755841,Substantial
31801,6609,Alexander,138,36172.0,Northern,140.2,1440.7,High,-81.1770268506,35.9210263138,High
31836,1115,Gates,138,10324.0,Coastal,30.8,750.9,Substantial,-76.7005266521,36.4449435708,Substantial
31808,5529,Bladen,138,29171.0,Coastal,33.8,2578.5,Substantial,-78.5636493115,34.6145873342,High
31873,30072,Pitt,138,173536.0,Coastal,261.0,2238.9,Substantial,-77.3744965519,35.5932989746,Substantial
31803,3983,Anson,138,22028.0,Central,41.5,2802.1,High,-80.102712026,34.9737894417,High
31814,1190,Camden,138,10537.0,Coastal,43.1,793.0,Substantial,-76.1609504039,36.3411216216,High
31823,10195,Columbus,138,49795.0,Coastal,54.0,2887.71,Substantial,-78.6550308717,34.2656450828,Substantial
31862,13843,Moore,138,102966.0,Eastern,142.9,1617.3,Substantial,-79.4813744392,35.3106538555,Substantial
31853,9597,Lenoir,138,54323.0,Coastal,138.1,3246.04,Substantial,-77.6412486292,35.2387731611,Substantial
31813,13739,Caldwell,138,81319.0,Northern,170.9,2504.8,High,-81.5464366451,35.9530379334,Substantial
31845,2878,Hertford,138,20374.0,Coastal,61.0,2281.6,Moderate,-76.9807147831,36.3586360305,Substantial
31800,26913,Alamance,138,175029.0,Northern,404.8,3065.6,High,-79.3994248175,36.0437098766,High
31818,6886,Chatham,138,77095.0,Eastern,111.9,1456.0,Substantial,-79.2552758614,35.7025721296,Substantial
31831,35675,Durham,138,331347.0,Eastern,1133.7,3966.0,Substantial,-78.8765926949,36.0360299243,Substantial
31846,7298,Hoke,138,53783.0,Eastern,133.5,2028.14,High,-79.237290715,35.0175290075,Substantial
31832,8048,Edgecombe,138,48604.0,Coastal,96.7,2366.3,Substantial,-77.5970588882,35.912880671,Substantial
31810,29011,Buncombe,138,271638.0,Western,410.4,3012.8,High,-82.5301070587,35.611177887,High
31896,10827,Wilkes,138,65151.0,Northern,87.5,1887.3,High,-81.1633856618,36.2062757623,High
31860,2117,Mitchell,138,14783.0,Western,67.4,458.42,High,-82.1635815487,36.0132038869,High
31879,26659,Rowan,138,148565.0,Northern,287.1,2292.8,High,-80.5247717485,35.6394734632,High
31872,5197,Person,138,39048.0,Eastern,99.7,1862.8,Substantial,-78.9718051426,36.3900951244,High
31898,6156,Yadkin,138,36925.0,Northern,111.1,1820.8,High,-80.6652439331,36.1605336919,High
31863,15439,Nash,138,96101.0,Coastal,175.7,1838.5,Substantial,-77.9864448378,35.9672502839,Substantial
31838,8111,Granville,138,60720.0,Eastern,114.6,1466.3,High,-78.6527194252,36.3040698262,High
31894,6815,Watauga,138,54804.0,Northern,173.1,1191.8,High,-81.6964250718,36.2311062795,Substantial
31821,1683,Clay,138,11238.0,Western,51.6,2288.34,High,-83.7501767115,35.0571811284,Moderate
31807,2512,Bertie,138,17302.0,Coastal,25.7,1594.6,Substantial,-76.9667121404,36.0656302022,Substantial
31865,2618,Northampton,138,16953.0,Eastern,32.6,2092.6,Moderate,-77.3968212099,36.4177312434,Moderate
31877,25255,Robeson,138,115899.0,Coastal,123.0,5137.4,Substantial,-79.1038649277,34.6402420514,Substantial
31859,159913,Mecklenburg,138,1128426.0,Central,2130.4,3736.1,High,-80.8327311406,35.2467670437,High
31897,13415,Wilson,138,79078.0,Coastal,214.3,2386.9,Substantial,-77.9186629547,35.7051457145,Substantial
31866,30303,Onslow,138,207928.0,Coastal,268.4,2191.23,Substantial,-77.4157658244,34.709836363,Moderate
31841,8013,Halifax,138,47859.0,Coastal,67.2,2754.7,Substantial,-77.6517329831,36.2574485453,Moderate
31830,10081,Duplin,138,48249.0,Coastal,59.8,2911.6,Substantial,-77.9330277459,34.9365348363,Substantial
31885,12732,Surry,138,70573.0,Northern,134.0,1507.5,High,-80.6880779273,36.4148205561,High
31822,18696,Cleveland,138,99332.0,Western,214.4,2001.7,High,-81.5555471412,35.3341018022,High
31824,14420,Craven,138,102568.0,Coastal,142.5,2112.3,Moderate,-77.082003837,35.117685821,Substantial
31887,3950,Transylvania,138,32825.0,Western,87.2,978.5,Substantial,-82.7983001279,35.2021778635,Substantial
31848,29535,Iredell,138,192986.0,Northern,325.0,1866.4,High,-80.8734378255,35.8070259189,High
31884,6476,Stokes,138,44422.0,Northern,99.1,2146.85,High,-80.2395157151,36.4019040049,High
31854,15405,Lincoln,138,88742.0,Central,293.4,1745.2,High,-81.2235326264,35.4855950234,High
31835,40766,Gaston,138,233387.0,Central,640.7,2912.4,High,-81.1802416273,35.2943489527,High
31837,1340,Graham,138,7935.0,Western,27.5,8085.4,Substantial,-83.833581803,35.350171951,High
31861,4625,Montgomery,138,25485.0,Eastern,52.4,2480.1,High,-79.9054790812,35.332466935,Substantial
31870,8979,Pender,138,62250.0,Coastal,69.1,1461.9,High,-77.8884355846,34.5150997489,High
31855,5076,Macon,138,37041.0,Western,71.8,2077.4,High,-83.4221767088,35.1504672096,Moderate
31986,1994,Swain,139,14046.0,Western,26.8,3517.8,Moderate,-83.4927393736,35.4868150519,High
31943,7670,Haywood,139,62831.0,Western,112.2,3591.8,High,-82.9821729698,35.5560557128,High
31968,1739,Pamlico,139,12215.0,Coastal,36.5,2321.5,Low,-76.6694598427,35.151021226,Moderate
31976,7240,Richmond,139,43006.0,Eastern,90.7,5508.4,Substantial,-79.7477780226,35.0060483545,High
31907,2519,Bertie,139,17302.0,Coastal,25.7,1594.6,Substantial,-76.9667121404,36.0656302022,Moderate
31966,30308,Onslow,139,207928.0,Coastal,268.4,2191.23,Moderate,-77.4157658244,34.709836363,Moderate
31929,6590,Davie,139,43127.0,Northern,162.0,1665.25,High,-80.5444636482,35.929110866,High
31979,26677,Rowan,139,148565.0,Northern,287.1,2292.8,High,-80.5247717485,35.6394734632,High
31945,2881,Hertford,139,20374.0,Coastal,61.0,2281.6,Moderate,-76.9807147831,36.3586360305,Substantial
31977,25261,Robeson,139,115899.0,Coastal,123.0,5137.4,Substantial,-79.1038649277,34.6402420514,Substantial
31995,17089,Wayne,139,115895.0,Coastal,211.8,2813.0,High,-78.0039971272,35.3639599672,High
31952,9557,Lee,139,64360.0,Eastern,248.1,1631.1,Substantial,-79.1714836119,35.4751864248,Moderate
31946,7312,Hoke,139,53783.0,Eastern,133.5,2028.14,High,-79.237290715,35.0175290075,High
31936,1116,Gates,139,10324.0,Coastal,30.8,750.9,Substantial,-76.7005266521,36.4449435708,Substantial
31917,28874,Catawba,139,162841.0,Northern,400.2,2802.5,High,-81.2150705598,35.662042354,High
31981,11440,Sampson,139,58371.0,Coastal,62.4,2241.9,Substantial,-78.3713906105,34.9915361594,High
31999,2900,Yancey,139,18320.0,Western,59.1,557.0,High,-82.3076279784,35.8989479924,High
31982,5816,Scotland,139,33662.0,Eastern,107.1,3528.0,Substantial,-79.4804292418,34.8408848102,Substantial
31992,2435,Warren,139,18621.0,Eastern,43.4,2235.0,Substantial,-78.1067171324,36.3965102811,Substantial
31964,29034,New Hanover,139,230423.0,Coastal,1174.0,2612.3,Substantial,-77.865597569,34.1815553357,Substantial
31957,3708,Martin,139,21503.0,Coastal,48.3,2717.4,High,-77.109232267,35.843213981,High
31906,7354,Beaufort,139,44150.0,Coastal,53.6,2157.95,High,-76.8453144055,35.486983815,High
31911,16000,Burke,139,88398.0,Western,173.0,1836.1,Substantial,-81.7047784739,35.7496106399,High
31948,29587,Iredell,139,192986.0,Northern,325.0,1866.4,High,-80.8734378255,35.8070259189,High
31944,15629,Henderson,139,117429.0,Western,311.8,2039.7,High,-82.4799463782,35.3362263031,High
31989,37228,Union,139,244960.0,Central,376.6,1582.3,High,-80.5307400446,34.9883574887,High
31985,12746,Surry,139,70573.0,Northern,134.0,1507.5,High,-80.6880779273,36.4148205561,High
31954,15421,Lincoln,139,88742.0,Central,293.4,1745.2,High,-81.2235326264,35.4855950234,High
31925,46955,Cumberland,139,341793.0,Eastern,512.9,3748.5,High,-78.8275607671,35.048611942,Substantial
31960,2118,Mitchell,139,14783.0,Western,67.4,458.42,High,-82.1635815487,36.0132038869,High
31940,69475,Guilford,139,545484.0,Northern,838.0,3371.1,High,-79.7889042685,36.0794717315,Substantial
31971,1618,Perquimans,139,13049.0,Coastal,52.6,684.8,High,-76.4076199893,36.1772228503,High
31962,13847,Moore,139,102966.0,Eastern,142.9,1617.3,Substantial,-79.4813744392,35.3106538555,Substantial
31930,10088,Duplin,139,48249.0,Coastal,59.8,2911.6,High,-77.9330277459,34.9365348363,Substantial
31931,35675,Durham,139,331347.0,Eastern,1133.7,3966.0,Substantial,-78.8765926949,36.0360299243,Substantial
31973,30086,Pitt,139,173536.0,Coastal,261.0,2238.9,Substantial,-77.3744965519,35.5932989746,Substantial
31903,3984,Anson,139,22028.0,Central,41.5,2802.1,High,-80.102712026,34.9737894417,Substantial
31901,6601,Alexander,139,36172.0,Northern,140.2,1440.7,Substantial,-81.1770268506,35.9210263138,High
31993,1627,Washington,139,10708.0,Coastal,31.8,1746.8,High,-76.5693098876,35.8392646425,High
31969,5429,Pasquotank,139,40966.0,Coastal,178.8,2078.8,High,-76.2492413613,36.2650187228,Substantial
31951,1373,Jones,139,9076.0,Coastal,19.5,0.0,Substantial,-77.3551679748,35.0217248029,Substantial
31932,8049,Edgecombe,139,48604.0,Coastal,96.7,2366.3,Substantial,-77.5970588882,35.912880671,Substantial
31972,5213,Person,139,39048.0,Eastern,99.7,1862.8,High,-78.9718051426,36.3900951244,High
31933,52861,Forsyth,139,387703.0,Northern,938.1,4129.5,High,-80.256300016,36.1306195485,High
31939,3354,Greene,139,19978.0,Coastal,76.7,1640.3,Substantial,-77.6757626742,35.4849957203,Moderate
31921,1684,Clay,139,11238.0,Western,51.6,2288.34,High,-83.7501767115,35.0571811284,Moderate
31958,8752,McDowell,139,44151.0,Western,101.3,2610.9,High,-82.0493124426,35.6816924709,Substantial
31963,15446,Nash,139,96101.0,Coastal,175.7,1838.5,Substantial,-77.9864448378,35.9672502839,Substantial
31920,2339,Chowan,139,13646.0,Coastal,79.4,1402.6,High,-76.6021303656,36.1265615389,High
31900,26945,Alamance,139,175029.0,Northern,404.8,3065.6,High,-79.3994248175,36.0437098766,High
31928,26308,Davidson,139,171752.0,Northern,305.4,1757.8,High,-80.2127487756,35.7933524917,High
31984,6491,Stokes,139,44422.0,Northern,99.1,2146.85,High,-80.2395157151,36.4019040049,High
31909,16609,Brunswick,139,144821.0,Coastal,160.8,1537.1,Substantial,-78.2274071617,34.0388755841,Substantial
31983,11932,Stanly,139,62143.0,Central,158.2,2425.2,High,-80.2509863077,35.3119550622,High
31975,22306,Randolph,139,143325.0,Northern,184.3,1615.5,High,-79.8060069064,35.7103417044,High
31912,33582,Cabarrus,139,232873.0,Central,625.1,1374.8,High,-80.5518508851,35.3867940405,High
31905,2823,Avery,139,17347.0,Western,72.0,1003.4,High,-81.9226013745,36.0766050343,Substantial
31938,8112,Granville,139,60720.0,Eastern,114.6,1466.3,Substantial,-78.6527194252,36.3040698262,High
31994,6818,Watauga,139,54804.0,Northern,173.1,1191.8,High,-81.6964250718,36.2311062795,Substantial
31913,13764,Caldwell,139,81319.0,Northern,170.9,2504.8,High,-81.5464366451,35.9530379334,Substantial
31967,12066,Orange,139,148331.0,Eastern,374.0,1991.9,Substantial,-79.120649356,36.0611182361,Substantial
31956,2861,Madison,139,21146.0,Western,47.1,1247.6,High,-82.7057582627,35.8580358086,High
31998,6161,Yadkin,139,36925.0,Northern,111.1,1820.8,High,-80.6652439331,36.1605336919,High
31915,8562,Carteret,139,69039.0,Coastal,133.3,1912.1,High,-76.5357430669,34.8612598084,Substantial
31997,13432,Wilson,139,79078.0,Coastal,214.3,2386.9,Substantial,-77.9186629547,35.7051457145,Substantial
31910,29064,Buncombe,139,271638.0,Western,410.4,3012.8,High,-82.5301070587,35.611177887,High
31926,2926,Currituck,139,29385.0,Coastal,107.3,1344.3,High,-75.936949201,36.3672994836,High
31947,841,Hyde,139,4595.0,Coastal,7.5,0.0,High,-76.1449651093,35.4081187361,High
31996,10841,Wilkes,139,65151.0,Northern,87.5,1887.3,High,-81.1633856618,36.2062757623,High
31978,12590,Rockingham,139,90457.0,Northern,161.0,2130.4,High,-79.7749871967,36.3960127906,High
31990,6978,Vance,139,41665.0,Eastern,168.7,3584.5,High,-78.4079288849,36.3649169333,High
31941,8013,Halifax,139,47859.0,Coastal,67.2,2754.7,Moderate,-77.6517329831,36.2574485453,Moderate
31927,4005,Dare,139,37817.0,Coastal,96.3,1872.9,High,-75.6852333134,35.664936694,High
31987,3953,Transylvania,139,32825.0,Western,87.2,978.5,Substantial,-82.7983001279,35.2021778635,Substantial
31902,1697,Alleghany,139,11057.0,Northern,46.4,697.2,High,-81.1278593427,36.4912704378,High
31988,570,Tyrrell,139,3315.0,Coastal,8.3,957.2,High,-76.1704523585,35.8694070017,High
31961,4630,Montgomery,139,25485.0,Eastern,52.4,2480.1,High,-79.9054790812,35.332466935,Substantial
31991,133667,Wake,139,1154170.0,Eastern,1353.3,1846.0,High,-78.6503081729,35.7902443741,High
31904,3512,Ashe,139,26506.0,Northern,62.3,1123.1,High,-81.5005211955,36.434424701,High
31949,5798,Jackson,139,41919.0,Western,87.8,1864.6,Substantial,-83.1408496187,35.2875866253,High
31959,160063,Mecklenburg,139,1128426.0,Central,2130.4,3736.1,High,-80.8327311406,35.2467670437,High
31934,10123,Franklin,139,70655.0,Eastern,139.4,1314.6,High,-78.2856965824,36.0827733527,High
31924,14424,Craven,139,102568.0,Coastal,142.5,2112.3,Moderate,-77.082003837,35.117685821,Substantial
31918,6886,Chatham,139,77095.0,Eastern,111.9,1456.0,Substantial,-79.2552758614,35.7025721296,Substantial
31942,18808,Harnett,139,134986.0,Eastern,224.5,2172.6,Substantial,-78.8694125204,35.3686291614,Substantial
31916,3254,Caswell,139,22400.0,Eastern,53.5,317.5,High,-79.3335234769,36.3932742158,High
31914,1190,Camden,139,10537.0,Coastal,43.1,793.0,Substantial,-76.1609504039,36.3411216216,High
31955,5079,Macon,139,37041.0,Western,71.8,2077.4,High,-83.4221767088,35.1504672096,Moderate
31970,8984,Pender,139,62250.0,Coastal,69.1,1461.9,High,-77.8884355846,34.5150997489,High
31953,9607,Lenoir,139,54323.0,Coastal,138.1,3246.04,Substantial,-77.6412486292,35.2387731611,Substantial
31923,10206,Columbus,139,49795.0,Coastal,54.0,2887.71,Substantial,-78.6550308717,34.2656450828,Substantial
31937,1341,Graham,139,7935.0,Western,27.5,8085.4,Substantial,-83.833581803,35.350171951,High
31935,40824,Gaston,139,233387.0,Central,640.7,2912.4,High,-81.1802416273,35.2943489527,High
31974,2390,Polk,139,19461.0,Western,81.3,1596.5,Substantial,-82.1696779265,35.2792789622,High
31922,18703,Cleveland,139,99332.0,Western,214.4,2001.7,High,-81.5555471412,35.3341018022,High
31919,4696,Cherokee,139,28738.0,Western,63.2,3613.3,High,-84.063444228,35.1338574515,Substantial
31908,5533,Bladen,139,29171.0,Coastal,33.8,2578.5,Substantial,-78.5636493115,34.6145873342,High
31980,11647,Rutherford,139,63870.0,Western,114.0,2009.9,High,-81.9198334642,35.4025956291,Substantial
31950,33077,Johnston,139,224833.0,Coastal,272.7,1547.3,High,-78.3657109025,35.5178069265,Substantial
31965,2618,Northampton,139,16953.0,Eastern,32.6,2092.6,Moderate,-77.3968212099,36.4177312434,Moderate
32078,12607,Rockingham,140,90457.0,Northern,161.0,2130.4,High,-79.7749871967,36.3960127906,High
32009,16632,Brunswick,140,144821.0,Coastal,160.8,1537.1,Substantial,-78.2274071617,34.0388755841,High
32062,13865,Moore,140,102966.0,Eastern,142.9,1617.3,Substantial,-79.4813744392,35.3106538555,Substantial
32000,26976,Alamance,140,175029.0,Northern,404.8,3065.6,High,-79.3994248175,36.0437098766,High
32024,14438,Craven,140,102568.0,Coastal,142.5,2112.3,Substantial,-77.082003837,35.117685821,Substantial
32071,1626,Perquimans,140,13049.0,Coastal,52.6,684.8,High,-76.4076199893,36.1772228503,High
32030,10090,Duplin,140,48249.0,Coastal,59.8,2911.6,Substantial,-77.9330277459,34.9365348363,Substantial
32061,4630,Montgomery,140,25485.0,Eastern,52.4,2480.1,High,-79.9054790812,35.332466935,Substantial
32091,134024,Wake,140,1154170.0,Eastern,1353.3,1846.0,High,-78.6503081729,35.7902443741,Error
32035,40885,Gaston,140,233387.0,Central,640.7,2912.4,High,-81.1802416273,35.2943489527,High
32077,25287,Robeson,140,115899.0,Coastal,123.0,5137.4,Substantial,-79.1038649277,34.6402420514,High
32060,2119,Mitchell,140,14783.0,Western,67.4,458.42,High,-82.1635815487,36.0132038869,High
32054,15453,Lincoln,140,88742.0,Central,293.4,1745.2,High,-81.2235326264,35.4855950234,High
32075,22321,Randolph,140,143325.0,Northern,184.3,1615.5,High,-79.8060069064,35.7103417044,High
32002,1702,Alleghany,140,11057.0,Northern,46.4,697.2,High,-81.1278593427,36.4912704378,High
32004,3520,Ashe,140,26506.0,Northern,62.3,1123.1,High,-81.5005211955,36.434424701,High
32044,15670,Henderson,140,117429.0,Western,311.8,2039.7,High,-82.4799463782,35.3362263031,High
32014,1188,Camden,140,10537.0,Coastal,43.1,793.0,High,-76.1609504039,36.3411216216,High
32068,1741,Pamlico,140,12215.0,Coastal,36.5,2321.5,Moderate,-76.6694598427,35.151021226,Moderate
32041,8016,Halifax,140,47859.0,Coastal,67.2,2754.7,Moderate,-77.6517329831,36.2574485453,Moderate
32090,6982,Vance,140,41665.0,Eastern,168.7,3584.5,Substantial,-78.4079288849,36.3649169333,High
32042,18831,Harnett,140,134986.0,Eastern,224.5,2172.6,Substantial,-78.8694125204,35.3686291614,Substantial
32096,10864,Wilkes,140,65151.0,Northern,87.5,1887.3,High,-81.1633856618,36.2062757623,High
32055,5086,Macon,140,37041.0,Western,71.8,2077.4,High,-83.4221767088,35.1504672096,Moderate
32020,2342,Chowan,140,13646.0,Coastal,79.4,1402.6,High,-76.6021303656,36.1265615389,High
32010,29118,Buncombe,140,271638.0,Western,410.4,3012.8,High,-82.5301070587,35.611177887,High
32081,11451,Sampson,140,58371.0,Coastal,62.4,2241.9,Substantial,-78.3713906105,34.9915361594,High
32080,11657,Rutherford,140,63870.0,Western,114.0,2009.9,Substantial,-81.9198334642,35.4025956291,Substantial
32092,2437,Warren,140,18621.0,Eastern,43.4,2235.0,Substantial,-78.1067171324,36.3965102811,Substantial
32065,2620,Northampton,140,16953.0,Eastern,32.6,2092.6,Moderate,-77.3968212099,36.4177312434,Moderate
32016,3258,Caswell,140,22400.0,Eastern,53.5,317.5,High,-79.3335234769,36.3932742158,High
32023,10212,Columbus,140,49795.0,Coastal,54.0,2887.71,Substantial,-78.6550308717,34.2656450828,Substantial
32013,13782,Caldwell,140,81319.0,Northern,170.9,2504.8,High,-81.5464366451,35.9530379334,Substantial
32037,1342,Graham,140,7935.0,Western,27.5,8085.4,High,-83.833581803,35.350171951,High
32072,5227,Person,140,39048.0,Eastern,99.7,1862.8,High,-78.9718051426,36.3900951244,High
32074,2394,Polk,140,19461.0,Western,81.3,1596.5,Substantial,-82.1696779265,35.2792789622,High
32053,9619,Lenoir,140,54323.0,Coastal,138.1,3246.04,Substantial,-77.6412486292,35.2387731611,Substantial
32079,26704,Rowan,140,148565.0,Northern,287.1,2292.8,High,-80.5247717485,35.6394734632,High
32093,1627,Washington,140,10708.0,Coastal,31.8,1746.8,High,-76.5693098876,35.8392646425,Substantial
32066,30347,Onslow,140,207928.0,Coastal,268.4,2191.23,Moderate,-77.4157658244,34.709836363,Moderate
32052,9562,Lee,140,64360.0,Eastern,248.1,1631.1,Substantial,-79.1714836119,35.4751864248,Substantial
32003,3985,Anson,140,22028.0,Central,41.5,2802.1,High,-80.102712026,34.9737894417,Substantial
32043,7679,Haywood,140,62831.0,Western,112.2,3591.8,High,-82.9821729698,35.5560557128,High
32056,2860,Madison,140,21146.0,Western,47.1,1247.6,High,-82.7057582627,35.8580358086,High
32098,6165,Yadkin,140,36925.0,Northern,111.1,1820.8,High,-80.6652439331,36.1605336919,High
32025,47018,Cumberland,140,341793.0,Eastern,512.9,3748.5,High,-78.8275607671,35.048611942,High
32057,3708,Martin,140,21503.0,Coastal,48.3,2717.4,High,-77.109232267,35.843213981,High
32049,5811,Jackson,140,41919.0,Western,87.8,1864.6,High,-83.1408496187,35.2875866253,High
32099,2903,Yancey,140,18320.0,Western,59.1,557.0,High,-82.3076279784,35.8989479924,High
32008,5534,Bladen,140,29171.0,Coastal,33.8,2578.5,Substantial,-78.5636493115,34.6145873342,High
32084,6507,Stokes,140,44422.0,Northern,99.1,2146.85,High,-80.2395157151,36.4019040049,High
32039,3356,Greene,140,19978.0,Coastal,76.7,1640.3,Substantial,-77.6757626742,35.4849957203,Substantial
32058,8753,McDowell,140,44151.0,Western,101.3,2610.9,High,-82.0493124426,35.6816924709,Substantial
32017,28913,Catawba,140,162841.0,Northern,400.2,2802.5,High,-81.2150705598,35.662042354,High
32094,6829,Watauga,140,54804.0,Northern,173.1,1191.8,High,-81.6964250718,36.2311062795,Substantial
32059,160267,Mecklenburg,140,1128426.0,Central,2130.4,3736.1,High,-80.8327311406,35.2467670437,High
32046,7338,Hoke,140,53783.0,Eastern,133.5,2028.14,High,-79.237290715,35.0175290075,High
32018,6892,Chatham,140,77095.0,Eastern,111.9,1456.0,Substantial,-79.2552758614,35.7025721296,Substantial
32063,15463,Nash,140,96101.0,Coastal,175.7,1838.5,Substantial,-77.9864448378,35.9672502839,Substantial
32097,13443,Wilson,140,79078.0,Coastal,214.3,2386.9,High,-77.9186629547,35.7051457145,Substantial
32087,3960,Transylvania,140,32825.0,Western,87.2,978.5,Substantial,-82.7983001279,35.2021778635,Substantial
32085,12778,Surry,140,70573.0,Northern,134.0,1507.5,High,-80.6880779273,36.4148205561,High
32029,6602,Davie,140,43127.0,Northern,162.0,1665.25,High,-80.5444636482,35.929110866,High
32082,5818,Scotland,140,33662.0,Eastern,107.1,3528.0,Substantial,-79.4804292418,34.8408848102,Substantial
32095,17134,Wayne,140,115895.0,Coastal,211.8,2813.0,High,-78.0039971272,35.3639599672,High
32022,18716,Cleveland,140,99332.0,Western,214.4,2001.7,High,-81.5555471412,35.3341018022,High
32031,35711,Durham,140,331347.0,Eastern,1133.7,3966.0,Substantial,-78.8765926949,36.0360299243,Substantial
32032,8054,Edgecombe,140,48604.0,Coastal,96.7,2366.3,Substantial,-77.5970588882,35.912880671,Substantial
32070,9004,Pender,140,62250.0,Coastal,69.1,1461.9,High,-77.8884355846,34.5150997489,High
32021,1695,Clay,140,11238.0,Western,51.6,2288.34,High,-83.7501767115,35.0571811284,Substantial
32007,2522,Bertie,140,17302.0,Coastal,25.7,1594.6,Substantial,-76.9667121404,36.0656302022,Substantial
32038,8118,Granville,140,60720.0,Eastern,114.6,1466.3,High,-78.6527194252,36.3040698262,High
32036,1118,Gates,140,10324.0,Coastal,30.8,750.9,Substantial,-76.7005266521,36.4449435708,Substantial
32034,10140,Franklin,140,70655.0,Eastern,139.4,1314.6,High,-78.2856965824,36.0827733527,High
32076,7245,Richmond,140,43006.0,Eastern,90.7,5508.4,Substantial,-79.7477780226,35.0060483545,High
32048,29663,Iredell,140,192986.0,Northern,325.0,1866.4,High,-80.8734378255,35.8070259189,High
32027,4014,Dare,140,37817.0,Coastal,96.3,1872.9,High,-75.6852333134,35.664936694,High
32045,2882,Hertford,140,20374.0,Coastal,61.0,2281.6,Moderate,-76.9807147831,36.3586360305,Moderate
32086,1997,Swain,140,14046.0,Western,26.8,3517.8,Substantial,-83.4927393736,35.4868150519,High
32011,16015,Burke,140,88398.0,Western,173.0,1836.1,High,-81.7047784739,35.7496106399,High
32067,12085,Orange,140,148331.0,Eastern,374.0,1991.9,Substantial,-79.120649356,36.0611182361,Substantial
32064,29077,New Hanover,140,230423.0,Coastal,1174.0,2612.3,Substantial,-77.865597569,34.1815553357,Substantial
32026,2934,Currituck,140,29385.0,Coastal,107.3,1344.3,High,-75.936949201,36.3672994836,High
32033,52943,Forsyth,140,387703.0,Northern,938.1,4129.5,High,-80.256300016,36.1306195485,High
32089,37332,Union,140,244960.0,Central,376.6,1582.3,High,-80.5307400446,34.9883574887,High
32028,26349,Davidson,140,171752.0,Northern,305.4,1757.8,High,-80.2127487756,35.7933524917,High
32073,30107,Pitt,140,173536.0,Coastal,261.0,2238.9,Substantial,-77.3744965519,35.5932989746,Substantial
32019,4701,Cherokee,140,28738.0,Western,63.2,3613.3,High,-84.063444228,35.1338574515,High
32069,5438,Pasquotank,140,40966.0,Coastal,178.8,2078.8,High,-76.2492413613,36.2650187228,High
32001,6611,Alexander,140,36172.0,Northern,140.2,1440.7,Substantial,-81.1770268506,35.9210263138,High
32005,2824,Avery,140,17347.0,Western,72.0,1003.4,High,-81.9226013745,36.0766050343,Substantial
32047,841,Hyde,140,4595.0,Coastal,7.5,0.0,High,-76.1449651093,35.4081187361,High
32083,11956,Stanly,140,62143.0,Central,158.2,2425.2,High,-80.2509863077,35.3119550622,High
32050,33144,Johnston,140,224833.0,Coastal,272.7,1547.3,High,-78.3657109025,35.5178069265,Substantial
32088,570,Tyrrell,140,3315.0,Coastal,8.3,957.2,High,-76.1704523585,35.8694070017,High
32040,69542,Guilford,140,545484.0,Northern,838.0,3371.1,High,-79.7889042685,36.0794717315,High
32015,8575,Carteret,140,69039.0,Coastal,133.3,1912.1,High,-76.5357430669,34.8612598084,Substantial
32006,7359,Beaufort,140,44150.0,Coastal,53.6,2157.95,Substantial,-76.8453144055,35.486983815,High
32051,1374,Jones,140,9076.0,Coastal,19.5,0.0,Substantial,-77.3551679748,35.0217248029,Substantial
32012,33642,Cabarrus,140,232873.0,Central,625.1,1374.8,High,-80.5518508851,35.3867940405,High
32165,2622,Northampton,141,16953.0,Eastern,32.6,2092.6,Moderate,-77.3968212099,36.4177312434,Substantial
32135,40980,Gaston,141,233387.0,Central,640.7,2912.4,High,-81.1802416273,35.2943489527,High
32166,30361,Onslow,141,207928.0,Coastal,268.4,2191.23,Moderate,-77.4157658244,34.709836363,Substantial
32170,9021,Pender,141,62250.0,Coastal,69.1,1461.9,High,-77.8884355846,34.5150997489,High
32150,33226,Johnston,141,224833.0,Coastal,272.7,1547.3,High,-78.3657109025,35.5178069265,High
32183,11992,Stanly,141,62143.0,Central,158.2,2425.2,High,-80.2509863077,35.3119550622,High
32104,3527,Ashe,141,26506.0,Northern,62.3,1123.1,High,-81.5005211955,36.434424701,High
32105,2831,Avery,141,17347.0,Western,72.0,1003.4,High,-81.9226013745,36.0766050343,High
32113,13804,Caldwell,141,81319.0,Northern,170.9,2504.8,High,-81.5464366451,35.9530379334,Substantial
32118,6900,Chatham,141,77095.0,Eastern,111.9,1456.0,Substantial,-79.2552758614,35.7025721296,High
32126,2942,Currituck,141,29385.0,Coastal,107.3,1344.3,High,-75.936949201,36.3672994836,High
32197,13459,Wilson,141,79078.0,Coastal,214.3,2386.9,High,-77.9186629547,35.7051457145,Substantial
32190,6986,Vance,141,41665.0,Eastern,168.7,3584.5,High,-78.4079288849,36.3649169333,High
32161,4632,Montgomery,141,25485.0,Eastern,52.4,2480.1,High,-79.9054790812,35.332466935,High
32184,6529,Stokes,141,44422.0,Northern,99.1,2146.85,High,-80.2395157151,36.4019040049,High
32173,30147,Pitt,141,173536.0,Coastal,261.0,2238.9,High,-77.3744965519,35.5932989746,High
32188,570,Tyrrell,141,3315.0,Coastal,8.3,957.2,High,-76.1704523585,35.8694070017,High
32138,8130,Granville,141,60720.0,Eastern,114.6,1466.3,High,-78.6527194252,36.3040698262,High
32102,1713,Alleghany,141,11057.0,Northern,46.4,697.2,High,-81.1278593427,36.4912704378,High
32149,5820,Jackson,141,41919.0,Western,87.8,1864.6,High,-83.1408496187,35.2875866253,High
32137,1342,Graham,141,7935.0,Western,27.5,8085.4,High,-83.833581803,35.350171951,High
32124,14452,Craven,141,102568.0,Coastal,142.5,2112.3,Substantial,-77.082003837,35.117685821,Substantial
32160,2121,Mitchell,141,14783.0,Western,67.4,458.42,High,-82.1635815487,36.0132038869,High
32199,2916,Yancey,141,18320.0,Western,59.1,557.0,High,-82.3076279784,35.8989479924,High
32127,4021,Dare,141,37817.0,Coastal,96.3,1872.9,High,-75.6852333134,35.664936694,High
32115,8619,Carteret,141,69039.0,Coastal,133.3,1912.1,High,-76.5357430669,34.8612598084,High
32147,844,Hyde,141,4595.0,Coastal,7.5,0.0,High,-76.1449651093,35.4081187361,High
32196,10890,Wilkes,141,65151.0,Northern,87.5,1887.3,High,-81.1633856618,36.2062757623,High
32142,18851,Harnett,141,134986.0,Eastern,224.5,2172.6,Substantial,-78.8694125204,35.3686291614,High
32112,33705,Cabarrus,141,232873.0,Central,625.1,1374.8,High,-80.5518508851,35.3867940405,High
32141,8027,Halifax,141,47859.0,Coastal,67.2,2754.7,Substantial,-77.6517329831,36.2574485453,Substantial
32123,10220,Columbus,141,49795.0,Coastal,54.0,2887.71,High,-78.6550308717,34.2656450828,High
32191,134249,Wake,141,1154170.0,Eastern,1353.3,1846.0,High,-78.6503081729,35.7902443741,Error
32175,22357,Randolph,141,143325.0,Northern,184.3,1615.5,High,-79.8060069064,35.7103417044,High
32164,29106,New Hanover,141,230423.0,Coastal,1174.0,2612.3,Substantial,-77.865597569,34.1815553357,Substantial
32120,2345,Chowan,141,13646.0,Coastal,79.4,1402.6,High,-76.6021303656,36.1265615389,High
32100,27027,Alamance,141,175029.0,Northern,404.8,3065.6,High,-79.3994248175,36.0437098766,High
32193,1629,Washington,141,10708.0,Coastal,31.8,1746.8,High,-76.5693098876,35.8392646425,High
32169,5451,Pasquotank,141,40966.0,Coastal,178.8,2078.8,High,-76.2492413613,36.2650187228,High
32103,3989,Anson,141,22028.0,Central,41.5,2802.1,High,-80.102712026,34.9737894417,High
32140,69636,Guilford,141,545484.0,Northern,838.0,3371.1,High,-79.7889042685,36.0794717315,High
32106,7368,Beaufort,141,44150.0,Coastal,53.6,2157.95,Substantial,-76.8453144055,35.486983815,High
32186,1999,Swain,141,14046.0,Western,26.8,3517.8,Substantial,-83.4927393736,35.4868150519,High
32145,2883,Hertford,141,20374.0,Coastal,61.0,2281.6,Moderate,-76.9807147831,36.3586360305,Moderate
32178,12646,Rockingham,141,90457.0,Northern,161.0,2130.4,High,-79.7749871967,36.3960127906,High
32136,1119,Gates,141,10324.0,Coastal,30.8,750.9,Substantial,-76.7005266521,36.4449435708,Substantial
32179,26733,Rowan,141,148565.0,Northern,287.1,2292.8,High,-80.5247717485,35.6394734632,High
32107,2527,Bertie,141,17302.0,Coastal,25.7,1594.6,High,-76.9667121404,36.0656302022,Substantial
32121,1695,Clay,141,11238.0,Western,51.6,2288.34,High,-83.7501767115,35.0571811284,Substantial
32132,8074,Edgecombe,141,48604.0,Coastal,96.7,2366.3,High,-77.5970588882,35.912880671,High
32172,5237,Person,141,39048.0,Eastern,99.7,1862.8,High,-78.9718051426,36.3900951244,High
32128,26390,Davidson,141,171752.0,Northern,305.4,1757.8,High,-80.2127487756,35.7933524917,High
32130,10101,Duplin,141,48249.0,Coastal,59.8,2911.6,High,-77.9330277459,34.9365348363,High
32131,35807,Durham,141,331347.0,Eastern,1133.7,3966.0,High,-78.8765926949,36.0360299243,Substantial
32187,3964,Transylvania,141,32825.0,Western,87.2,978.5,Substantial,-82.7983001279,35.2021778635,High
32180,11671,Rutherford,141,63870.0,Western,114.0,2009.9,High,-81.9198334642,35.4025956291,High
32185,12815,Surry,141,70573.0,Northern,134.0,1507.5,High,-80.6880779273,36.4148205561,High
32154,15478,Lincoln,141,88742.0,Central,293.4,1745.2,High,-81.2235326264,35.4855950234,High
32163,15478,Nash,141,96101.0,Coastal,175.7,1838.5,Substantial,-77.9864448378,35.9672502839,High
32177,25305,Robeson,141,115899.0,Coastal,123.0,5137.4,Substantial,-79.1038649277,34.6402420514,High
32146,7354,Hoke,141,53783.0,Eastern,133.5,2028.14,High,-79.237290715,35.0175290075,High
32194,6837,Watauga,141,54804.0,Northern,173.1,1191.8,High,-81.6964250718,36.2311062795,High
32117,28938,Catawba,141,162841.0,Northern,400.2,2802.5,High,-81.2150705598,35.662042354,High
32155,5092,Macon,141,37041.0,Western,71.8,2077.4,High,-83.4221767088,35.1504672096,Substantial
32148,29732,Iredell,141,192986.0,Northern,325.0,1866.4,High,-80.8734378255,35.8070259189,High
32167,12103,Orange,141,148331.0,Eastern,374.0,1991.9,Substantial,-79.120649356,36.0611182361,Substantial
32110,29179,Buncombe,141,271638.0,Western,410.4,3012.8,High,-82.5301070587,35.611177887,High
32111,16032,Burke,141,88398.0,Western,173.0,1836.1,High,-81.7047784739,35.7496106399,High
32116,3263,Caswell,141,22400.0,Eastern,53.5,317.5,High,-79.3335234769,36.3932742158,High
32151,1373,Jones,141,9076.0,Coastal,19.5,0.0,Substantial,-77.3551679748,35.0217248029,Substantial
32144,15699,Henderson,141,117429.0,Western,311.8,2039.7,High,-82.4799463782,35.3362263031,High
32189,37414,Union,141,244960.0,Central,376.6,1582.3,High,-80.5307400446,34.9883574887,High
32125,47077,Cumberland,141,341793.0,Eastern,512.9,3748.5,High,-78.8275607671,35.048611942,High
32134,10156,Franklin,141,70655.0,Eastern,139.4,1314.6,High,-78.2856965824,36.0827733527,High
32181,11464,Sampson,141,58371.0,Coastal,62.4,2241.9,Substantial,-78.3713906105,34.9915361594,High
32122,18738,Cleveland,141,99332.0,Western,214.4,2001.7,High,-81.5555471412,35.3341018022,High
32114,1195,Camden,141,10537.0,Coastal,43.1,793.0,High,-76.1609504039,36.3411216216,High
32108,5537,Bladen,141,29171.0,Coastal,33.8,2578.5,Substantial,-78.5636493115,34.6145873342,High
32182,5823,Scotland,141,33662.0,Eastern,107.1,3528.0,Substantial,-79.4804292418,34.8408848102,Substantial
32109,16643,Brunswick,141,144821.0,Coastal,160.8,1537.1,High,-78.2274071617,34.0388755841,High
32101,6645,Alexander,141,36172.0,Northern,140.2,1440.7,High,-81.1770268506,35.9210263138,High
32171,1638,Perquimans,141,13049.0,Coastal,52.6,684.8,High,-76.4076199893,36.1772228503,High
32162,13875,Moore,141,102966.0,Eastern,142.9,1617.3,Substantial,-79.4813744392,35.3106538555,High
32176,7261,Richmond,141,43006.0,Eastern,90.7,5508.4,High,-79.7477780226,35.0060483545,High
32152,9566,Lee,141,64360.0,Eastern,248.1,1631.1,Substantial,-79.1714836119,35.4751864248,Substantial
32195,17202,Wayne,141,115895.0,Coastal,211.8,2813.0,High,-78.0039971272,35.3639599672,High
32143,7699,Haywood,141,62831.0,Western,112.2,3591.8,High,-82.9821729698,35.5560557128,High
32119,4707,Cherokee,141,28738.0,Western,63.2,3613.3,High,-84.063444228,35.1338574515,High
32168,1746,Pamlico,141,12215.0,Coastal,36.5,2321.5,Substantial,-76.6694598427,35.151021226,Substantial
32129,6611,Davie,141,43127.0,Northern,162.0,1665.25,High,-80.5444636482,35.929110866,High
32139,3359,Greene,141,19978.0,Coastal,76.7,1640.3,Substantial,-77.6757626742,35.4849957203,High
32198,6174,Yadkin,141,36925.0,Northern,111.1,1820.8,High,-80.6652439331,36.1605336919,High
32156,2871,Madison,141,21146.0,Western,47.1,1247.6,High,-82.7057582627,35.8580358086,High
32133,53064,Forsyth,141,387703.0,Northern,938.1,4129.5,High,-80.256300016,36.1306195485,High
32174,2400,Polk,141,19461.0,Western,81.3,1596.5,High,-82.1696779265,35.2792789622,High
32153,9620,Lenoir,141,54323.0,Coastal,138.1,3246.04,Substantial,-77.6412486292,35.2387731611,High
32192,2443,Warren,141,18621.0,Eastern,43.4,2235.0,High,-78.1067171324,36.3965102811,High
32158,8775,McDowell,141,44151.0,Western,101.3,2610.9,High,-82.0493124426,35.6816924709,Substantial
32157,3716,Martin,141,21503.0,Coastal,48.3,2717.4,High,-77.109232267,35.843213981,High
32159,160433,Mecklenburg,141,1128426.0,Central,2130.4,3736.1,High,-80.8327311406,35.2467670437,High
32235,41057,Gaston,142,233387.0,Central,640.7,2912.4,High,-81.1802416273,35.2943489527,High
32232,8084,Edgecombe,142,48604.0,Coastal,96.7,2366.3,High,-77.5970588882,35.912880671,High
32272,5245,Person,142,39048.0,Eastern,99.7,1862.8,High,-78.9718051426,36.3900951244,High
32255,5096,Macon,142,37041.0,Western,71.8,2077.4,High,-83.4221767088,35.1504672096,Substantial
32276,7267,Richmond,142,43006.0,Eastern,90.7,5508.4,Substantial,-79.7477780226,35.0060483545,High
32258,8791,McDowell,142,44151.0,Western,101.3,2610.9,High,-82.0493124426,35.6816924709,High
32246,7370,Hoke,142,53783.0,Eastern,133.5,2028.14,High,-79.237290715,35.0175290075,High
32287,3969,Transylvania,142,32825.0,Western,87.2,978.5,Substantial,-82.7983001279,35.2021778635,High
32201,6655,Alexander,142,36172.0,Northern,140.2,1440.7,High,-81.1770268506,35.9210263138,High
32252,9570,Lee,142,64360.0,Eastern,248.1,1631.1,Substantial,-79.1714836119,35.4751864248,High
32207,2530,Bertie,142,17302.0,Coastal,25.7,1594.6,High,-76.9667121404,36.0656302022,High
32262,13883,Moore,142,102966.0,Eastern,142.9,1617.3,Substantial,-79.4813744392,35.3106538555,High
32222,18755,Cleveland,142,99332.0,Western,214.4,2001.7,High,-81.5555471412,35.3341018022,High
32241,8029,Halifax,142,47859.0,Coastal,67.2,2754.7,Substantial,-77.6517329831,36.2574485453,Substantial
32279,26769,Rowan,142,148565.0,Northern,287.1,2292.8,High,-80.5247717485,35.6394734632,High
32223,10231,Columbus,142,49795.0,Coastal,54.0,2887.71,Substantial,-78.6550308717,34.2656450828,High
32245,2885,Hertford,142,20374.0,Coastal,61.0,2281.6,Moderate,-76.9807147831,36.3586360305,Substantial
32243,7712,Haywood,142,62831.0,Western,112.2,3591.8,High,-82.9821729698,35.5560557128,High
32238,8148,Granville,142,60720.0,Eastern,114.6,1466.3,Substantial,-78.6527194252,36.3040698262,High
32215,8627,Carteret,142,69039.0,Coastal,133.3,1912.1,High,-76.5357430669,34.8612598084,High
32228,26438,Davidson,142,171752.0,Northern,305.4,1757.8,High,-80.2127487756,35.7933524917,High
32247,849,Hyde,142,4595.0,Coastal,7.5,0.0,High,-76.1449651093,35.4081187361,High
32230,10116,Duplin,142,48249.0,Coastal,59.8,2911.6,High,-77.9330277459,34.9365348363,High
32233,53169,Forsyth,142,387703.0,Northern,938.1,4129.5,High,-80.256300016,36.1306195485,High
32242,18875,Harnett,142,134986.0,Eastern,224.5,2172.6,Substantial,-78.8694125204,35.3686291614,High
32239,3364,Greene,142,19978.0,Coastal,76.7,1640.3,Substantial,-77.6757626742,35.4849957203,High
32291,134471,Wake,142,1154170.0,Eastern,1353.3,1846.0,High,-78.6503081729,35.7902443741,Low
32263,15499,Nash,142,96101.0,Coastal,175.7,1838.5,Substantial,-77.9864448378,35.9672502839,High
32229,6630,Davie,142,43127.0,Northern,162.0,1665.25,High,-80.5444636482,35.929110866,High
32231,35807,Durham,142,331347.0,Eastern,1133.7,3966.0,Substantial,-78.8765926949,36.0360299243,High
32277,25328,Robeson,142,115899.0,Coastal,123.0,5137.4,Substantial,-79.1038649277,34.6402420514,High
32227,4029,Dare,142,37817.0,Coastal,96.3,1872.9,High,-75.6852333134,35.664936694,High
32216,3270,Caswell,142,22400.0,Eastern,53.5,317.5,High,-79.3335234769,36.3932742158,High
32285,12850,Surry,142,70573.0,Northern,134.0,1507.5,High,-80.6880779273,36.4148205561,High
32296,10914,Wilkes,142,65151.0,Northern,87.5,1887.3,High,-81.1633856618,36.2062757623,High
32236,1124,Gates,142,10324.0,Coastal,30.8,750.9,High,-76.7005266521,36.4449435708,Substantial
32298,6193,Yadkin,142,36925.0,Northern,111.1,1820.8,High,-80.6652439331,36.1605336919,High
32254,15520,Lincoln,142,88742.0,Central,293.4,1745.2,High,-81.2235326264,35.4855950234,High
32267,12119,Orange,142,148331.0,Eastern,374.0,1991.9,Substantial,-79.120649356,36.0611182361,High
32281,11479,Sampson,142,58371.0,Coastal,62.4,2241.9,Substantial,-78.3713906105,34.9915361594,High
32294,6845,Watauga,142,54804.0,Northern,173.1,1191.8,High,-81.6964250718,36.2311062795,High
32248,29791,Iredell,142,192986.0,Northern,325.0,1866.4,High,-80.8734378255,35.8070259189,High
32278,12680,Rockingham,142,90457.0,Northern,161.0,2130.4,High,-79.7749871967,36.3960127906,High
32251,1377,Jones,142,9076.0,Coastal,19.5,0.0,Substantial,-77.3551679748,35.0217248029,Substantial
32260,2126,Mitchell,142,14783.0,Western,67.4,458.42,High,-82.1635815487,36.0132038869,High
32282,5824,Scotland,142,33662.0,Eastern,107.1,3528.0,Substantial,-79.4804292418,34.8408848102,High
32268,1746,Pamlico,142,12215.0,Coastal,36.5,2321.5,Substantial,-76.6694598427,35.151021226,Substantial
32217,28999,Catawba,142,162841.0,Northern,400.2,2802.5,High,-81.2150705598,35.662042354,High
32292,2443,Warren,142,18621.0,Eastern,43.4,2235.0,Substantial,-78.1067171324,36.3965102811,High
32212,33763,Cabarrus,142,232873.0,Central,625.1,1374.8,High,-80.5518508851,35.3867940405,High
32295,17242,Wayne,142,115895.0,Coastal,211.8,2813.0,High,-78.0039971272,35.3639599672,High
32273,30195,Pitt,142,173536.0,Coastal,261.0,2238.9,Substantial,-77.3744965519,35.5932989746,High
32259,160678,Mecklenburg,142,1128426.0,Central,2130.4,3736.1,High,-80.8327311406,35.2467670437,High
32257,3725,Martin,142,21503.0,Coastal,48.3,2717.4,High,-77.109232267,35.843213981,High
32220,2346,Chowan,142,13646.0,Coastal,79.4,1402.6,Substantial,-76.6021303656,36.1265615389,High
32211,16040,Burke,142,88398.0,Western,173.0,1836.1,High,-81.7047784739,35.7496106399,High
32289,37486,Union,142,244960.0,Central,376.6,1582.3,High,-80.5307400446,34.9883574887,High
32284,6544,Stokes,142,44422.0,Northern,99.1,2146.85,High,-80.2395157151,36.4019040049,High
32200,27064,Alamance,142,175029.0,Northern,404.8,3065.6,High,-79.3994248175,36.0437098766,High
32225,47140,Cumberland,142,341793.0,Eastern,512.9,3748.5,Substantial,-78.8275607671,35.048611942,High
32224,14490,Craven,142,102568.0,Coastal,142.5,2112.3,Substantial,-77.082003837,35.117685821,High
32264,29135,New Hanover,142,230423.0,Coastal,1174.0,2612.3,Substantial,-77.865597569,34.1815553357,Substantial
32226,2955,Currituck,142,29385.0,Coastal,107.3,1344.3,High,-75.936949201,36.3672994836,High
32293,1629,Washington,142,10708.0,Coastal,31.8,1746.8,High,-76.5693098876,35.8392646425,High
32204,3534,Ashe,142,26506.0,Northern,62.3,1123.1,High,-81.5005211955,36.434424701,High
32202,1719,Alleghany,142,11057.0,Northern,46.4,697.2,High,-81.1278593427,36.4912704378,High
32213,13840,Caldwell,142,81319.0,Northern,170.9,2504.8,High,-81.5464366451,35.9530379334,High
32240,69744,Guilford,142,545484.0,Northern,838.0,3371.1,High,-79.7889042685,36.0794717315,High
32249,5824,Jackson,142,41919.0,Western,87.8,1864.6,High,-83.1408496187,35.2875866253,High
32290,7000,Vance,142,41665.0,Eastern,168.7,3584.5,High,-78.4079288849,36.3649169333,High
32203,3990,Anson,142,22028.0,Central,41.5,2802.1,High,-80.102712026,34.9737894417,High
32288,570,Tyrrell,142,3315.0,Coastal,8.3,957.2,High,-76.1704523585,35.8694070017,High
32244,15737,Henderson,142,117429.0,Western,311.8,2039.7,High,-82.4799463782,35.3362263031,High
32269,5459,Pasquotank,142,40966.0,Coastal,178.8,2078.8,High,-76.2492413613,36.2650187228,High
32209,16661,Brunswick,142,144821.0,Coastal,160.8,1537.1,Substantial,-78.2274071617,34.0388755841,High
32297,13475,Wilson,142,79078.0,Coastal,214.3,2386.9,High,-77.9186629547,35.7051457145,High
32261,4640,Montgomery,142,25485.0,Eastern,52.4,2480.1,Substantial,-79.9054790812,35.332466935,High
32206,7376,Beaufort,142,44150.0,Coastal,53.6,2157.95,Substantial,-76.8453144055,35.486983815,High
32280,11678,Rutherford,142,63870.0,Western,114.0,2009.9,Substantial,-81.9198334642,35.4025956291,High
32250,33271,Johnston,142,224833.0,Coastal,272.7,1547.3,High,-78.3657109025,35.5178069265,High
32265,2623,Northampton,142,16953.0,Eastern,32.6,2092.6,Moderate,-77.3968212099,36.4177312434,Substantial
32299,2932,Yancey,142,18320.0,Western,59.1,557.0,High,-82.3076279784,35.8989479924,High
32270,9027,Pender,142,62250.0,Coastal,69.1,1461.9,High,-77.8884355846,34.5150997489,High
32275,22393,Randolph,142,143325.0,Northern,184.3,1615.5,High,-79.8060069064,35.7103417044,High
32256,2877,Madison,142,21146.0,Western,47.1,1247.6,High,-82.7057582627,35.8580358086,High
32253,9628,Lenoir,142,54323.0,Coastal,138.1,3246.04,Substantial,-77.6412486292,35.2387731611,High
32208,5547,Bladen,142,29171.0,Coastal,33.8,2578.5,Substantial,-78.5636493115,34.6145873342,High
32221,1695,Clay,142,11238.0,Western,51.6,2288.34,High,-83.7501767115,35.0571811284,High
32214,1198,Camden,142,10537.0,Coastal,43.1,793.0,High,-76.1609504039,36.3411216216,High
32219,4714,Cherokee,142,28738.0,Western,63.2,3613.3,High,-84.063444228,35.1338574515,High
32283,12011,Stanly,142,62143.0,Central,158.2,2425.2,High,-80.2509863077,35.3119550622,High
32274,2402,Polk,142,19461.0,Western,81.3,1596.5,High,-82.1696779265,35.2792789622,High
32266,30391,Onslow,142,207928.0,Coastal,268.4,2191.23,Moderate,-77.4157658244,34.709836363,Substantial
32218,6914,Chatham,142,77095.0,Eastern,111.9,1456.0,Substantial,-79.2552758614,35.7025721296,High
32210,29253,Buncombe,142,271638.0,Western,410.4,3012.8,High,-82.5301070587,35.611177887,High
32286,2001,Swain,142,14046.0,Western,26.8,3517.8,Moderate,-83.4927393736,35.4868150519,High
32205,2840,Avery,142,17347.0,Western,72.0,1003.4,High,-81.9226013745,36.0766050343,High
32271,1641,Perquimans,142,13049.0,Coastal,52.6,684.8,High,-76.4076199893,36.1772228503,High
32237,1343,Graham,142,7935.0,Western,27.5,8085.4,Substantial,-83.833581803,35.350171951,High
32234,10170,Franklin,142,70655.0,Eastern,139.4,1314.6,High,-78.2856965824,36.0827733527,High
32369,5459,Pasquotank,143,40966.0,Coastal,178.8,2078.8,High,-76.2492413613,36.2650187228,High
32378,12680,Rockingham,143,90457.0,Northern,161.0,2130.4,High,-79.7749871967,36.3960127906,High
32306,7376,Beaufort,143,44150.0,Coastal,53.6,2157.95,Substantial,-76.8453144055,35.486983815,High
32313,13840,Caldwell,143,81319.0,Northern,170.9,2504.8,High,-81.5464366451,35.9530379334,High
32389,37486,Union,143,244960.0,Central,376.6,1582.3,High,-80.5307400446,34.9883574887,High
32344,15737,Henderson,143,117429.0,Western,311.8,2039.7,High,-82.4799463782,35.3362263031,High
32398,6193,Yadkin,143,36925.0,Northern,111.1,1820.8,High,-80.6652439331,36.1605336919,High
32336,1124,Gates,143,10324.0,Coastal,30.8,750.9,High,-76.7005266521,36.4449435708,Substantial
32364,29135,New Hanover,143,230423.0,Coastal,1174.0,2612.3,Substantial,-77.865597569,34.1815553357,Substantial
32392,2443,Warren,143,18621.0,Eastern,43.4,2235.0,Substantial,-78.1067171324,36.3965102811,High
32335,41057,Gaston,143,233387.0,Central,640.7,2912.4,High,-81.1802416273,35.2943489527,High
32315,8627,Carteret,143,69039.0,Coastal,133.3,1912.1,High,-76.5357430669,34.8612598084,High
32362,13883,Moore,143,102966.0,Eastern,142.9,1617.3,Substantial,-79.4813744392,35.3106538555,High
32357,3725,Martin,143,21503.0,Coastal,48.3,2717.4,High,-77.109232267,35.843213981,High
32323,10231,Columbus,143,49795.0,Coastal,54.0,2887.71,Substantial,-78.6550308717,34.2656450828,High
32341,8029,Halifax,143,47859.0,Coastal,67.2,2754.7,Substantial,-77.6517329831,36.2574485453,Substantial
32375,22393,Randolph,143,143325.0,Northern,184.3,1615.5,High,-79.8060069064,35.7103417044,High
32300,27064,Alamance,143,175029.0,Northern,404.8,3065.6,High,-79.3994248175,36.0437098766,High
32396,10914,Wilkes,143,65151.0,Northern,87.5,1887.3,High,-81.1633856618,36.2062757623,High
32371,1641,Perquimans,143,13049.0,Coastal,52.6,684.8,High,-76.4076199893,36.1772228503,High
32391,134471,Wake,143,1154170.0,Eastern,1353.3,1846.0,High,-78.6503081729,35.7902443741,Low
32386,2001,Swain,143,14046.0,Western,26.8,3517.8,Moderate,-83.4927393736,35.4868150519,High
32351,1377,Jones,143,9076.0,Coastal,19.5,0.0,Substantial,-77.3551679748,35.0217248029,Substantial
32325,47140,Cumberland,143,341793.0,Eastern,512.9,3748.5,Substantial,-78.8275607671,35.048611942,High
32320,2346,Chowan,143,13646.0,Coastal,79.4,1402.6,Substantial,-76.6021303656,36.1265615389,High
32347,849,Hyde,143,4595.0,Coastal,7.5,0.0,High,-76.1449651093,35.4081187361,High
32312,33763,Cabarrus,143,232873.0,Central,625.1,1374.8,High,-80.5518508851,35.3867940405,High
32340,69744,Guilford,143,545484.0,Northern,838.0,3371.1,High,-79.7889042685,36.0794717315,High
32393,1629,Washington,143,10708.0,Coastal,31.8,1746.8,High,-76.5693098876,35.8392646425,High
32327,4029,Dare,143,37817.0,Coastal,96.3,1872.9,High,-75.6852333134,35.664936694,High
32311,16040,Burke,143,88398.0,Western,173.0,1836.1,High,-81.7047784739,35.7496106399,High
32303,3990,Anson,143,22028.0,Central,41.5,2802.1,High,-80.102712026,34.9737894417,High
32301,6655,Alexander,143,36172.0,Northern,140.2,1440.7,High,-81.1770268506,35.9210263138,High
32387,3969,Transylvania,143,32825.0,Western,87.2,978.5,Substantial,-82.7983001279,35.2021778635,High
32350,33271,Johnston,143,224833.0,Coastal,272.7,1547.3,High,-78.3657109025,35.5178069265,High
32365,2623,Northampton,143,16953.0,Eastern,32.6,2092.6,Moderate,-77.3968212099,36.4177312434,Substantial
32309,16661,Brunswick,143,144821.0,Coastal,160.8,1537.1,Substantial,-78.2274071617,34.0388755841,High
32384,6544,Stokes,143,44422.0,Northern,99.1,2146.85,High,-80.2395157151,36.4019040049,High
32366,30391,Onslow,143,207928.0,Coastal,268.4,2191.23,Moderate,-77.4157658244,34.709836363,Substantial
32361,4640,Montgomery,143,25485.0,Eastern,52.4,2480.1,Substantial,-79.9054790812,35.332466935,High
32308,5547,Bladen,143,29171.0,Coastal,33.8,2578.5,Substantial,-78.5636493115,34.6145873342,High
32334,10170,Franklin,143,70655.0,Eastern,139.4,1314.6,High,-78.2856965824,36.0827733527,High
32397,13475,Wilson,143,79078.0,Coastal,214.3,2386.9,High,-77.9186629547,35.7051457145,High
32318,6914,Chatham,143,77095.0,Eastern,111.9,1456.0,Substantial,-79.2552758614,35.7025721296,High
32339,3364,Greene,143,19978.0,Coastal,76.7,1640.3,Substantial,-77.6757626742,35.4849957203,High
32337,1343,Graham,143,7935.0,Western,27.5,8085.4,Substantial,-83.833581803,35.350171951,High
32314,1198,Camden,143,10537.0,Coastal,43.1,793.0,High,-76.1609504039,36.3411216216,High
32370,9027,Pender,143,62250.0,Coastal,69.1,1461.9,High,-77.8884355846,34.5150997489,High
32395,17242,Wayne,143,115895.0,Coastal,211.8,2813.0,High,-78.0039971272,35.3639599672,High
32358,8791,McDowell,143,44151.0,Western,101.3,2610.9,High,-82.0493124426,35.6816924709,High
32321,1695,Clay,143,11238.0,Western,51.6,2288.34,High,-83.7501767115,35.0571811284,High
32373,30195,Pitt,143,173536.0,Coastal,261.0,2238.9,Substantial,-77.3744965519,35.5932989746,High
32374,2402,Polk,143,19461.0,Western,81.3,1596.5,High,-82.1696779265,35.2792789622,High
32304,3534,Ashe,143,26506.0,Northern,62.3,1123.1,High,-81.5005211955,36.434424701,High
32380,11678,Rutherford,143,63870.0,Western,114.0,2009.9,Substantial,-81.9198334642,35.4025956291,High
32353,9628,Lenoir,143,54323.0,Coastal,138.1,3246.04,Substantial,-77.6412486292,35.2387731611,High
32305,2840,Avery,143,17347.0,Western,72.0,1003.4,High,-81.9226013745,36.0766050343,High
32383,12011,Stanly,143,62143.0,Central,158.2,2425.2,High,-80.2509863077,35.3119550622,High
32359,160678,Mecklenburg,143,1128426.0,Central,2130.4,3736.1,High,-80.8327311406,35.2467670437,High
32367,12119,Orange,143,148331.0,Eastern,374.0,1991.9,Substantial,-79.120649356,36.0611182361,High
32326,2955,Currituck,143,29385.0,Coastal,107.3,1344.3,High,-75.936949201,36.3672994836,High
32317,28999,Catawba,143,162841.0,Northern,400.2,2802.5,High,-81.2150705598,35.662042354,High
32390,7000,Vance,143,41665.0,Eastern,168.7,3584.5,High,-78.4079288849,36.3649169333,High
32349,5824,Jackson,143,41919.0,Western,87.8,1864.6,High,-83.1408496187,35.2875866253,High
32388,570,Tyrrell,143,3315.0,Coastal,8.3,957.2,High,-76.1704523585,35.8694070017,High
32356,2877,Madison,143,21146.0,Western,47.1,1247.6,High,-82.7057582627,35.8580358086,High
32319,4714,Cherokee,143,28738.0,Western,63.2,3613.3,High,-84.063444228,35.1338574515,High
32302,1719,Alleghany,143,11057.0,Northern,46.4,697.2,High,-81.1278593427,36.4912704378,High
32324,14490,Craven,143,102568.0,Coastal,142.5,2112.3,Substantial,-77.082003837,35.117685821,High
32338,8148,Granville,143,60720.0,Eastern,114.6,1466.3,Substantial,-78.6527194252,36.3040698262,High
32345,2885,Hertford,143,20374.0,Coastal,61.0,2281.6,Moderate,-76.9807147831,36.3586360305,Substantial
32381,11479,Sampson,143,58371.0,Coastal,62.4,2241.9,Substantial,-78.3713906105,34.9915361594,High
32399,2932,Yancey,143,18320.0,Western,59.1,557.0,High,-82.3076279784,35.8989479924,High
32331,35807,Durham,143,331347.0,Eastern,1133.7,3966.0,Substantial,-78.8765926949,36.0360299243,High
32354,15520,Lincoln,143,88742.0,Central,293.4,1745.2,High,-81.2235326264,35.4855950234,High
32329,6630,Davie,143,43127.0,Northern,162.0,1665.25,High,-80.5444636482,35.929110866,High
32360,2126,Mitchell,143,14783.0,Western,67.4,458.42,High,-82.1635815487,36.0132038869,High
32343,7712,Haywood,143,62831.0,Western,112.2,3591.8,High,-82.9821729698,35.5560557128,High
32348,29791,Iredell,143,192986.0,Northern,325.0,1866.4,High,-80.8734378255,35.8070259189,High
32330,10116,Duplin,143,48249.0,Coastal,59.8,2911.6,High,-77.9330277459,34.9365348363,High
32382,5824,Scotland,143,33662.0,Eastern,107.1,3528.0,Substantial,-79.4804292418,34.8408848102,High
32363,15499,Nash,143,96101.0,Coastal,175.7,1838.5,Substantial,-77.9864448378,35.9672502839,High
32342,18875,Harnett,143,134986.0,Eastern,224.5,2172.6,Substantial,-78.8694125204,35.3686291614,High
32333,53169,Forsyth,143,387703.0,Northern,938.1,4129.5,High,-80.256300016,36.1306195485,High
32310,29253,Buncombe,143,271638.0,Western,410.4,3012.8,High,-82.5301070587,35.611177887,High
32377,25328,Robeson,143,115899.0,Coastal,123.0,5137.4,Substantial,-79.1038649277,34.6402420514,High
32316,3270,Caswell,143,22400.0,Eastern,53.5,317.5,High,-79.3335234769,36.3932742158,High
32385,12850,Surry,143,70573.0,Northern,134.0,1507.5,High,-80.6880779273,36.4148205561,High
32372,5245,Person,143,39048.0,Eastern,99.7,1862.8,High,-78.9718051426,36.3900951244,High
32376,7267,Richmond,143,43006.0,Eastern,90.7,5508.4,Substantial,-79.7477780226,35.0060483545,High
32332,8084,Edgecombe,143,48604.0,Coastal,96.7,2366.3,High,-77.5970588882,35.912880671,High
32352,9570,Lee,143,64360.0,Eastern,248.1,1631.1,Substantial,-79.1714836119,35.4751864248,High
32307,2530,Bertie,143,17302.0,Coastal,25.7,1594.6,High,-76.9667121404,36.0656302022,High
32322,18755,Cleveland,143,99332.0,Western,214.4,2001.7,High,-81.5555471412,35.3341018022,High
32346,7370,Hoke,143,53783.0,Eastern,133.5,2028.14,High,-79.237290715,35.0175290075,High
32368,1746,Pamlico,143,12215.0,Coastal,36.5,2321.5,Substantial,-76.6694598427,35.151021226,Substantial
32394,6845,Watauga,143,54804.0,Northern,173.1,1191.8,High,-81.6964250718,36.2311062795,High
32355,5096,Macon,143,37041.0,Western,71.8,2077.4,High,-83.4221767088,35.1504672096,Substantial
32379,26769,Rowan,143,148565.0,Northern,287.1,2292.8,High,-80.5247717485,35.6394734632,High
32328,26438,Davidson,143,171752.0,Northern,305.4,1757.8,High,-80.2127487756,35.7933524917,High
32431,35807,Durham,144,331347.0,Eastern,1133.7,3966.0,Substantial,-78.8765926949,36.0360299243,High
32477,25328,Robeson,144,115899.0,Coastal,123.0,5137.4,Substantial,-79.1038649277,34.6402420514,High
32467,12119,Orange,144,148331.0,Eastern,374.0,1991.9,Substantial,-79.120649356,36.0611182361,High
32400,27064,Alamance,144,175029.0,Northern,404.8,3065.6,High,-79.3994248175,36.0437098766,High
32473,30195,Pitt,144,173536.0,Coastal,261.0,2238.9,Substantial,-77.3744965519,35.5932989746,High
32460,2126,Mitchell,144,14783.0,Western,67.4,458.42,High,-82.1635815487,36.0132038869,High
32434,10170,Franklin,144,70655.0,Eastern,139.4,1314.6,High,-78.2856965824,36.0827733527,High
32456,2877,Madison,144,21146.0,Western,47.1,1247.6,High,-82.7057582627,35.8580358086,High
32466,30391,Onslow,144,207928.0,Coastal,268.4,2191.23,Moderate,-77.4157658244,34.709836363,Substantial
32457,3725,Martin,144,21503.0,Coastal,48.3,2717.4,High,-77.109232267,35.843213981,High
32476,7267,Richmond,144,43006.0,Eastern,90.7,5508.4,Substantial,-79.7477780226,35.0060483545,High
32440,69744,Guilford,144,545484.0,Northern,838.0,3371.1,High,-79.7889042685,36.0794717315,High
32436,1124,Gates,144,10324.0,Coastal,30.8,750.9,High,-76.7005266521,36.4449435708,Substantial
32433,53169,Forsyth,144,387703.0,Northern,938.1,4129.5,High,-80.256300016,36.1306195485,High
32492,2443,Warren,144,18621.0,Eastern,43.4,2235.0,Substantial,-78.1067171324,36.3965102811,High
32413,13840,Caldwell,144,81319.0,Northern,170.9,2504.8,High,-81.5464366451,35.9530379334,High
32412,33763,Cabarrus,144,232873.0,Central,625.1,1374.8,High,-80.5518508851,35.3867940405,High
32422,18755,Cleveland,144,99332.0,Western,214.4,2001.7,High,-81.5555471412,35.3341018022,High
32441,8029,Halifax,144,47859.0,Coastal,67.2,2754.7,Substantial,-77.6517329831,36.2574485453,Substantial
32411,16040,Burke,144,88398.0,Western,173.0,1836.1,High,-81.7047784739,35.7496106399,High
32497,13475,Wilson,144,79078.0,Coastal,214.3,2386.9,High,-77.9186629547,35.7051457145,High
32452,9570,Lee,144,64360.0,Eastern,248.1,1631.1,Substantial,-79.1714836119,35.4751864248,High
32403,3990,Anson,144,22028.0,Central,41.5,2802.1,High,-80.102712026,34.9737894417,High
32417,28999,Catawba,144,162841.0,Northern,400.2,2802.5,High,-81.2150705598,35.662042354,High
32419,4714,Cherokee,144,28738.0,Western,63.2,3613.3,High,-84.063444228,35.1338574515,High
32459,160678,Mecklenburg,144,1128426.0,Central,2130.4,3736.1,High,-80.8327311406,35.2467670437,High
32408,5547,Bladen,144,29171.0,Coastal,33.8,2578.5,Substantial,-78.5636493115,34.6145873342,High
32458,8791,McDowell,144,44151.0,Western,101.3,2610.9,High,-82.0493124426,35.6816924709,High
32495,17242,Wayne,144,115895.0,Coastal,211.8,2813.0,High,-78.0039971272,35.3639599672,High
32482,5824,Scotland,144,33662.0,Eastern,107.1,3528.0,Substantial,-79.4804292418,34.8408848102,High
32429,6630,Davie,144,43127.0,Northern,162.0,1665.25,High,-80.5444636482,35.929110866,High
32462,13883,Moore,144,102966.0,Eastern,142.9,1617.3,Substantial,-79.4813744392,35.3106538555,High
32401,6655,Alexander,144,36172.0,Northern,140.2,1440.7,High,-81.1770268506,35.9210263138,High
32425,47140,Cumberland,144,341793.0,Eastern,512.9,3748.5,Substantial,-78.8275607671,35.048611942,High
32450,33271,Johnston,144,224833.0,Coastal,272.7,1547.3,High,-78.3657109025,35.5178069265,High
32489,37486,Union,144,244960.0,Central,376.6,1582.3,High,-80.5307400446,34.9883574887,High
32444,15737,Henderson,144,117429.0,Western,311.8,2039.7,High,-82.4799463782,35.3362263031,High
32471,1641,Perquimans,144,13049.0,Coastal,52.6,684.8,High,-76.4076199893,36.1772228503,High
32498,6193,Yadkin,144,36925.0,Northern,111.1,1820.8,High,-80.6652439331,36.1605336919,High
32481,11479,Sampson,144,58371.0,Coastal,62.4,2241.9,Substantial,-78.3713906105,34.9915361594,High
32468,1746,Pamlico,144,12215.0,Coastal,36.5,2321.5,Substantial,-76.6694598427,35.151021226,Substantial
32404,3534,Ashe,144,26506.0,Northern,62.3,1123.1,High,-81.5005211955,36.434424701,High
32443,7712,Haywood,144,62831.0,Western,112.2,3591.8,High,-82.9821729698,35.5560557128,High
32414,1198,Camden,144,10537.0,Coastal,43.1,793.0,High,-76.1609504039,36.3411216216,High
32409,16661,Brunswick,144,144821.0,Coastal,160.8,1537.1,Substantial,-78.2274071617,34.0388755841,High
32474,2402,Polk,144,19461.0,Western,81.3,1596.5,High,-82.1696779265,35.2792789622,High
32499,2932,Yancey,144,18320.0,Western,59.1,557.0,High,-82.3076279784,35.8989479924,High
32439,3364,Greene,144,19978.0,Coastal,76.7,1640.3,Substantial,-77.6757626742,35.4849957203,High
32405,2840,Avery,144,17347.0,Western,72.0,1003.4,High,-81.9226013745,36.0766050343,High
32483,12011,Stanly,144,62143.0,Central,158.2,2425.2,High,-80.2509863077,35.3119550622,High
32426,2955,Currituck,144,29385.0,Coastal,107.3,1344.3,High,-75.936949201,36.3672994836,High
32406,7376,Beaufort,144,44150.0,Coastal,53.6,2157.95,Substantial,-76.8453144055,35.486983815,High
32469,5459,Pasquotank,144,40966.0,Coastal,178.8,2078.8,High,-76.2492413613,36.2650187228,High
32464,29135,New Hanover,144,230423.0,Coastal,1174.0,2612.3,Substantial,-77.865597569,34.1815553357,Substantial
32486,2001,Swain,144,14046.0,Western,26.8,3517.8,Moderate,-83.4927393736,35.4868150519,High
32435,41057,Gaston,144,233387.0,Central,640.7,2912.4,High,-81.1802416273,35.2943489527,High
32415,8627,Carteret,144,69039.0,Coastal,133.3,1912.1,High,-76.5357430669,34.8612598084,High
32446,7370,Hoke,144,53783.0,Eastern,133.5,2028.14,High,-79.237290715,35.0175290075,High
32447,849,Hyde,144,4595.0,Coastal,7.5,0.0,High,-76.1449651093,35.4081187361,High
32427,4029,Dare,144,37817.0,Coastal,96.3,1872.9,High,-75.6852333134,35.664936694,High
32487,3969,Transylvania,144,32825.0,Western,87.2,978.5,Substantial,-82.7983001279,35.2021778635,High
32494,6845,Watauga,144,54804.0,Northern,173.1,1191.8,High,-81.6964250718,36.2311062795,High
32463,15499,Nash,144,96101.0,Coastal,175.7,1838.5,Substantial,-77.9864448378,35.9672502839,High
32485,12850,Surry,144,70573.0,Northern,134.0,1507.5,High,-80.6880779273,36.4148205561,High
32448,29791,Iredell,144,192986.0,Northern,325.0,1866.4,High,-80.8734378255,35.8070259189,High
32428,26438,Davidson,144,171752.0,Northern,305.4,1757.8,High,-80.2127487756,35.7933524917,High
32432,8084,Edgecombe,144,48604.0,Coastal,96.7,2366.3,High,-77.5970588882,35.912880671,High
32407,2530,Bertie,144,17302.0,Coastal,25.7,1594.6,High,-76.9667121404,36.0656302022,High
32445,2885,Hertford,144,20374.0,Coastal,61.0,2281.6,Moderate,-76.9807147831,36.3586360305,Substantial
32438,8148,Granville,144,60720.0,Eastern,114.6,1466.3,Substantial,-78.6527194252,36.3040698262,High
32470,9027,Pender,144,62250.0,Coastal,69.1,1461.9,High,-77.8884355846,34.5150997489,High
32418,6914,Chatham,144,77095.0,Eastern,111.9,1456.0,Substantial,-79.2552758614,35.7025721296,High
32484,6544,Stokes,144,44422.0,Northern,99.1,2146.85,High,-80.2395157151,36.4019040049,High
32421,1695,Clay,144,11238.0,Western,51.6,2288.34,High,-83.7501767115,35.0571811284,High
32488,570,Tyrrell,144,3315.0,Coastal,8.3,957.2,High,-76.1704523585,35.8694070017,High
32449,5824,Jackson,144,41919.0,Western,87.8,1864.6,High,-83.1408496187,35.2875866253,High
32453,9628,Lenoir,144,54323.0,Coastal,138.1,3246.04,Substantial,-77.6412486292,35.2387731611,High
32480,11678,Rutherford,144,63870.0,Western,114.0,2009.9,Substantial,-81.9198334642,35.4025956291,High
32451,1377,Jones,144,9076.0,Coastal,19.5,0.0,Substantial,-77.3551679748,35.0217248029,Substantial
32420,2346,Chowan,144,13646.0,Coastal,79.4,1402.6,Substantial,-76.6021303656,36.1265615389,High
32416,3270,Caswell,144,22400.0,Eastern,53.5,317.5,High,-79.3335234769,36.3932742158,High
32442,18875,Harnett,144,134986.0,Eastern,224.5,2172.6,Substantial,-78.8694125204,35.3686291614,High
32493,1629,Washington,144,10708.0,Coastal,31.8,1746.8,High,-76.5693098876,35.8392646425,High
32475,22393,Randolph,144,143325.0,Northern,184.3,1615.5,High,-79.8060069064,35.7103417044,High
32455,5096,Macon,144,37041.0,Western,71.8,2077.4,High,-83.4221767088,35.1504672096,Substantial
32454,15520,Lincoln,144,88742.0,Central,293.4,1745.2,High,-81.2235326264,35.4855950234,High
32402,1719,Alleghany,144,11057.0,Northern,46.4,697.2,High,-81.1278593427,36.4912704378,High
32478,12680,Rockingham,144,90457.0,Northern,161.0,2130.4,High,-79.7749871967,36.3960127906,High
32491,134471,Wake,144,1154170.0,Eastern,1353.3,1846.0,High,-78.6503081729,35.7902443741,Low
32472,5245,Person,144,39048.0,Eastern,99.7,1862.8,High,-78.9718051426,36.3900951244,High
32479,26769,Rowan,144,148565.0,Northern,287.1,2292.8,High,-80.5247717485,35.6394734632,High
32496,10914,Wilkes,144,65151.0,Northern,87.5,1887.3,High,-81.1633856618,36.2062757623,High
32465,2623,Northampton,144,16953.0,Eastern,32.6,2092.6,Moderate,-77.3968212099,36.4177312434,Substantial
32437,1343,Graham,144,7935.0,Western,27.5,8085.4,Substantial,-83.833581803,35.350171951,High
32461,4640,Montgomery,144,25485.0,Eastern,52.4,2480.1,Substantial,-79.9054790812,35.332466935,High
32430,10116,Duplin,144,48249.0,Coastal,59.8,2911.6,High,-77.9330277459,34.9365348363,High
32410,29253,Buncombe,144,271638.0,Western,410.4,3012.8,High,-82.5301070587,35.611177887,High
32424,14490,Craven,144,102568.0,Coastal,142.5,2112.3,Substantial,-77.082003837,35.117685821,High
32490,7000,Vance,144,41665.0,Eastern,168.7,3584.5,High,-78.4079288849,36.3649169333,High
32423,10231,Columbus,144,49795.0,Coastal,54.0,2887.71,Substantial,-78.6550308717,34.2656450828,High
32578,12749,Rockingham,145,90457.0,Northern,161.0,2130.4,High,-79.7749871967,36.3960127906,High
32584,6588,Stokes,145,44422.0,Northern,99.1,2146.85,High,-80.2395157151,36.4019040049,High
32597,13507,Wilson,145,79078.0,Coastal,214.3,2386.9,High,-77.9186629547,35.7051457145,High
32536,1128,Gates,145,10324.0,Coastal,30.8,750.9,High,-76.7005266521,36.4449435708,Substantial
32573,30254,Pitt,145,173536.0,Coastal,261.0,2238.9,High,-77.3744965519,35.5932989746,High
32555,5104,Macon,145,37041.0,Western,71.8,2077.4,Substantial,-83.4221767088,35.1504672096,High
32521,1696,Clay,145,11238.0,Western,51.6,2288.34,High,-83.7501767115,35.0571811284,High
32546,7396,Hoke,145,53783.0,Eastern,133.5,2028.14,High,-79.237290715,35.0175290075,High
32560,2135,Mitchell,145,14783.0,Western,67.4,458.42,High,-82.1635815487,36.0132038869,High
32588,570,Tyrrell,145,3315.0,Coastal,8.3,957.2,Low,-76.1704523585,35.8694070017,High
32577,25379,Robeson,145,115899.0,Coastal,123.0,5137.4,High,-79.1038649277,34.6402420514,High
32549,5835,Jackson,145,41919.0,Western,87.8,1864.6,Substantial,-83.1408496187,35.2875866253,High
32526,2974,Currituck,145,29385.0,Coastal,107.3,1344.3,High,-75.936949201,36.3672994836,High
32535,41241,Gaston,145,233387.0,Central,640.7,2912.4,High,-81.1802416273,35.2943489527,High
32559,161218,Mecklenburg,145,1128426.0,Central,2130.4,3736.1,High,-80.8327311406,35.2467670437,High
32583,12068,Stanly,145,62143.0,Central,158.2,2425.2,High,-80.2509863077,35.3119550622,High
32510,29417,Buncombe,145,271638.0,Western,410.4,3012.8,High,-82.5301070587,35.611177887,High
32527,4048,Dare,145,37817.0,Coastal,96.3,1872.9,High,-75.6852333134,35.664936694,High
32547,852,Hyde,145,4595.0,Coastal,7.5,0.0,High,-76.1449651093,35.4081187361,High
32518,6945,Chatham,145,77095.0,Eastern,111.9,1456.0,Substantial,-79.2552758614,35.7025721296,High
32570,9073,Pender,145,62250.0,Coastal,69.1,1461.9,High,-77.8884355846,34.5150997489,High
32585,12928,Surry,145,70573.0,Northern,134.0,1507.5,High,-80.6880779273,36.4148205561,High
32533,53452,Forsyth,145,387703.0,Northern,938.1,4129.5,High,-80.256300016,36.1306195485,High
32541,8034,Halifax,145,47859.0,Coastal,67.2,2754.7,Moderate,-77.6517329831,36.2574485453,Substantial
32515,8666,Carteret,145,69039.0,Coastal,133.3,1912.1,High,-76.5357430669,34.8612598084,High
32523,10258,Columbus,145,49795.0,Coastal,54.0,2887.71,High,-78.6550308717,34.2656450828,High
32548,29923,Iredell,145,192986.0,Northern,325.0,1866.4,High,-80.8734378255,35.8070259189,High
32594,6861,Watauga,145,54804.0,Northern,173.1,1191.8,Substantial,-81.6964250718,36.2311062795,High
32512,33915,Cabarrus,145,232873.0,Central,625.1,1374.8,High,-80.5518508851,35.3867940405,High
32528,26563,Davidson,145,171752.0,Northern,305.4,1757.8,High,-80.2127487756,35.7933524917,High
32596,10965,Wilkes,145,65151.0,Northern,87.5,1887.3,High,-81.1633856618,36.2062757623,High
32532,8109,Edgecombe,145,48604.0,Coastal,96.7,2366.3,High,-77.5970588882,35.912880671,High
32520,2354,Chowan,145,13646.0,Coastal,79.4,1402.6,High,-76.6021303656,36.1265615389,High
32507,2536,Bertie,145,17302.0,Coastal,25.7,1594.6,High,-76.9667121404,36.0656302022,High
32545,2889,Hertford,145,20374.0,Coastal,61.0,2281.6,Substantial,-76.9807147831,36.3586360305,Substantial
32587,3974,Transylvania,145,32825.0,Western,87.2,978.5,Substantial,-82.7983001279,35.2021778635,High
32591,134883,Wake,145,1154170.0,Eastern,1353.3,1846.0,High,-78.6503081729,35.7902443741,Moderate
32513,13879,Caldwell,145,81319.0,Northern,170.9,2504.8,High,-81.5464366451,35.9530379334,High
32553,9648,Lenoir,145,54323.0,Coastal,138.1,3246.04,Substantial,-77.6412486292,35.2387731611,High
32593,1631,Washington,145,10708.0,Coastal,31.8,1746.8,Substantial,-76.5693098876,35.8392646425,High
32540,70005,Guilford,145,545484.0,Northern,838.0,3371.1,High,-79.7889042685,36.0794717315,High
32538,8189,Granville,145,60720.0,Eastern,114.6,1466.3,High,-78.6527194252,36.3040698262,High
32500,27168,Alamance,145,175029.0,Northern,404.8,3065.6,High,-79.3994248175,36.0437098766,High
32586,2009,Swain,145,14046.0,Western,26.8,3517.8,High,-83.4927393736,35.4868150519,High
32531,35956,Durham,145,331347.0,Eastern,1133.7,3966.0,Substantial,-78.8765926949,36.0360299243,High
32563,15541,Nash,145,96101.0,Coastal,175.7,1838.5,High,-77.9864448378,35.9672502839,High
32505,2847,Avery,145,17347.0,Western,72.0,1003.4,High,-81.9226013745,36.0766050343,High
32550,33396,Johnston,145,224833.0,Coastal,272.7,1547.3,High,-78.3657109025,35.5178069265,High
32506,7390,Beaufort,145,44150.0,Coastal,53.6,2157.95,Substantial,-76.8453144055,35.486983815,High
32579,26866,Rowan,145,148565.0,Northern,287.1,2292.8,High,-80.5247717485,35.6394734632,High
32565,2623,Northampton,145,16953.0,Eastern,32.6,2092.6,Moderate,-77.3968212099,36.4177312434,Substantial
32592,2452,Warren,145,18621.0,Eastern,43.4,2235.0,Substantial,-78.1067171324,36.3965102811,High
32571,1656,Perquimans,145,13049.0,Coastal,52.6,684.8,High,-76.4076199893,36.1772228503,High
32581,11497,Sampson,145,58371.0,Coastal,62.4,2241.9,Substantial,-78.3713906105,34.9915361594,High
32598,6225,Yadkin,145,36925.0,Northern,111.1,1820.8,High,-80.6652439331,36.1605336919,High
32503,4005,Anson,145,22028.0,Central,41.5,2802.1,Substantial,-80.102712026,34.9737894417,High
32574,2409,Polk,145,19461.0,Western,81.3,1596.5,High,-82.1696779265,35.2792789622,High
32568,1752,Pamlico,145,12215.0,Coastal,36.5,2321.5,High,-76.6694598427,35.151021226,Moderate
32504,3556,Ashe,145,26506.0,Northern,62.3,1123.1,High,-81.5005211955,36.434424701,High
32561,4656,Montgomery,145,25485.0,Eastern,52.4,2480.1,High,-79.9054790812,35.332466935,High
32543,7752,Haywood,145,62831.0,Western,112.2,3591.8,High,-82.9821729698,35.5560557128,High
32566,30430,Onslow,145,207928.0,Coastal,268.4,2191.23,Substantial,-77.4157658244,34.709836363,Substantial
32552,9586,Lee,145,64360.0,Eastern,248.1,1631.1,Moderate,-79.1714836119,35.4751864248,High
32522,18803,Cleveland,145,99332.0,Western,214.4,2001.7,High,-81.5555471412,35.3341018022,High
32514,1200,Camden,145,10537.0,Coastal,43.1,793.0,Substantial,-76.1609504039,36.3411216216,High
32524,14522,Craven,145,102568.0,Coastal,142.5,2112.3,Substantial,-77.082003837,35.117685821,High
32509,16724,Brunswick,145,144821.0,Coastal,160.8,1537.1,Substantial,-78.2274071617,34.0388755841,High
32556,2891,Madison,145,21146.0,Western,47.1,1247.6,High,-82.7057582627,35.8580358086,High
32590,7019,Vance,145,41665.0,Eastern,168.7,3584.5,Substantial,-78.4079288849,36.3649169333,High
32537,1346,Graham,145,7935.0,Western,27.5,8085.4,Substantial,-83.833581803,35.350171951,High
32580,11721,Rutherford,145,63870.0,Western,114.0,2009.9,High,-81.9198334642,35.4025956291,High
32539,3380,Greene,145,19978.0,Coastal,76.7,1640.3,High,-77.6757626742,35.4849957203,High
32516,3277,Caswell,145,22400.0,Eastern,53.5,317.5,Substantial,-79.3335234769,36.3932742158,High
32589,37664,Union,145,244960.0,Central,376.6,1582.3,High,-80.5307400446,34.9883574887,High
32530,10135,Duplin,145,48249.0,Coastal,59.8,2911.6,High,-77.9330277459,34.9365348363,High
32567,12163,Orange,145,148331.0,Eastern,374.0,1991.9,Substantial,-79.120649356,36.0611182361,High
32542,18925,Harnett,145,134986.0,Eastern,224.5,2172.6,Substantial,-78.8694125204,35.3686291614,High
32572,5265,Person,145,39048.0,Eastern,99.7,1862.8,High,-78.9718051426,36.3900951244,High
32508,5574,Bladen,145,29171.0,Coastal,33.8,2578.5,High,-78.5636493115,34.6145873342,High
32599,2975,Yancey,145,18320.0,Western,59.1,557.0,High,-82.3076279784,35.8989479924,High
32519,4723,Cherokee,145,28738.0,Western,63.2,3613.3,High,-84.063444228,35.1338574515,High
32517,29090,Catawba,145,162841.0,Northern,400.2,2802.5,High,-81.2150705598,35.662042354,High
32558,8820,McDowell,145,44151.0,Western,101.3,2610.9,High,-82.0493124426,35.6816924709,High
32554,15597,Lincoln,145,88742.0,Central,293.4,1745.2,High,-81.2235326264,35.4855950234,High
32595,17346,Wayne,145,115895.0,Coastal,211.8,2813.0,High,-78.0039971272,35.3639599672,High
32511,16069,Burke,145,88398.0,Western,173.0,1836.1,Substantial,-81.7047784739,35.7496106399,High
32525,47272,Cumberland,145,341793.0,Eastern,512.9,3748.5,High,-78.8275607671,35.048611942,High
32582,5832,Scotland,145,33662.0,Eastern,107.1,3528.0,Moderate,-79.4804292418,34.8408848102,High
32569,5479,Pasquotank,145,40966.0,Coastal,178.8,2078.8,High,-76.2492413613,36.2650187228,High
32502,1760,Alleghany,145,11057.0,Northern,46.4,697.2,High,-81.1278593427,36.4912704378,High
32529,6660,Davie,145,43127.0,Northern,162.0,1665.25,High,-80.5444636482,35.929110866,High
32544,15827,Henderson,145,117429.0,Western,311.8,2039.7,High,-82.4799463782,35.3362263031,High
32562,13923,Moore,145,102966.0,Eastern,142.9,1617.3,Substantial,-79.4813744392,35.3106538555,High
32575,22457,Randolph,145,143325.0,Northern,184.3,1615.5,High,-79.8060069064,35.7103417044,High
32551,1378,Jones,145,9076.0,Coastal,19.5,0.0,Moderate,-77.3551679748,35.0217248029,Substantial
32564,29183,New Hanover,145,230423.0,Coastal,1174.0,2612.3,Substantial,-77.865597569,34.1815553357,Substantial
32501,6693,Alexander,145,36172.0,Northern,140.2,1440.7,High,-81.1770268506,35.9210263138,High
32557,3728,Martin,145,21503.0,Coastal,48.3,2717.4,High,-77.109232267,35.843213981,High
32576,7282,Richmond,145,43006.0,Eastern,90.7,5508.4,Substantial,-79.7477780226,35.0060483545,High
32534,10212,Franklin,145,70655.0,Eastern,139.4,1314.6,High,-78.2856965824,36.0827733527,High
32693,1630,Washington,146,10708.0,Coastal,31.8,1746.8,Moderate,-76.5693098876,35.8392646425,High
32637,1350,Graham,146,7935.0,Western,27.5,8085.4,High,-83.833581803,35.350171951,High
32694,6866,Watauga,146,54804.0,Northern,173.1,1191.8,Substantial,-81.6964250718,36.2311062795,High
32600,27197,Alamance,146,175029.0,Northern,404.8,3065.6,High,-79.3994248175,36.0437098766,High
32697,13521,Wilson,146,79078.0,Coastal,214.3,2386.9,High,-77.9186629547,35.7051457145,High
32696,10980,Wilkes,146,65151.0,Northern,87.5,1887.3,High,-81.1633856618,36.2062757623,High
32632,8106,Edgecombe,146,48604.0,Coastal,96.7,2366.3,High,-77.5970588882,35.912880671,High
32638,8202,Granville,146,60720.0,Eastern,114.6,1466.3,High,-78.6527194252,36.3040698262,High
32633,53520,Forsyth,146,387703.0,Northern,938.1,4129.5,High,-80.256300016,36.1306195485,High
32634,10219,Franklin,146,70655.0,Eastern,139.4,1314.6,High,-78.2856965824,36.0827733527,High
32695,17383,Wayne,146,115895.0,Coastal,211.8,2813.0,High,-78.0039971272,35.3639599672,High
32602,1761,Alleghany,146,11057.0,Northern,46.4,697.2,High,-81.1278593427,36.4912704378,High
32601,6697,Alexander,146,36172.0,Northern,140.2,1440.7,High,-81.1770268506,35.9210263138,High
32639,3381,Greene,146,19978.0,Coastal,76.7,1640.3,High,-77.6757626742,35.4849957203,High
32698,6231,Yadkin,146,36925.0,Northern,111.1,1820.8,High,-80.6652439331,36.1605336919,High
32635,41292,Gaston,146,233387.0,Central,640.7,2912.4,High,-81.1802416273,35.2943489527,High
32636,1128,Gates,146,10324.0,Coastal,30.8,750.9,High,-76.7005266521,36.4449435708,High
32650,33415,Johnston,146,224833.0,Coastal,272.7,1547.3,High,-78.3657109025,35.5178069265,High
32683,12074,Stanly,146,62143.0,Central,158.2,2425.2,High,-80.2509863077,35.3119550622,High
32653,9651,Lenoir,146,54323.0,Coastal,138.1,3246.04,Substantial,-77.6412486292,35.2387731611,High
32680,11722,Rutherford,146,63870.0,Western,114.0,2009.9,High,-81.9198334642,35.4025956291,High
32622,18817,Cleveland,146,99332.0,Western,214.4,2001.7,High,-81.5555471412,35.3341018022,High
32657,3728,Martin,146,21503.0,Coastal,48.3,2717.4,Substantial,-77.109232267,35.843213981,High
32646,7403,Hoke,146,53783.0,Eastern,133.5,2028.14,High,-79.237290715,35.0175290075,High
32618,6947,Chatham,146,77095.0,Eastern,111.9,1456.0,Substantial,-79.2552758614,35.7025721296,High
32615,8673,Carteret,146,69039.0,Coastal,133.3,1912.1,High,-76.5357430669,34.8612598084,High
32617,29126,Catawba,146,162841.0,Northern,400.2,2802.5,High,-81.2150705598,35.662042354,High
32676,7282,Richmond,146,43006.0,Eastern,90.7,5508.4,Substantial,-79.7477780226,35.0060483545,High
32644,15859,Henderson,146,117429.0,Western,311.8,2039.7,High,-82.4799463782,35.3362263031,High
32612,33927,Cabarrus,146,232873.0,Central,625.1,1374.8,High,-80.5518508851,35.3867940405,High
32605,2848,Avery,146,17347.0,Western,72.0,1003.4,High,-81.9226013745,36.0766050343,High
32642,18932,Harnett,146,134986.0,Eastern,224.5,2172.6,Substantial,-78.8694125204,35.3686291614,High
32691,135008,Wake,146,1154170.0,Eastern,1353.3,1846.0,High,-78.6503081729,35.7902443741,Error
32666,30445,Onslow,146,207928.0,Coastal,268.4,2191.23,Substantial,-77.4157658244,34.709836363,High
32669,5484,Pasquotank,146,40966.0,Coastal,178.8,2078.8,High,-76.2492413613,36.2650187228,High
32662,13927,Moore,146,102966.0,Eastern,142.9,1617.3,Substantial,-79.4813744392,35.3106538555,High
32671,1657,Perquimans,146,13049.0,Coastal,52.6,684.8,High,-76.4076199893,36.1772228503,High
32607,2540,Bertie,146,17302.0,Coastal,25.7,1594.6,High,-76.9667121404,36.0656302022,High
32616,3277,Caswell,146,22400.0,Eastern,53.5,317.5,High,-79.3335234769,36.3932742158,High
32629,6669,Davie,146,43127.0,Northern,162.0,1665.25,High,-80.5444636482,35.929110866,High
32656,2897,Madison,146,21146.0,Western,47.1,1247.6,High,-82.7057582627,35.8580358086,High
32689,37689,Union,146,244960.0,Central,376.6,1582.3,High,-80.5307400446,34.9883574887,High
32677,25382,Robeson,146,115899.0,Coastal,123.0,5137.4,High,-79.1038649277,34.6402420514,High
32665,2625,Northampton,146,16953.0,Eastern,32.6,2092.6,Moderate,-77.3968212099,36.4177312434,Substantial
32663,15549,Nash,146,96101.0,Coastal,175.7,1838.5,High,-77.9864448378,35.9672502839,High
32670,9079,Pender,146,62250.0,Coastal,69.1,1461.9,High,-77.8884355846,34.5150997489,High
32655,5110,Macon,146,37041.0,Western,71.8,2077.4,Substantial,-83.4221767088,35.1504672096,High
32668,1754,Pamlico,146,12215.0,Coastal,36.5,2321.5,High,-76.6694598427,35.151021226,Substantial
32604,3562,Ashe,146,26506.0,Northern,62.3,1123.1,High,-81.5005211955,36.434424701,High
32606,7398,Beaufort,146,44150.0,Coastal,53.6,2157.95,Substantial,-76.8453144055,35.486983815,High
32654,15615,Lincoln,146,88742.0,Central,293.4,1745.2,High,-81.2235326264,35.4855950234,High
32679,26887,Rowan,146,148565.0,Northern,287.1,2292.8,High,-80.5247717485,35.6394734632,High
32678,12767,Rockingham,146,90457.0,Northern,161.0,2130.4,High,-79.7749871967,36.3960127906,High
32684,6592,Stokes,146,44422.0,Northern,99.1,2146.85,High,-80.2395157151,36.4019040049,High
32699,2987,Yancey,146,18320.0,Western,59.1,557.0,High,-82.3076279784,35.8989479924,High
32624,14527,Craven,146,102568.0,Coastal,142.5,2112.3,High,-77.082003837,35.117685821,High
32643,7766,Haywood,146,62831.0,Western,112.2,3591.8,High,-82.9821729698,35.5560557128,High
32690,7025,Vance,146,41665.0,Eastern,168.7,3584.5,High,-78.4079288849,36.3649169333,High
32623,10259,Columbus,146,49795.0,Coastal,54.0,2887.71,High,-78.6550308717,34.2656450828,High
32611,16081,Burke,146,88398.0,Western,173.0,1836.1,Substantial,-81.7047784739,35.7496106399,High
32649,5854,Jackson,146,41919.0,Western,87.8,1864.6,High,-83.1408496187,35.2875866253,High
32619,4724,Cherokee,146,28738.0,Western,63.2,3613.3,Substantial,-84.063444228,35.1338574515,High
32640,70072,Guilford,146,545484.0,Northern,838.0,3371.1,High,-79.7889042685,36.0794717315,High
32630,10132,Duplin,146,48249.0,Coastal,59.8,2911.6,Substantial,-77.9330277459,34.9365348363,High
32675,22459,Randolph,146,143325.0,Northern,184.3,1615.5,High,-79.8060069064,35.7103417044,High
32658,8820,McDowell,146,44151.0,Western,101.3,2610.9,High,-82.0493124426,35.6816924709,High
32609,16743,Brunswick,146,144821.0,Coastal,160.8,1537.1,Substantial,-78.2274071617,34.0388755841,High
32681,11506,Sampson,146,58371.0,Coastal,62.4,2241.9,High,-78.3713906105,34.9915361594,High
32641,8036,Halifax,146,47859.0,Coastal,67.2,2754.7,Moderate,-77.6517329831,36.2574485453,Substantial
32692,2451,Warren,146,18621.0,Eastern,43.4,2235.0,Substantial,-78.1067171324,36.3965102811,High
32652,9597,Lee,146,64360.0,Eastern,248.1,1631.1,Substantial,-79.1714836119,35.4751864248,High
32648,29972,Iredell,146,192986.0,Northern,325.0,1866.4,High,-80.8734378255,35.8070259189,High
32685,12950,Surry,146,70573.0,Northern,134.0,1507.5,High,-80.6880779273,36.4148205561,High
32673,30267,Pitt,146,173536.0,Coastal,261.0,2238.9,High,-77.3744965519,35.5932989746,High
32660,2138,Mitchell,146,14783.0,Western,67.4,458.42,High,-82.1635815487,36.0132038869,High
32651,1379,Jones,146,9076.0,Coastal,19.5,0.0,Substantial,-77.3551679748,35.0217248029,Moderate
32664,29199,New Hanover,146,230423.0,Coastal,1174.0,2612.3,Substantial,-77.865597569,34.1815553357,Substantial
32631,35981,Durham,146,331347.0,Eastern,1133.7,3966.0,Substantial,-78.8765926949,36.0360299243,High
32687,3980,Transylvania,146,32825.0,Western,87.2,978.5,Substantial,-82.7983001279,35.2021778635,High
32614,1201,Camden,146,10537.0,Coastal,43.1,793.0,High,-76.1609504039,36.3411216216,High
32661,4659,Montgomery,146,25485.0,Eastern,52.4,2480.1,High,-79.9054790812,35.332466935,High
32627,4052,Dare,146,37817.0,Coastal,96.3,1872.9,High,-75.6852333134,35.664936694,High
32628,26603,Davidson,146,171752.0,Northern,305.4,1757.8,High,-80.2127487756,35.7933524917,High
32608,5574,Bladen,146,29171.0,Coastal,33.8,2578.5,High,-78.5636493115,34.6145873342,High
32620,2355,Chowan,146,13646.0,Coastal,79.4,1402.6,High,-76.6021303656,36.1265615389,High
32672,5274,Person,146,39048.0,Eastern,99.7,1862.8,High,-78.9718051426,36.3900951244,High
32682,5836,Scotland,146,33662.0,Eastern,107.1,3528.0,Substantial,-79.4804292418,34.8408848102,High
32613,13895,Caldwell,146,81319.0,Northern,170.9,2504.8,High,-81.5464366451,35.9530379334,High
32626,2978,Currituck,146,29385.0,Coastal,107.3,1344.3,High,-75.936949201,36.3672994836,High
32647,852,Hyde,146,4595.0,Coastal,7.5,0.0,High,-76.1449651093,35.4081187361,High
32686,2020,Swain,146,14046.0,Western,26.8,3517.8,High,-83.4927393736,35.4868150519,High
32688,571,Tyrrell,146,3315.0,Coastal,8.3,957.2,Moderate,-76.1704523585,35.8694070017,High
32621,1697,Clay,146,11238.0,Western,51.6,2288.34,High,-83.7501767115,35.0571811284,High
32625,47313,Cumberland,146,341793.0,Eastern,512.9,3748.5,High,-78.8275607671,35.048611942,High
32645,2889,Hertford,146,20374.0,Coastal,61.0,2281.6,Moderate,-76.9807147831,36.3586360305,Substantial
32674,2411,Polk,146,19461.0,Western,81.3,1596.5,High,-82.1696779265,35.2792789622,High
32659,161399,Mecklenburg,146,1128426.0,Central,2130.4,3736.1,High,-80.8327311406,35.2467670437,High
32603,4010,Anson,146,22028.0,Central,41.5,2802.1,High,-80.102712026,34.9737894417,High
32610,29457,Buncombe,146,271638.0,Western,410.4,3012.8,High,-82.5301070587,35.611177887,High
32667,12162,Orange,146,148331.0,Eastern,374.0,1991.9,Substantial,-79.120649356,36.0611182361,High
32769,5492,Pasquotank,147,40966.0,Coastal,178.8,2078.8,High,-76.2492413613,36.2650187228,High
32779,26912,Rowan,147,148565.0,Northern,287.1,2292.8,High,-80.5247717485,35.6394734632,High
32795,17444,Wayne,147,115895.0,Coastal,211.8,2813.0,High,-78.0039971272,35.3639599672,High
32728,26658,Davidson,147,171752.0,Northern,305.4,1757.8,High,-80.2127487756,35.7933524917,High
32701,6702,Alexander,147,36172.0,Northern,140.2,1440.7,High,-81.1770268506,35.9210263138,High
32788,574,Tyrrell,147,3315.0,Coastal,8.3,957.2,High,-76.1704523585,35.8694070017,High
32716,3282,Caswell,147,22400.0,Eastern,53.5,317.5,High,-79.3335234769,36.3932742158,High
32787,3982,Transylvania,147,32825.0,Western,87.2,978.5,Substantial,-82.7983001279,35.2021778635,High
32754,15646,Lincoln,147,88742.0,Central,293.4,1745.2,High,-81.2235326264,35.4855950234,High
32708,5584,Bladen,147,29171.0,Coastal,33.8,2578.5,High,-78.5636493115,34.6145873342,High
32798,6248,Yadkin,147,36925.0,Northern,111.1,1820.8,High,-80.6652439331,36.1605336919,High
32781,11520,Sampson,147,58371.0,Coastal,62.4,2241.9,High,-78.3713906105,34.9915361594,High
32735,41343,Gaston,147,233387.0,Central,640.7,2912.4,High,-81.1802416273,35.2943489527,High
32752,9600,Lee,147,64360.0,Eastern,248.1,1631.1,Substantial,-79.1714836119,35.4751864248,High
32763,15557,Nash,147,96101.0,Coastal,175.7,1838.5,Substantial,-77.9864448378,35.9672502839,High
32783,12088,Stanly,147,62143.0,Central,158.2,2425.2,High,-80.2509863077,35.3119550622,High
32784,6605,Stokes,147,44422.0,Northern,99.1,2146.85,High,-80.2395157151,36.4019040049,High
32729,6677,Davie,147,43127.0,Northern,162.0,1665.25,High,-80.5444636482,35.929110866,High
32753,9659,Lenoir,147,54323.0,Coastal,138.1,3246.04,Substantial,-77.6412486292,35.2387731611,High
32782,5840,Scotland,147,33662.0,Eastern,107.1,3528.0,Substantial,-79.4804292418,34.8408848102,High
32744,15889,Henderson,147,117429.0,Western,311.8,2039.7,High,-82.4799463782,35.3362263031,High
32764,29241,New Hanover,147,230423.0,Coastal,1174.0,2612.3,Substantial,-77.865597569,34.1815553357,High
32745,2892,Hertford,147,20374.0,Coastal,61.0,2281.6,Moderate,-76.9807147831,36.3586360305,High
32780,11730,Rutherford,147,63870.0,Western,114.0,2009.9,High,-81.9198334642,35.4025956291,High
32794,6879,Watauga,147,54804.0,Northern,173.1,1191.8,Substantial,-81.6964250718,36.2311062795,High
32789,37764,Union,147,244960.0,Central,376.6,1582.3,High,-80.5307400446,34.9883574887,High
32705,2859,Avery,147,17347.0,Western,72.0,1003.4,High,-81.9226013745,36.0766050343,High
32724,14541,Craven,147,102568.0,Coastal,142.5,2112.3,High,-77.082003837,35.117685821,High
32751,1379,Jones,147,9076.0,Coastal,19.5,0.0,Substantial,-77.3551679748,35.0217248029,Substantial
32765,2629,Northampton,147,16953.0,Eastern,32.6,2092.6,Substantial,-77.3968212099,36.4177312434,Substantial
32749,5868,Jackson,147,41919.0,Western,87.8,1864.6,High,-83.1408496187,35.2875866253,High
32726,2988,Currituck,147,29385.0,Coastal,107.3,1344.3,High,-75.936949201,36.3672994836,High
32709,16771,Brunswick,147,144821.0,Coastal,160.8,1537.1,Substantial,-78.2274071617,34.0388755841,High
32746,7410,Hoke,147,53783.0,Eastern,133.5,2028.14,High,-79.237290715,35.0175290075,High
32737,1352,Graham,147,7935.0,Western,27.5,8085.4,High,-83.833581803,35.350171951,High
32715,8697,Carteret,147,69039.0,Coastal,133.3,1912.1,High,-76.5357430669,34.8612598084,Substantial
32739,3381,Greene,147,19978.0,Coastal,76.7,1640.3,High,-77.6757626742,35.4849957203,High
32725,47367,Cumberland,147,341793.0,Eastern,512.9,3748.5,High,-78.8275607671,35.048611942,High
32740,70140,Guilford,147,545484.0,Northern,838.0,3371.1,High,-79.7889042685,36.0794717315,High
32766,30468,Onslow,147,207928.0,Coastal,268.4,2191.23,Substantial,-77.4157658244,34.709836363,High
32710,29532,Buncombe,147,271638.0,Western,410.4,3012.8,High,-82.5301070587,35.611177887,High
32732,8112,Edgecombe,147,48604.0,Coastal,96.7,2366.3,High,-77.5970588882,35.912880671,High
32771,1661,Perquimans,147,13049.0,Coastal,52.6,684.8,High,-76.4076199893,36.1772228503,High
32775,22499,Randolph,147,143325.0,Northern,184.3,1615.5,High,-79.8060069064,35.7103417044,High
32758,8827,McDowell,147,44151.0,Western,101.3,2610.9,High,-82.0493124426,35.6816924709,High
32786,2027,Swain,147,14046.0,Western,26.8,3517.8,High,-83.4927393736,35.4868150519,High
32721,1698,Clay,147,11238.0,Western,51.6,2288.34,Moderate,-83.7501767115,35.0571811284,High
32793,1633,Washington,147,10708.0,Coastal,31.8,1746.8,Substantial,-76.5693098876,35.8392646425,High
32767,12182,Orange,147,148331.0,Eastern,374.0,1991.9,Substantial,-79.120649356,36.0611182361,High
32774,2416,Polk,147,19461.0,Western,81.3,1596.5,High,-82.1696779265,35.2792789622,High
32703,4016,Anson,147,22028.0,Central,41.5,2802.1,High,-80.102712026,34.9737894417,High
32734,10240,Franklin,147,70655.0,Eastern,139.4,1314.6,High,-78.2856965824,36.0827733527,High
32759,161567,Mecklenburg,147,1128426.0,Central,2130.4,3736.1,High,-80.8327311406,35.2467670437,High
32747,852,Hyde,147,4595.0,Coastal,7.5,0.0,High,-76.1449651093,35.4081187361,High
32713,13905,Caldwell,147,81319.0,Northern,170.9,2504.8,High,-81.5464366451,35.9530379334,High
32748,30047,Iredell,147,192986.0,Northern,325.0,1866.4,High,-80.8734378255,35.8070259189,High
32741,8039,Halifax,147,47859.0,Coastal,67.2,2754.7,Moderate,-77.6517329831,36.2574485453,Substantial
32792,2456,Warren,147,18621.0,Eastern,43.4,2235.0,High,-78.1067171324,36.3965102811,High
32714,1205,Camden,147,10537.0,Coastal,43.1,793.0,High,-76.1609504039,36.3411216216,High
32773,30292,Pitt,147,173536.0,Coastal,261.0,2238.9,High,-77.3744965519,35.5932989746,High
32760,2143,Mitchell,147,14783.0,Western,67.4,458.42,High,-82.1635815487,36.0132038869,High
32731,35981,Durham,147,331347.0,Eastern,1133.7,3966.0,Substantial,-78.8765926949,36.0360299243,High
32785,12996,Surry,147,70573.0,Northern,134.0,1507.5,High,-80.6880779273,36.4148205561,High
32797,13532,Wilson,147,79078.0,Coastal,214.3,2386.9,High,-77.9186629547,35.7051457145,High
32761,4660,Montgomery,147,25485.0,Eastern,52.4,2480.1,High,-79.9054790812,35.332466935,High
32700,27229,Alamance,147,175029.0,Northern,404.8,3065.6,High,-79.3994248175,36.0437098766,High
32727,4064,Dare,147,37817.0,Coastal,96.3,1872.9,High,-75.6852333134,35.664936694,High
32720,2358,Chowan,147,13646.0,Coastal,79.4,1402.6,High,-76.6021303656,36.1265615389,High
32772,5285,Person,147,39048.0,Eastern,99.7,1862.8,High,-78.9718051426,36.3900951244,High
32762,13936,Moore,147,102966.0,Eastern,142.9,1617.3,Substantial,-79.4813744392,35.3106538555,High
32791,135008,Wake,147,1154170.0,Eastern,1353.3,1846.0,Substantial,-78.6503081729,35.7902443741,High
32736,1133,Gates,147,10324.0,Coastal,30.8,750.9,High,-76.7005266521,36.4449435708,High
32707,2539,Bertie,147,17302.0,Coastal,25.7,1594.6,Substantial,-76.9667121404,36.0656302022,High
32755,5111,Macon,147,37041.0,Western,71.8,2077.4,Substantial,-83.4221767088,35.1504672096,High
32770,9099,Pender,147,62250.0,Coastal,69.1,1461.9,High,-77.8884355846,34.5150997489,High
32704,3575,Ashe,147,26506.0,Northern,62.3,1123.1,High,-81.5005211955,36.434424701,High
32706,7412,Beaufort,147,44150.0,Coastal,53.6,2157.95,High,-76.8453144055,35.486983815,High
32778,12784,Rockingham,147,90457.0,Northern,161.0,2130.4,High,-79.7749871967,36.3960127906,High
32796,10987,Wilkes,147,65151.0,Northern,87.5,1887.3,High,-81.1633856618,36.2062757623,High
32723,10269,Columbus,147,49795.0,Coastal,54.0,2887.71,High,-78.6550308717,34.2656450828,High
32743,7777,Haywood,147,62831.0,Western,112.2,3591.8,High,-82.9821729698,35.5560557128,High
32750,33476,Johnston,147,224833.0,Coastal,272.7,1547.3,High,-78.3657109025,35.5178069265,High
32711,16089,Burke,147,88398.0,Western,173.0,1836.1,Substantial,-81.7047784739,35.7496106399,High
32738,8216,Granville,147,60720.0,Eastern,114.6,1466.3,High,-78.6527194252,36.3040698262,High
32777,25372,Robeson,147,115899.0,Coastal,123.0,5137.4,Substantial,-79.1038649277,34.6402420514,High
32742,18959,Harnett,147,134986.0,Eastern,224.5,2172.6,Substantial,-78.8694125204,35.3686291614,High
32702,1777,Alleghany,147,11057.0,Northern,46.4,697.2,High,-81.1278593427,36.4912704378,High
32756,2899,Madison,147,21146.0,Western,47.1,1247.6,High,-82.7057582627,35.8580358086,High
32730,10138,Duplin,147,48249.0,Coastal,59.8,2911.6,Substantial,-77.9330277459,34.9365348363,High
32719,4726,Cherokee,147,28738.0,Western,63.2,3613.3,Substantial,-84.063444228,35.1338574515,High
32712,33993,Cabarrus,147,232873.0,Central,625.1,1374.8,High,-80.5518508851,35.3867940405,High
32733,53624,Forsyth,147,387703.0,Northern,938.1,4129.5,High,-80.256300016,36.1306195485,High
32717,29159,Catawba,147,162841.0,Northern,400.2,2802.5,High,-81.2150705598,35.662042354,High
32776,7285,Richmond,147,43006.0,Eastern,90.7,5508.4,Substantial,-79.7477780226,35.0060483545,High
32799,2996,Yancey,147,18320.0,Western,59.1,557.0,High,-82.3076279784,35.8989479924,High
32757,3731,Martin,147,21503.0,Coastal,48.3,2717.4,High,-77.109232267,35.843213981,High
32790,7043,Vance,147,41665.0,Eastern,168.7,3584.5,High,-78.4079288849,36.3649169333,High
32718,6960,Chatham,147,77095.0,Eastern,111.9,1456.0,Substantial,-79.2552758614,35.7025721296,High
32768,1756,Pamlico,147,12215.0,Coastal,36.5,2321.5,High,-76.6694598427,35.151021226,Substantial
32722,18834,Cleveland,147,99332.0,Western,214.4,2001.7,High,-81.5555471412,35.3341018022,High
32818,6960,Chatham,148,77095.0,Eastern,111.9,1456.0,Substantial,-79.2552758614,35.7025721296,High
32869,5492,Pasquotank,148,40966.0,Coastal,178.8,2078.8,High,-76.2492413613,36.2650187228,High
32838,8216,Granville,148,60720.0,Eastern,114.6,1466.3,High,-78.6527194252,36.3040698262,High
32884,6605,Stokes,148,44422.0,Northern,99.1,2146.85,High,-80.2395157151,36.4019040049,High
32885,12996,Surry,148,70573.0,Northern,134.0,1507.5,High,-80.6880779273,36.4148205561,High
32868,1756,Pamlico,148,12215.0,Coastal,36.5,2321.5,Substantial,-76.6694598427,35.151021226,Substantial
32883,12088,Stanly,148,62143.0,Central,158.2,2425.2,High,-80.2509863077,35.3119550622,High
32849,5868,Jackson,148,41919.0,Western,87.8,1864.6,High,-83.1408496187,35.2875866253,High
32807,2539,Bertie,148,17302.0,Coastal,25.7,1594.6,Substantial,-76.9667121404,36.0656302022,High
32832,8112,Edgecombe,148,48604.0,Coastal,96.7,2366.3,Substantial,-77.5970588882,35.912880671,High
32826,2988,Currituck,148,29385.0,Coastal,107.3,1344.3,High,-75.936949201,36.3672994836,High
32848,30047,Iredell,148,192986.0,Northern,325.0,1866.4,High,-80.8734378255,35.8070259189,High
32863,15557,Nash,148,96101.0,Coastal,175.7,1838.5,Substantial,-77.9864448378,35.9672502839,High
32808,5584,Bladen,148,29171.0,Coastal,33.8,2578.5,High,-78.5636493115,34.6145873342,High
32819,4726,Cherokee,148,28738.0,Western,63.2,3613.3,Substantial,-84.063444228,35.1338574515,High
32822,18834,Cleveland,148,99332.0,Western,214.4,2001.7,Substantial,-81.5555471412,35.3341018022,High
32857,3731,Martin,148,21503.0,Coastal,48.3,2717.4,Substantial,-77.109232267,35.843213981,High
32876,7285,Richmond,148,43006.0,Eastern,90.7,5508.4,Substantial,-79.7477780226,35.0060483545,High
32833,53624,Forsyth,148,387703.0,Northern,938.1,4129.5,High,-80.256300016,36.1306195485,High
32862,13936,Moore,148,102966.0,Eastern,142.9,1617.3,Substantial,-79.4813744392,35.3106538555,High
32836,1133,Gates,148,10324.0,Coastal,30.8,750.9,High,-76.7005266521,36.4449435708,High
32812,33993,Cabarrus,148,232873.0,Central,625.1,1374.8,High,-80.5518508851,35.3867940405,High
32871,1661,Perquimans,148,13049.0,Coastal,52.6,684.8,High,-76.4076199893,36.1772228503,High
32875,22499,Randolph,148,143325.0,Northern,184.3,1615.5,Substantial,-79.8060069064,35.7103417044,High
32856,2899,Madison,148,21146.0,Western,47.1,1247.6,High,-82.7057582627,35.8580358086,High
32858,8827,McDowell,148,44151.0,Western,101.3,2610.9,High,-82.0493124426,35.6816924709,High
32874,2416,Polk,148,19461.0,Western,81.3,1596.5,Substantial,-82.1696779265,35.2792789622,High
32859,161567,Mecklenburg,148,1128426.0,Central,2130.4,3736.1,High,-80.8327311406,35.2467670437,High
32813,13905,Caldwell,148,81319.0,Northern,170.9,2504.8,High,-81.5464366451,35.9530379334,High
32814,1205,Camden,148,10537.0,Coastal,43.1,793.0,Substantial,-76.1609504039,36.3411216216,High
32873,30292,Pitt,148,173536.0,Coastal,261.0,2238.9,Substantial,-77.3744965519,35.5932989746,High
32860,2143,Mitchell,148,14783.0,Western,67.4,458.42,High,-82.1635815487,36.0132038869,High
32897,13532,Wilson,148,79078.0,Coastal,214.3,2386.9,Substantial,-77.9186629547,35.7051457145,High
32861,4660,Montgomery,148,25485.0,Eastern,52.4,2480.1,High,-79.9054790812,35.332466935,High
32800,27229,Alamance,148,175029.0,Northern,404.8,3065.6,High,-79.3994248175,36.0437098766,High
32820,2358,Chowan,148,13646.0,Coastal,79.4,1402.6,Substantial,-76.6021303656,36.1265615389,High
32821,1698,Clay,148,11238.0,Western,51.6,2288.34,Moderate,-83.7501767115,35.0571811284,High
32850,33476,Johnston,148,224833.0,Coastal,272.7,1547.3,High,-78.3657109025,35.5178069265,High
32877,25372,Robeson,148,115899.0,Coastal,123.0,5137.4,Substantial,-79.1038649277,34.6402420514,High
32896,10987,Wilkes,148,65151.0,Northern,87.5,1887.3,High,-81.1633856618,36.2062757623,High
32895,17444,Wayne,148,115895.0,Coastal,211.8,2813.0,High,-78.0039971272,35.3639599672,High
32882,5840,Scotland,148,33662.0,Eastern,107.1,3528.0,Substantial,-79.4804292418,34.8408848102,High
32851,1379,Jones,148,9076.0,Coastal,19.5,0.0,Substantial,-77.3551679748,35.0217248029,Substantial
32864,29241,New Hanover,148,230423.0,Coastal,1174.0,2612.3,Substantial,-77.865597569,34.1815553357,High
32801,6702,Alexander,148,36172.0,Northern,140.2,1440.7,High,-81.1770268506,35.9210263138,High
32825,47367,Cumberland,148,341793.0,Eastern,512.9,3748.5,Substantial,-78.8275607671,35.048611942,High
32881,11520,Sampson,148,58371.0,Coastal,62.4,2241.9,Substantial,-78.3713906105,34.9915361594,High
32852,9600,Lee,148,64360.0,Eastern,248.1,1631.1,Substantial,-79.1714836119,35.4751864248,High
32815,8697,Carteret,148,69039.0,Coastal,133.3,1912.1,High,-76.5357430669,34.8612598084,Substantial
32809,16771,Brunswick,148,144821.0,Coastal,160.8,1537.1,Substantial,-78.2274071617,34.0388755841,High
32811,16089,Burke,148,88398.0,Western,173.0,1836.1,Substantial,-81.7047784739,35.7496106399,High
32835,41343,Gaston,148,233387.0,Central,640.7,2912.4,High,-81.1802416273,35.2943489527,High
32853,9659,Lenoir,148,54323.0,Coastal,138.1,3246.04,Substantial,-77.6412486292,35.2387731611,High
32824,14541,Craven,148,102568.0,Coastal,142.5,2112.3,Substantial,-77.082003837,35.117685821,High
32837,1352,Graham,148,7935.0,Western,27.5,8085.4,High,-83.833581803,35.350171951,High
32879,26912,Rowan,148,148565.0,Northern,287.1,2292.8,High,-80.5247717485,35.6394734632,High
32854,15646,Lincoln,148,88742.0,Central,293.4,1745.2,High,-81.2235326264,35.4855950234,High
32810,29532,Buncombe,148,271638.0,Western,410.4,3012.8,High,-82.5301070587,35.611177887,High
32855,5111,Macon,148,37041.0,Western,71.8,2077.4,Substantial,-83.4221767088,35.1504672096,High
32870,9099,Pender,148,62250.0,Coastal,69.1,1461.9,High,-77.8884355846,34.5150997489,High
32878,12784,Rockingham,148,90457.0,Northern,161.0,2130.4,High,-79.7749871967,36.3960127906,High
32823,10269,Columbus,148,49795.0,Coastal,54.0,2887.71,Substantial,-78.6550308717,34.2656450828,High
32880,11730,Rutherford,148,63870.0,Western,114.0,2009.9,Substantial,-81.9198334642,35.4025956291,High
32827,4064,Dare,148,37817.0,Coastal,96.3,1872.9,High,-75.6852333134,35.664936694,High
32872,5285,Person,148,39048.0,Eastern,99.7,1862.8,High,-78.9718051426,36.3900951244,High
32890,7043,Vance,148,41665.0,Eastern,168.7,3584.5,High,-78.4079288849,36.3649169333,High
32842,18959,Harnett,148,134986.0,Eastern,224.5,2172.6,Substantial,-78.8694125204,35.3686291614,High
32839,3381,Greene,148,19978.0,Coastal,76.7,1640.3,High,-77.6757626742,35.4849957203,High
32866,30468,Onslow,148,207928.0,Coastal,268.4,2191.23,Substantial,-77.4157658244,34.709836363,High
32841,8039,Halifax,148,47859.0,Coastal,67.2,2754.7,Moderate,-77.6517329831,36.2574485453,Substantial
32893,1633,Washington,148,10708.0,Coastal,31.8,1746.8,Moderate,-76.5693098876,35.8392646425,High
32888,574,Tyrrell,148,3315.0,Coastal,8.3,957.2,High,-76.1704523585,35.8694070017,High
32830,10138,Duplin,148,48249.0,Coastal,59.8,2911.6,Substantial,-77.9330277459,34.9365348363,High
32802,1777,Alleghany,148,11057.0,Northern,46.4,697.2,High,-81.1278593427,36.4912704378,High
32865,2629,Northampton,148,16953.0,Eastern,32.6,2092.6,Moderate,-77.3968212099,36.4177312434,Substantial
32817,29159,Catawba,148,162841.0,Northern,400.2,2802.5,High,-81.2150705598,35.662042354,High
32845,2892,Hertford,148,20374.0,Coastal,61.0,2281.6,Moderate,-76.9807147831,36.3586360305,High
32803,4016,Anson,148,22028.0,Central,41.5,2802.1,High,-80.102712026,34.9737894417,High
32846,7410,Hoke,148,53783.0,Eastern,133.5,2028.14,High,-79.237290715,35.0175290075,High
32834,10240,Franklin,148,70655.0,Eastern,139.4,1314.6,High,-78.2856965824,36.0827733527,High
32804,3575,Ashe,148,26506.0,Northern,62.3,1123.1,High,-81.5005211955,36.434424701,High
32831,35981,Durham,148,331347.0,Eastern,1133.7,3966.0,Substantial,-78.8765926949,36.0360299243,High
32806,7412,Beaufort,148,44150.0,Coastal,53.6,2157.95,Substantial,-76.8453144055,35.486983815,High
32891,135430,Wake,148,1154170.0,Eastern,1353.3,1846.0,High,-78.6503081729,35.7902443741,High
32840,70140,Guilford,148,545484.0,Northern,838.0,3371.1,Substantial,-79.7889042685,36.0794717315,High
32899,2996,Yancey,148,18320.0,Western,59.1,557.0,High,-82.3076279784,35.8989479924,High
32867,12182,Orange,148,148331.0,Eastern,374.0,1991.9,Substantial,-79.120649356,36.0611182361,High
32816,3282,Caswell,148,22400.0,Eastern,53.5,317.5,Substantial,-79.3335234769,36.3932742158,High
32894,6879,Watauga,148,54804.0,Northern,173.1,1191.8,Substantial,-81.6964250718,36.2311062795,High
32887,3982,Transylvania,148,32825.0,Western,87.2,978.5,Substantial,-82.7983001279,35.2021778635,High
32892,2456,Warren,148,18621.0,Eastern,43.4,2235.0,Substantial,-78.1067171324,36.3965102811,High
32898,6248,Yadkin,148,36925.0,Northern,111.1,1820.8,High,-80.6652439331,36.1605336919,High
32843,7777,Haywood,148,62831.0,Western,112.2,3591.8,High,-82.9821729698,35.5560557128,High
32828,26658,Davidson,148,171752.0,Northern,305.4,1757.8,High,-80.2127487756,35.7933524917,High
32844,15889,Henderson,148,117429.0,Western,311.8,2039.7,High,-82.4799463782,35.3362263031,High
32829,6677,Davie,148,43127.0,Northern,162.0,1665.25,High,-80.5444636482,35.929110866,High
32847,852,Hyde,148,4595.0,Coastal,7.5,0.0,High,-76.1449651093,35.4081187361,High
32886,2027,Swain,148,14046.0,Western,26.8,3517.8,High,-83.4927393736,35.4868150519,High
32889,37764,Union,148,244960.0,Central,376.6,1582.3,High,-80.5307400446,34.9883574887,High
32805,2859,Avery,148,17347.0,Western,72.0,1003.4,High,-81.9226013745,36.0766050343,High
32966,30468,Onslow,149,207928.0,Coastal,268.4,2191.23,Moderate,-77.4157658244,34.709836363,High
32974,2416,Polk,149,19461.0,Western,81.3,1596.5,Substantial,-82.1696779265,35.2792789622,High
32904,3575,Ashe,149,26506.0,Northern,62.3,1123.1,High,-81.5005211955,36.434424701,High
32964,29241,New Hanover,149,230423.0,Coastal,1174.0,2612.3,Moderate,-77.865597569,34.1815553357,High
32982,5840,Scotland,149,33662.0,Eastern,107.1,3528.0,Moderate,-79.4804292418,34.8408848102,High
32955,5111,Macon,149,37041.0,Western,71.8,2077.4,Moderate,-83.4221767088,35.1504672096,High
32908,5584,Bladen,149,29171.0,Coastal,33.8,2578.5,High,-78.5636493115,34.6145873342,High
32995,17444,Wayne,149,115895.0,Coastal,211.8,2813.0,High,-78.0039971272,35.3639599672,High
32928,26658,Davidson,149,171752.0,Northern,305.4,1757.8,High,-80.2127487756,35.7933524917,High
32960,2143,Mitchell,149,14783.0,Western,67.4,458.42,High,-82.1635815487,36.0132038869,High
32996,10987,Wilkes,149,65151.0,Northern,87.5,1887.3,High,-81.1633856618,36.2062757623,High
32943,7777,Haywood,149,62831.0,Western,112.2,3591.8,High,-82.9821729698,35.5560557128,High
32965,2629,Northampton,149,16953.0,Eastern,32.6,2092.6,Moderate,-77.3968212099,36.4177312434,Substantial
32903,4016,Anson,149,22028.0,Central,41.5,2802.1,High,-80.102712026,34.9737894417,High
32970,9099,Pender,149,62250.0,Coastal,69.1,1461.9,High,-77.8884355846,34.5150997489,High
32923,10269,Columbus,149,49795.0,Coastal,54.0,2887.71,Substantial,-78.6550308717,34.2656450828,High
32978,12784,Rockingham,149,90457.0,Northern,161.0,2130.4,High,-79.7749871967,36.3960127906,High
32972,5285,Person,149,39048.0,Eastern,99.7,1862.8,High,-78.9718051426,36.3900951244,High
32975,22499,Randolph,149,143325.0,Northern,184.3,1615.5,Substantial,-79.8060069064,35.7103417044,High
32951,1379,Jones,149,9076.0,Coastal,19.5,0.0,Moderate,-77.3551679748,35.0217248029,Substantial
32980,11730,Rutherford,149,63870.0,Western,114.0,2009.9,Substantial,-81.9198334642,35.4025956291,High
32953,9659,Lenoir,149,54323.0,Coastal,138.1,3246.04,Substantial,-77.6412486292,35.2387731611,High
32914,1205,Camden,149,10537.0,Coastal,43.1,793.0,Substantial,-76.1609504039,36.3411216216,High
32916,3282,Caswell,149,22400.0,Eastern,53.5,317.5,Substantial,-79.3335234769,36.3932742158,High
32929,6677,Davie,149,43127.0,Northern,162.0,1665.25,High,-80.5444636482,35.929110866,High
32992,2456,Warren,149,18621.0,Eastern,43.4,2235.0,Substantial,-78.1067171324,36.3965102811,High
32935,41343,Gaston,149,233387.0,Central,640.7,2912.4,High,-81.1802416273,35.2943489527,High
32909,16771,Brunswick,149,144821.0,Coastal,160.8,1537.1,Substantial,-78.2274071617,34.0388755841,High
32905,2859,Avery,149,17347.0,Western,72.0,1003.4,High,-81.9226013745,36.0766050343,High
32989,37764,Union,149,244960.0,Central,376.6,1582.3,High,-80.5307400446,34.9883574887,High
32924,14541,Craven,149,102568.0,Coastal,142.5,2112.3,Moderate,-77.082003837,35.117685821,High
32952,9600,Lee,149,64360.0,Eastern,248.1,1631.1,Moderate,-79.1714836119,35.4751864248,High
32913,13905,Caldwell,149,81319.0,Northern,170.9,2504.8,Substantial,-81.5464366451,35.9530379334,High
32937,1352,Graham,149,7935.0,Western,27.5,8085.4,High,-83.833581803,35.350171951,High
32988,574,Tyrrell,149,3315.0,Coastal,8.3,957.2,High,-76.1704523585,35.8694070017,High
32981,11520,Sampson,149,58371.0,Coastal,62.4,2241.9,Substantial,-78.3713906105,34.9915361594,High
32939,3381,Greene,149,19978.0,Coastal,76.7,1640.3,Substantial,-77.6757626742,35.4849957203,High
32999,2996,Yancey,149,18320.0,Western,59.1,557.0,High,-82.3076279784,35.8989479924,High
32959,161567,Mecklenburg,149,1128426.0,Central,2130.4,3736.1,Substantial,-80.8327311406,35.2467670437,High
32997,13532,Wilson,149,79078.0,Coastal,214.3,2386.9,Substantial,-77.9186629547,35.7051457145,High
32931,35981,Durham,149,331347.0,Eastern,1133.7,3966.0,Substantial,-78.8765926949,36.0360299243,High
32934,10240,Franklin,149,70655.0,Eastern,139.4,1314.6,Substantial,-78.2856965824,36.0827733527,High
32950,33476,Johnston,149,224833.0,Coastal,272.7,1547.3,Substantial,-78.3657109025,35.5178069265,High
32910,29532,Buncombe,149,271638.0,Western,410.4,3012.8,High,-82.5301070587,35.611177887,High
32901,6702,Alexander,149,36172.0,Northern,140.2,1440.7,High,-81.1770268506,35.9210263138,High
32979,26912,Rowan,149,148565.0,Northern,287.1,2292.8,Substantial,-80.5247717485,35.6394734632,High
32925,47367,Cumberland,149,341793.0,Eastern,512.9,3748.5,Substantial,-78.8275607671,35.048611942,High
32945,2892,Hertford,149,20374.0,Coastal,61.0,2281.6,Moderate,-76.9807147831,36.3586360305,High
32941,8039,Halifax,149,47859.0,Coastal,67.2,2754.7,Moderate,-77.6517329831,36.2574485453,Substantial
32915,8697,Carteret,149,69039.0,Coastal,133.3,1912.1,High,-76.5357430669,34.8612598084,Substantial
32973,30292,Pitt,149,173536.0,Coastal,261.0,2238.9,Substantial,-77.3744965519,35.5932989746,High
32954,15646,Lincoln,149,88742.0,Central,293.4,1745.2,High,-81.2235326264,35.4855950234,High
32963,15557,Nash,149,96101.0,Coastal,175.7,1838.5,Substantial,-77.9864448378,35.9672502839,High
32944,15889,Henderson,149,117429.0,Western,311.8,2039.7,High,-82.4799463782,35.3362263031,High
32984,6605,Stokes,149,44422.0,Northern,99.1,2146.85,High,-80.2395157151,36.4019040049,High
32947,852,Hyde,149,4595.0,Coastal,7.5,0.0,Substantial,-76.1449651093,35.4081187361,High
32920,2358,Chowan,149,13646.0,Coastal,79.4,1402.6,Substantial,-76.6021303656,36.1265615389,High
32948,30047,Iredell,149,192986.0,Northern,325.0,1866.4,High,-80.8734378255,35.8070259189,High
32936,1133,Gates,149,10324.0,Coastal,30.8,750.9,Substantial,-76.7005266521,36.4449435708,High
32922,18834,Cleveland,149,99332.0,Western,214.4,2001.7,Substantial,-81.5555471412,35.3341018022,High
32900,27229,Alamance,149,175029.0,Northern,404.8,3065.6,Substantial,-79.3994248175,36.0437098766,High
32917,29159,Catawba,149,162841.0,Northern,400.2,2802.5,Substantial,-81.2150705598,35.662042354,High
32906,7412,Beaufort,149,44150.0,Coastal,53.6,2157.95,Substantial,-76.8453144055,35.486983815,High
32918,6960,Chatham,149,77095.0,Eastern,111.9,1456.0,Substantial,-79.2552758614,35.7025721296,High
32986,2027,Swain,149,14046.0,Western,26.8,3517.8,High,-83.4927393736,35.4868150519,High
32991,135430,Wake,149,1154170.0,Eastern,1353.3,1846.0,Substantial,-78.6503081729,35.7902443741,High
32930,10138,Duplin,149,48249.0,Coastal,59.8,2911.6,Moderate,-77.9330277459,34.9365348363,High
32957,3731,Martin,149,21503.0,Coastal,48.3,2717.4,Moderate,-77.109232267,35.843213981,High
32990,7043,Vance,149,41665.0,Eastern,168.7,3584.5,High,-78.4079288849,36.3649169333,High
32932,8112,Edgecombe,149,48604.0,Coastal,96.7,2366.3,Substantial,-77.5970588882,35.912880671,High
32907,2539,Bertie,149,17302.0,Coastal,25.7,1594.6,Substantial,-76.9667121404,36.0656302022,High
32962,13936,Moore,149,102966.0,Eastern,142.9,1617.3,Substantial,-79.4813744392,35.3106538555,High
32940,70140,Guilford,149,545484.0,Northern,838.0,3371.1,Substantial,-79.7889042685,36.0794717315,High
32938,8216,Granville,149,60720.0,Eastern,114.6,1466.3,High,-78.6527194252,36.3040698262,High
32976,7285,Richmond,149,43006.0,Eastern,90.7,5508.4,Moderate,-79.7477780226,35.0060483545,High
32971,1661,Perquimans,149,13049.0,Coastal,52.6,684.8,High,-76.4076199893,36.1772228503,High
32933,53624,Forsyth,149,387703.0,Northern,938.1,4129.5,High,-80.256300016,36.1306195485,High
32942,18959,Harnett,149,134986.0,Eastern,224.5,2172.6,Substantial,-78.8694125204,35.3686291614,High
32919,4726,Cherokee,149,28738.0,Western,63.2,3613.3,Moderate,-84.063444228,35.1338574515,High
32958,8827,McDowell,149,44151.0,Western,101.3,2610.9,Substantial,-82.0493124426,35.6816924709,High
32949,5868,Jackson,149,41919.0,Western,87.8,1864.6,High,-83.1408496187,35.2875866253,High
32969,5492,Pasquotank,149,40966.0,Coastal,178.8,2078.8,Substantial,-76.2492413613,36.2650187228,High
32994,6879,Watauga,149,54804.0,Northern,173.1,1191.8,Substantial,-81.6964250718,36.2311062795,High
32961,4660,Montgomery,149,25485.0,Eastern,52.4,2480.1,Substantial,-79.9054790812,35.332466935,High
32946,7410,Hoke,149,53783.0,Eastern,133.5,2028.14,Substantial,-79.237290715,35.0175290075,High
32968,1756,Pamlico,149,12215.0,Coastal,36.5,2321.5,Substantial,-76.6694598427,35.151021226,High
32967,12182,Orange,149,148331.0,Eastern,374.0,1991.9,Moderate,-79.120649356,36.0611182361,High
32926,2988,Currituck,149,29385.0,Coastal,107.3,1344.3,High,-75.936949201,36.3672994836,High
32927,4064,Dare,149,37817.0,Coastal,96.3,1872.9,Substantial,-75.6852333134,35.664936694,High
32998,6248,Yadkin,149,36925.0,Northern,111.1,1820.8,High,-80.6652439331,36.1605336919,High
32977,25372,Robeson,149,115899.0,Coastal,123.0,5137.4,Moderate,-79.1038649277,34.6402420514,High
32911,16089,Burke,149,88398.0,Western,173.0,1836.1,Substantial,-81.7047784739,35.7496106399,High
32985,12996,Surry,149,70573.0,Northern,134.0,1507.5,High,-80.6880779273,36.4148205561,High
32956,2899,Madison,149,21146.0,Western,47.1,1247.6,High,-82.7057582627,35.8580358086,High
32912,33993,Cabarrus,149,232873.0,Central,625.1,1374.8,Substantial,-80.5518508851,35.3867940405,High
32983,12088,Stanly,149,62143.0,Central,158.2,2425.2,High,-80.2509863077,35.3119550622,High
32993,1633,Washington,149,10708.0,Coastal,31.8,1746.8,Moderate,-76.5693098876,35.8392646425,High
32921,1698,Clay,149,11238.0,Western,51.6,2288.34,Moderate,-83.7501767115,35.0571811284,High
32987,3982,Transylvania,149,32825.0,Western,87.2,978.5,Moderate,-82.7983001279,35.2021778635,High
32902,1777,Alleghany,149,11057.0,Northern,46.4,697.2,High,-81.1278593427,36.4912704378,High
33033,53624,Forsyth,150,387703.0,Northern,938.1,4129.5,High,-80.256300016,36.1306195485,High
33093,1633,Washington,150,10708.0,Coastal,31.8,1746.8,Moderate,-76.5693098876,35.8392646425,High
33062,13936,Moore,150,102966.0,Eastern,142.9,1617.3,Substantial,-79.4813744392,35.3106538555,High
33037,1352,Graham,150,7935.0,Western,27.5,8085.4,High,-83.833581803,35.350171951,High
33053,9659,Lenoir,150,54323.0,Coastal,138.1,3246.04,Substantial,-77.6412486292,35.2387731611,High
33042,18959,Harnett,150,134986.0,Eastern,224.5,2172.6,Substantial,-78.8694125204,35.3686291614,High
33013,13905,Caldwell,150,81319.0,Northern,170.9,2504.8,Substantial,-81.5464366451,35.9530379334,High
33099,2996,Yancey,150,18320.0,Western,59.1,557.0,High,-82.3076279784,35.8989479924,High
33024,14541,Craven,150,102568.0,Coastal,142.5,2112.3,Moderate,-77.082003837,35.117685821,High
33036,1133,Gates,150,10324.0,Coastal,30.8,750.9,Substantial,-76.7005266521,36.4449435708,High
33012,33993,Cabarrus,150,232873.0,Central,625.1,1374.8,Substantial,-80.5518508851,35.3867940405,High
33091,135430,Wake,150,1154170.0,Eastern,1353.3,1846.0,Substantial,-78.6503081729,35.7902443741,High
33035,41343,Gaston,150,233387.0,Central,640.7,2912.4,High,-81.1802416273,35.2943489527,High
33067,12182,Orange,150,148331.0,Eastern,374.0,1991.9,Moderate,-79.120649356,36.0611182361,High
33090,7043,Vance,150,41665.0,Eastern,168.7,3584.5,High,-78.4079288849,36.3649169333,High
33063,15557,Nash,150,96101.0,Coastal,175.7,1838.5,Substantial,-77.9864448378,35.9672502839,High
33058,8827,McDowell,150,44151.0,Western,101.3,2610.9,Substantial,-82.0493124426,35.6816924709,High
33011,16089,Burke,150,88398.0,Western,173.0,1836.1,Substantial,-81.7047784739,35.7496106399,High
33043,7777,Haywood,150,62831.0,Western,112.2,3591.8,High,-82.9821729698,35.5560557128,High
33074,2416,Polk,150,19461.0,Western,81.3,1596.5,Substantial,-82.1696779265,35.2792789622,High
33070,9099,Pender,150,62250.0,Coastal,69.1,1461.9,High,-77.8884355846,34.5150997489,High
33077,25372,Robeson,150,115899.0,Coastal,123.0,5137.4,Moderate,-79.1038649277,34.6402420514,High
33003,4016,Anson,150,22028.0,Central,41.5,2802.1,High,-80.102712026,34.9737894417,High
33055,5111,Macon,150,37041.0,Western,71.8,2077.4,Moderate,-83.4221767088,35.1504672096,High
33002,1777,Alleghany,150,11057.0,Northern,46.4,697.2,High,-81.1278593427,36.4912704378,High
33066,30468,Onslow,150,207928.0,Coastal,268.4,2191.23,Moderate,-77.4157658244,34.709836363,High
33056,2899,Madison,150,21146.0,Western,47.1,1247.6,High,-82.7057582627,35.8580358086,High
33078,12784,Rockingham,150,90457.0,Northern,161.0,2130.4,High,-79.7749871967,36.3960127906,High
33019,4726,Cherokee,150,28738.0,Western,63.2,3613.3,Moderate,-84.063444228,35.1338574515,High
33021,1698,Clay,150,11238.0,Western,51.6,2288.34,Moderate,-83.7501767115,35.0571811284,High
33004,3575,Ashe,150,26506.0,Northern,62.3,1123.1,High,-81.5005211955,36.434424701,High
33022,18834,Cleveland,150,99332.0,Western,214.4,2001.7,Substantial,-81.5555471412,35.3341018022,High
33010,29532,Buncombe,150,271638.0,Western,410.4,3012.8,High,-82.5301070587,35.611177887,High
33017,29159,Catawba,150,162841.0,Northern,400.2,2802.5,Substantial,-81.2150705598,35.662042354,High
33023,10269,Columbus,150,49795.0,Coastal,54.0,2887.71,Substantial,-78.6550308717,34.2656450828,High
33059,161567,Mecklenburg,150,1128426.0,Central,2130.4,3736.1,Substantial,-80.8327311406,35.2467670437,High
33030,10138,Duplin,150,48249.0,Coastal,59.8,2911.6,Moderate,-77.9330277459,34.9365348363,High
33029,6677,Davie,150,43127.0,Northern,162.0,1665.25,High,-80.5444636482,35.929110866,High
33057,3731,Martin,150,21503.0,Coastal,48.3,2717.4,Moderate,-77.109232267,35.843213981,High
33054,15646,Lincoln,150,88742.0,Central,293.4,1745.2,High,-81.2235326264,35.4855950234,High
33071,1661,Perquimans,150,13049.0,Coastal,52.6,684.8,High,-76.4076199893,36.1772228503,High
33089,37764,Union,150,244960.0,Central,376.6,1582.3,High,-80.5307400446,34.9883574887,High
33016,3282,Caswell,150,22400.0,Eastern,53.5,317.5,Substantial,-79.3335234769,36.3932742158,High
33076,7285,Richmond,150,43006.0,Eastern,90.7,5508.4,Moderate,-79.7477780226,35.0060483545,High
33079,26912,Rowan,150,148565.0,Northern,287.1,2292.8,Substantial,-80.5247717485,35.6394734632,High
33041,8039,Halifax,150,47859.0,Coastal,67.2,2754.7,Moderate,-77.6517329831,36.2574485453,Substantial
33039,3381,Greene,150,19978.0,Coastal,76.7,1640.3,Substantial,-77.6757626742,35.4849957203,High
33096,10987,Wilkes,150,65151.0,Northern,87.5,1887.3,High,-81.1633856618,36.2062757623,High
33027,4064,Dare,150,37817.0,Coastal,96.3,1872.9,Substantial,-75.6852333134,35.664936694,High
33050,33476,Johnston,150,224833.0,Coastal,272.7,1547.3,Substantial,-78.3657109025,35.5178069265,High
33040,70140,Guilford,150,545484.0,Northern,838.0,3371.1,Substantial,-79.7889042685,36.0794717315,High
33001,6702,Alexander,150,36172.0,Northern,140.2,1440.7,High,-81.1770268506,35.9210263138,High
33020,2358,Chowan,150,13646.0,Coastal,79.4,1402.6,Substantial,-76.6021303656,36.1265615389,High
33031,35981,Durham,150,331347.0,Eastern,1133.7,3966.0,Substantial,-78.8765926949,36.0360299243,High
33051,1379,Jones,150,9076.0,Coastal,19.5,0.0,Moderate,-77.3551679748,35.0217248029,Substantial
33097,13532,Wilson,150,79078.0,Coastal,214.3,2386.9,Substantial,-77.9186629547,35.7051457145,High
33007,2539,Bertie,150,17302.0,Coastal,25.7,1594.6,Substantial,-76.9667121404,36.0656302022,High
33006,7412,Beaufort,150,44150.0,Coastal,53.6,2157.95,Substantial,-76.8453144055,35.486983815,High
33082,5840,Scotland,150,33662.0,Eastern,107.1,3528.0,Moderate,-79.4804292418,34.8408848102,High
33064,29241,New Hanover,150,230423.0,Coastal,1174.0,2612.3,Moderate,-77.865597569,34.1815553357,High
33018,6960,Chatham,150,77095.0,Eastern,111.9,1456.0,Substantial,-79.2552758614,35.7025721296,High
33095,17444,Wayne,150,115895.0,Coastal,211.8,2813.0,High,-78.0039971272,35.3639599672,High
33028,26658,Davidson,150,171752.0,Northern,305.4,1757.8,High,-80.2127487756,35.7933524917,High
33084,6605,Stokes,150,44422.0,Northern,99.1,2146.85,High,-80.2395157151,36.4019040049,High
33060,2143,Mitchell,150,14783.0,Western,67.4,458.42,High,-82.1635815487,36.0132038869,High
33000,27229,Alamance,150,175029.0,Northern,404.8,3065.6,Substantial,-79.3994248175,36.0437098766,High
33046,7410,Hoke,150,53783.0,Eastern,133.5,2028.14,Substantial,-79.237290715,35.0175290075,High
33049,5868,Jackson,150,41919.0,Western,87.8,1864.6,High,-83.1408496187,35.2875866253,High
33008,5584,Bladen,150,29171.0,Coastal,33.8,2578.5,High,-78.5636493115,34.6145873342,High
33065,2629,Northampton,150,16953.0,Eastern,32.6,2092.6,Moderate,-77.3968212099,36.4177312434,Substantial
33034,10240,Franklin,150,70655.0,Eastern,139.4,1314.6,Substantial,-78.2856965824,36.0827733527,High
33044,15889,Henderson,150,117429.0,Western,311.8,2039.7,High,-82.4799463782,35.3362263031,High
33061,4660,Montgomery,150,25485.0,Eastern,52.4,2480.1,Substantial,-79.9054790812,35.332466935,High
33026,2988,Currituck,150,29385.0,Coastal,107.3,1344.3,High,-75.936949201,36.3672994836,High
33087,3982,Transylvania,150,32825.0,Western,87.2,978.5,Moderate,-82.7983001279,35.2021778635,High
33094,6879,Watauga,150,54804.0,Northern,173.1,1191.8,Substantial,-81.6964250718,36.2311062795,High
33083,12088,Stanly,150,62143.0,Central,158.2,2425.2,High,-80.2509863077,35.3119550622,High
33032,8112,Edgecombe,150,48604.0,Coastal,96.7,2366.3,Substantial,-77.5970588882,35.912880671,High
33092,2456,Warren,150,18621.0,Eastern,43.4,2235.0,Substantial,-78.1067171324,36.3965102811,High
33038,8216,Granville,150,60720.0,Eastern,114.6,1466.3,High,-78.6527194252,36.3040698262,High
33025,47367,Cumberland,150,341793.0,Eastern,512.9,3748.5,Substantial,-78.8275607671,35.048611942,High
33014,1205,Camden,150,10537.0,Coastal,43.1,793.0,Substantial,-76.1609504039,36.3411216216,High
33080,11730,Rutherford,150,63870.0,Western,114.0,2009.9,Substantial,-81.9198334642,35.4025956291,High
33075,22499,Randolph,150,143325.0,Northern,184.3,1615.5,Substantial,-79.8060069064,35.7103417044,High
33072,5285,Person,150,39048.0,Eastern,99.7,1862.8,High,-78.9718051426,36.3900951244,High
33098,6248,Yadkin,150,36925.0,Northern,111.1,1820.8,High,-80.6652439331,36.1605336919,High
33009,16771,Brunswick,150,144821.0,Coastal,160.8,1537.1,Substantial,-78.2274071617,34.0388755841,High
33005,2859,Avery,150,17347.0,Western,72.0,1003.4,High,-81.9226013745,36.0766050343,High
33085,12996,Surry,150,70573.0,Northern,134.0,1507.5,High,-80.6880779273,36.4148205561,High
33052,9600,Lee,150,64360.0,Eastern,248.1,1631.1,Moderate,-79.1714836119,35.4751864248,High
33073,30292,Pitt,150,173536.0,Coastal,261.0,2238.9,Substantial,-77.3744965519,35.5932989746,High
33086,2027,Swain,150,14046.0,Western,26.8,3517.8,High,-83.4927393736,35.4868150519,High
33048,30047,Iredell,150,192986.0,Northern,325.0,1866.4,High,-80.8734378255,35.8070259189,High
33088,574,Tyrrell,150,3315.0,Coastal,8.3,957.2,High,-76.1704523585,35.8694070017,High
33081,11520,Sampson,150,58371.0,Coastal,62.4,2241.9,Substantial,-78.3713906105,34.9915361594,High
33015,8697,Carteret,150,69039.0,Coastal,133.3,1912.1,High,-76.5357430669,34.8612598084,Substantial
33047,852,Hyde,150,4595.0,Coastal,7.5,0.0,Substantial,-76.1449651093,35.4081187361,High
33069,5492,Pasquotank,150,40966.0,Coastal,178.8,2078.8,Substantial,-76.2492413613,36.2650187228,High
33068,1756,Pamlico,150,12215.0,Coastal,36.5,2321.5,Substantial,-76.6694598427,35.151021226,High
33045,2892,Hertford,150,20374.0,Coastal,61.0,2281.6,Moderate,-76.9807147831,36.3586360305,High
33185,12996,Surry,151,70573.0,Northern,134.0,1507.5,High,-80.6880779273,36.4148205561,High
33172,5285,Person,151,39048.0,Eastern,99.7,1862.8,High,-78.9718051426,36.3900951244,High
33193,1633,Washington,151,10708.0,Coastal,31.8,1746.8,Moderate,-76.5693098876,35.8392646425,High
33102,1777,Alleghany,151,11057.0,Northern,46.4,697.2,High,-81.1278593427,36.4912704378,High
33167,12182,Orange,151,148331.0,Eastern,374.0,1991.9,Moderate,-79.120649356,36.0611182361,High
33149,5868,Jackson,151,41919.0,Western,87.8,1864.6,High,-83.1408496187,35.2875866253,High
33156,2899,Madison,151,21146.0,Western,47.1,1247.6,High,-82.7057582627,35.8580358086,High
33100,27229,Alamance,151,175029.0,Northern,404.8,3065.6,Substantial,-79.3994248175,36.0437098766,High
33134,10240,Franklin,151,70655.0,Eastern,139.4,1314.6,Substantial,-78.2856965824,36.0827733527,High
33140,70140,Guilford,151,545484.0,Northern,838.0,3371.1,Substantial,-79.7889042685,36.0794717315,High
33194,6879,Watauga,151,54804.0,Northern,173.1,1191.8,Substantial,-81.6964250718,36.2311062795,High
33126,2988,Currituck,151,29385.0,Coastal,107.3,1344.3,High,-75.936949201,36.3672994836,High
33133,53624,Forsyth,151,387703.0,Northern,938.1,4129.5,High,-80.256300016,36.1306195485,High
33175,22499,Randolph,151,143325.0,Northern,184.3,1615.5,Substantial,-79.8060069064,35.7103417044,High
33132,8112,Edgecombe,151,48604.0,Coastal,96.7,2366.3,Substantial,-77.5970588882,35.912880671,High
33168,1756,Pamlico,151,12215.0,Coastal,36.5,2321.5,Substantial,-76.6694598427,35.151021226,High
33186,2027,Swain,151,14046.0,Western,26.8,3517.8,High,-83.4927393736,35.4868150519,High
33177,25372,Robeson,151,115899.0,Coastal,123.0,5137.4,Moderate,-79.1038649277,34.6402420514,High
33146,7410,Hoke,151,53783.0,Eastern,133.5,2028.14,Substantial,-79.237290715,35.0175290075,High
33112,33993,Cabarrus,151,232873.0,Central,625.1,1374.8,Substantial,-80.5518508851,35.3867940405,High
33176,7285,Richmond,151,43006.0,Eastern,90.7,5508.4,Moderate,-79.7477780226,35.0060483545,High
33122,18834,Cleveland,151,99332.0,Western,214.4,2001.7,Substantial,-81.5555471412,35.3341018022,High
33106,7412,Beaufort,151,44150.0,Coastal,53.6,2157.95,Substantial,-76.8453144055,35.486983815,High
33136,1133,Gates,151,10324.0,Coastal,30.8,750.9,Substantial,-76.7005266521,36.4449435708,High
33148,30047,Iredell,151,192986.0,Northern,325.0,1866.4,High,-80.8734378255,35.8070259189,High
33171,1661,Perquimans,151,13049.0,Coastal,52.6,684.8,High,-76.4076199893,36.1772228503,High
33157,3731,Martin,151,21503.0,Coastal,48.3,2717.4,Moderate,-77.109232267,35.843213981,High
33138,8216,Granville,151,60720.0,Eastern,114.6,1466.3,High,-78.6527194252,36.3040698262,High
33107,2539,Bertie,151,17302.0,Coastal,25.7,1594.6,Substantial,-76.9667121404,36.0656302022,High
33130,10138,Duplin,151,48249.0,Coastal,59.8,2911.6,Moderate,-77.9330277459,34.9365348363,High
33120,2358,Chowan,151,13646.0,Coastal,79.4,1402.6,Substantial,-76.6021303656,36.1265615389,High
33119,4726,Cherokee,151,28738.0,Western,63.2,3613.3,Moderate,-84.063444228,35.1338574515,High
33121,1698,Clay,151,11238.0,Western,51.6,2288.34,Moderate,-83.7501767115,35.0571811284,High
33158,8827,McDowell,151,44151.0,Western,101.3,2610.9,Substantial,-82.0493124426,35.6816924709,High
33199,2996,Yancey,151,18320.0,Western,59.1,557.0,High,-82.3076279784,35.8989479924,High
33162,13936,Moore,151,102966.0,Eastern,142.9,1617.3,Substantial,-79.4813744392,35.3106538555,High
33118,6960,Chatham,151,77095.0,Eastern,111.9,1456.0,Substantial,-79.2552758614,35.7025721296,High
33184,6605,Stokes,151,44422.0,Northern,99.1,2146.85,High,-80.2395157151,36.4019040049,High
33147,852,Hyde,151,4595.0,Coastal,7.5,0.0,Substantial,-76.1449651093,35.4081187361,High
33198,6248,Yadkin,151,36925.0,Northern,111.1,1820.8,High,-80.6652439331,36.1605336919,High
33191,135430,Wake,151,1154170.0,Eastern,1353.3,1846.0,Substantial,-78.6503081729,35.7902443741,High
33174,2416,Polk,151,19461.0,Western,81.3,1596.5,Substantial,-82.1696779265,35.2792789622,High
33142,18959,Harnett,151,134986.0,Eastern,224.5,2172.6,Substantial,-78.8694125204,35.3686291614,High
33144,15889,Henderson,151,117429.0,Western,311.8,2039.7,High,-82.4799463782,35.3362263031,High
33180,11730,Rutherford,151,63870.0,Western,114.0,2009.9,Substantial,-81.9198334642,35.4025956291,High
33141,8039,Halifax,151,47859.0,Coastal,67.2,2754.7,Moderate,-77.6517329831,36.2574485453,Substantial
33110,29532,Buncombe,151,271638.0,Western,410.4,3012.8,High,-82.5301070587,35.611177887,High
33197,13532,Wilson,151,79078.0,Coastal,214.3,2386.9,Substantial,-77.9186629547,35.7051457145,High
33151,1379,Jones,151,9076.0,Coastal,19.5,0.0,Moderate,-77.3551679748,35.0217248029,Substantial
33129,6677,Davie,151,43127.0,Northern,162.0,1665.25,High,-80.5444636482,35.929110866,High
33111,16089,Burke,151,88398.0,Western,173.0,1836.1,Substantial,-81.7047784739,35.7496106399,High
33123,10269,Columbus,151,49795.0,Coastal,54.0,2887.71,Substantial,-78.6550308717,34.2656450828,High
33117,29159,Catawba,151,162841.0,Northern,400.2,2802.5,Substantial,-81.2150705598,35.662042354,High
33115,8697,Carteret,151,69039.0,Coastal,133.3,1912.1,High,-76.5357430669,34.8612598084,Substantial
33152,9600,Lee,151,64360.0,Eastern,248.1,1631.1,Moderate,-79.1714836119,35.4751864248,High
33127,4064,Dare,151,37817.0,Coastal,96.3,1872.9,Substantial,-75.6852333134,35.664936694,High
33173,30292,Pitt,151,173536.0,Coastal,261.0,2238.9,Substantial,-77.3744965519,35.5932989746,High
33101,6702,Alexander,151,36172.0,Northern,140.2,1440.7,High,-81.1770268506,35.9210263138,High
33159,161567,Mecklenburg,151,1128426.0,Central,2130.4,3736.1,Substantial,-80.8327311406,35.2467670437,High
33154,15646,Lincoln,151,88742.0,Central,293.4,1745.2,High,-81.2235326264,35.4855950234,High
33137,1352,Graham,151,7935.0,Western,27.5,8085.4,High,-83.833581803,35.350171951,High
33192,2456,Warren,151,18621.0,Eastern,43.4,2235.0,Substantial,-78.1067171324,36.3965102811,High
33188,574,Tyrrell,151,3315.0,Coastal,8.3,957.2,High,-76.1704523585,35.8694070017,High
33181,11520,Sampson,151,58371.0,Coastal,62.4,2241.9,Substantial,-78.3713906105,34.9915361594,High
33189,37764,Union,151,244960.0,Central,376.6,1582.3,High,-80.5307400446,34.9883574887,High
33145,2892,Hertford,151,20374.0,Coastal,61.0,2281.6,Moderate,-76.9807147831,36.3586360305,High
33116,3282,Caswell,151,22400.0,Eastern,53.5,317.5,Substantial,-79.3335234769,36.3932742158,High
33125,47367,Cumberland,151,341793.0,Eastern,512.9,3748.5,Substantial,-78.8275607671,35.048611942,High
33179,26912,Rowan,151,148565.0,Northern,287.1,2292.8,Substantial,-80.5247717485,35.6394734632,High
33114,1205,Camden,151,10537.0,Coastal,43.1,793.0,Substantial,-76.1609504039,36.3411216216,High
33165,2629,Northampton,151,16953.0,Eastern,32.6,2092.6,Moderate,-77.3968212099,36.4177312434,Substantial
33163,15557,Nash,151,96101.0,Coastal,175.7,1838.5,Substantial,-77.9864448378,35.9672502839,High
33105,2859,Avery,151,17347.0,Western,72.0,1003.4,High,-81.9226013745,36.0766050343,High
33143,7777,Haywood,151,62831.0,Western,112.2,3591.8,High,-82.9821729698,35.5560557128,High
33183,12088,Stanly,151,62143.0,Central,158.2,2425.2,High,-80.2509863077,35.3119550622,High
33190,7043,Vance,151,41665.0,Eastern,168.7,3584.5,High,-78.4079288849,36.3649169333,High
33187,3982,Transylvania,151,32825.0,Western,87.2,978.5,Moderate,-82.7983001279,35.2021778635,High
33153,9659,Lenoir,151,54323.0,Coastal,138.1,3246.04,Substantial,-77.6412486292,35.2387731611,High
33150,33476,Johnston,151,224833.0,Coastal,272.7,1547.3,Substantial,-78.3657109025,35.5178069265,High
33170,9099,Pender,151,62250.0,Coastal,69.1,1461.9,High,-77.8884355846,34.5150997489,High
33103,4016,Anson,151,22028.0,Central,41.5,2802.1,High,-80.102712026,34.9737894417,High
33196,10987,Wilkes,151,65151.0,Northern,87.5,1887.3,High,-81.1633856618,36.2062757623,High
33109,16771,Brunswick,151,144821.0,Coastal,160.8,1537.1,Substantial,-78.2274071617,34.0388755841,High
33161,4660,Montgomery,151,25485.0,Eastern,52.4,2480.1,Substantial,-79.9054790812,35.332466935,High
33169,5492,Pasquotank,151,40966.0,Coastal,178.8,2078.8,Substantial,-76.2492413613,36.2650187228,High
33135,41343,Gaston,151,233387.0,Central,640.7,2912.4,High,-81.1802416273,35.2943489527,High
33104,3575,Ashe,151,26506.0,Northern,62.3,1123.1,High,-81.5005211955,36.434424701,High
33139,3381,Greene,151,19978.0,Coastal,76.7,1640.3,Substantial,-77.6757626742,35.4849957203,High
33113,13905,Caldwell,151,81319.0,Northern,170.9,2504.8,Substantial,-81.5464366451,35.9530379334,High
33160,2143,Mitchell,151,14783.0,Western,67.4,458.42,High,-82.1635815487,36.0132038869,High
33155,5111,Macon,151,37041.0,Western,71.8,2077.4,Moderate,-83.4221767088,35.1504672096,High
33164,29241,New Hanover,151,230423.0,Coastal,1174.0,2612.3,Moderate,-77.865597569,34.1815553357,High
33166,30468,Onslow,151,207928.0,Coastal,268.4,2191.23,Moderate,-77.4157658244,34.709836363,High
33195,17444,Wayne,151,115895.0,Coastal,211.8,2813.0,High,-78.0039971272,35.3639599672,High
33178,12784,Rockingham,151,90457.0,Northern,161.0,2130.4,High,-79.7749871967,36.3960127906,High
33131,35981,Durham,151,331347.0,Eastern,1133.7,3966.0,Substantial,-78.8765926949,36.0360299243,High
33182,5840,Scotland,151,33662.0,Eastern,107.1,3528.0,Moderate,-79.4804292418,34.8408848102,High
33128,26658,Davidson,151,171752.0,Northern,305.4,1757.8,High,-80.2127487756,35.7933524917,High
33124,14541,Craven,151,102568.0,Coastal,142.5,2112.3,Moderate,-77.082003837,35.117685821,High
33108,5584,Bladen,151,29171.0,Coastal,33.8,2578.5,High,-78.5636493115,34.6145873342,High
33213,13947,Caldwell,152,81319.0,Northern,170.9,2504.8,Substantial,-81.5464366451,35.9530379334,High
33272,5337,Person,152,39048.0,Eastern,99.7,1862.8,High,-78.9718051426,36.3900951244,High
33273,30387,Pitt,152,173536.0,Coastal,261.0,2238.9,Substantial,-77.3744965519,35.5932989746,High
33293,1641,Washington,152,10708.0,Coastal,31.8,1746.8,Substantial,-76.5693098876,35.8392646425,High
33274,2431,Polk,152,19461.0,Western,81.3,1596.5,High,-82.1696779265,35.2792789622,High
33259,162362,Mecklenburg,152,1128426.0,Central,2130.4,3736.1,High,-80.8327311406,35.2467670437,High
33240,70511,Guilford,152,545484.0,Northern,838.0,3371.1,Substantial,-79.7889042685,36.0794717315,High
33292,2463,Warren,152,18621.0,Eastern,43.4,2235.0,Substantial,-78.1067171324,36.3965102811,High
33258,8847,McDowell,152,44151.0,Western,101.3,2610.9,Substantial,-82.0493124426,35.6816924709,High
33271,1683,Perquimans,152,13049.0,Coastal,52.6,684.8,High,-76.4076199893,36.1772228503,High
33241,8056,Halifax,152,47859.0,Coastal,67.2,2754.7,Moderate,-77.6517329831,36.2574485453,Substantial
33234,10313,Franklin,152,70655.0,Eastern,139.4,1314.6,High,-78.2856965824,36.0827733527,High
33221,1700,Clay,152,11238.0,Western,51.6,2288.34,Moderate,-83.7501767115,35.0571811284,High
33297,13558,Wilson,152,79078.0,Coastal,214.3,2386.9,Substantial,-77.9186629547,35.7051457145,High
33260,2159,Mitchell,152,14783.0,Western,67.4,458.42,High,-82.1635815487,36.0132038869,High
33261,4676,Montgomery,152,25485.0,Eastern,52.4,2480.1,Substantial,-79.9054790812,35.332466935,High
33200,27387,Alamance,152,175029.0,Northern,404.8,3065.6,High,-79.3994248175,36.0437098766,High
33231,36166,Durham,152,331347.0,Eastern,1133.7,3966.0,Substantial,-78.8765926949,36.0360299243,High
33203,4030,Anson,152,22028.0,Central,41.5,2802.1,High,-80.102712026,34.9737894417,High
33214,1222,Camden,152,10537.0,Coastal,43.1,793.0,High,-76.1609504039,36.3411216216,High
33220,2370,Chowan,152,13646.0,Coastal,79.4,1402.6,High,-76.6021303656,36.1265615389,Substantial
33264,29336,New Hanover,152,230423.0,Coastal,1174.0,2612.3,Substantial,-77.865597569,34.1815553357,High
33267,12237,Orange,152,148331.0,Eastern,374.0,1991.9,Moderate,-79.120649356,36.0611182361,High
33282,5856,Scotland,152,33662.0,Eastern,107.1,3528.0,Substantial,-79.4804292418,34.8408848102,High
33295,17548,Wayne,152,115895.0,Coastal,211.8,2813.0,High,-78.0039971272,35.3639599672,High
33228,26823,Davidson,152,171752.0,Northern,305.4,1757.8,High,-80.2127487756,35.7933524917,High
33265,2631,Northampton,152,16953.0,Eastern,32.6,2092.6,Moderate,-77.3968212099,36.4177312434,Substantial
33251,1386,Jones,152,9076.0,Coastal,19.5,0.0,Substantial,-77.3551679748,35.0217248029,Substantial
33217,29301,Catawba,152,162841.0,Northern,400.2,2802.5,High,-81.2150705598,35.662042354,High
33299,3020,Yancey,152,18320.0,Western,59.1,557.0,High,-82.3076279784,35.8989479924,High
33215,8731,Carteret,152,69039.0,Coastal,133.3,1912.1,Substantial,-76.5357430669,34.8612598084,Substantial
33208,5610,Bladen,152,29171.0,Coastal,33.8,2578.5,High,-78.5636493115,34.6145873342,High
33201,6765,Alexander,152,36172.0,Northern,140.2,1440.7,High,-81.1770268506,35.9210263138,High
33225,47576,Cumberland,152,341793.0,Eastern,512.9,3748.5,Substantial,-78.8275607671,35.048611942,High
33281,11557,Sampson,152,58371.0,Coastal,62.4,2241.9,High,-78.3713906105,34.9915361594,High
33288,585,Tyrrell,152,3315.0,Coastal,8.3,957.2,High,-76.1704523585,35.8694070017,High
33205,2861,Avery,152,17347.0,Western,72.0,1003.4,Substantial,-81.9226013745,36.0766050343,High
33252,9618,Lee,152,64360.0,Eastern,248.1,1631.1,Moderate,-79.1714836119,35.4751864248,High
33275,22604,Randolph,152,143325.0,Northern,184.3,1615.5,High,-79.8060069064,35.7103417044,High
33280,11762,Rutherford,152,63870.0,Western,114.0,2009.9,Substantial,-81.9198334642,35.4025956291,High
33244,15994,Henderson,152,117429.0,Western,311.8,2039.7,High,-82.4799463782,35.3362263031,High
33245,2900,Hertford,152,20374.0,Coastal,61.0,2281.6,Substantial,-76.9807147831,36.3586360305,High
33253,9678,Lenoir,152,54323.0,Coastal,138.1,3246.04,Substantial,-77.6412486292,35.2387731611,High
33269,5519,Pasquotank,152,40966.0,Coastal,178.8,2078.8,Substantial,-76.2492413613,36.2650187228,High
33287,3996,Transylvania,152,32825.0,Western,87.2,978.5,Substantial,-82.7983001279,35.2021778635,High
33227,4112,Dare,152,37817.0,Coastal,96.3,1872.9,High,-75.6852333134,35.664936694,High
33285,13126,Surry,152,70573.0,Northern,134.0,1507.5,High,-80.6880779273,36.4148205561,High
33247,856,Hyde,152,4595.0,Coastal,7.5,0.0,Substantial,-76.1449651093,35.4081187361,Substantial
33248,30231,Iredell,152,192986.0,Northern,325.0,1866.4,High,-80.8734378255,35.8070259189,High
33232,8148,Edgecombe,152,48604.0,Coastal,96.7,2366.3,Substantial,-77.5970588882,35.912880671,High
33268,1760,Pamlico,152,12215.0,Coastal,36.5,2321.5,Substantial,-76.6694598427,35.151021226,High
33286,2053,Swain,152,14046.0,Western,26.8,3517.8,High,-83.4927393736,35.4868150519,High
33298,6322,Yadkin,152,36925.0,Northern,111.1,1820.8,High,-80.6652439331,36.1605336919,High
33250,33610,Johnston,152,224833.0,Coastal,272.7,1547.3,Substantial,-78.3657109025,35.5178069265,High
33238,8265,Granville,152,60720.0,Eastern,114.6,1466.3,High,-78.6527194252,36.3040698262,High
33207,2545,Bertie,152,17302.0,Coastal,25.7,1594.6,Substantial,-76.9667121404,36.0656302022,High
33284,6678,Stokes,152,44422.0,Northern,99.1,2146.85,High,-80.2395157151,36.4019040049,High
33246,7446,Hoke,152,53783.0,Eastern,133.5,2028.14,Substantial,-79.237290715,35.0175290075,High
33249,5895,Jackson,152,41919.0,Western,87.8,1864.6,High,-83.1408496187,35.2875866253,High
33218,7015,Chatham,152,77095.0,Eastern,111.9,1456.0,Substantial,-79.2552758614,35.7025721296,High
33294,6901,Watauga,152,54804.0,Northern,173.1,1191.8,Substantial,-81.6964250718,36.2311062795,High
33226,3012,Currituck,152,29385.0,Coastal,107.3,1344.3,High,-75.936949201,36.3672994836,High
33283,12164,Stanly,152,62143.0,Central,158.2,2425.2,High,-80.2509863077,35.3119550622,High
33206,7452,Beaufort,152,44150.0,Coastal,53.6,2157.95,High,-76.8453144055,35.486983815,High
33224,14581,Craven,152,102568.0,Coastal,142.5,2112.3,Substantial,-77.082003837,35.117685821,High
33209,16857,Brunswick,152,144821.0,Coastal,160.8,1537.1,Substantial,-78.2274071617,34.0388755841,High
33277,25454,Robeson,152,115899.0,Coastal,123.0,5137.4,Substantial,-79.1038649277,34.6402420514,High
33296,11075,Wilkes,152,65151.0,Northern,87.5,1887.3,High,-81.1633856618,36.2062757623,High
33270,9159,Pender,152,62250.0,Coastal,69.1,1461.9,High,-77.8884355846,34.5150997489,High
33242,19033,Harnett,152,134986.0,Eastern,224.5,2172.6,Substantial,-78.8694125204,35.3686291614,High
33262,14000,Moore,152,102966.0,Eastern,142.9,1617.3,Substantial,-79.4813744392,35.3106538555,High
33290,7076,Vance,152,41665.0,Eastern,168.7,3584.5,High,-78.4079288849,36.3649169333,High
33257,3753,Martin,152,21503.0,Coastal,48.3,2717.4,High,-77.109232267,35.843213981,High
33219,4743,Cherokee,152,28738.0,Western,63.2,3613.3,Substantial,-84.063444228,35.1338574515,High
33235,41633,Gaston,152,233387.0,Central,640.7,2912.4,High,-81.1802416273,35.2943489527,High
33230,10171,Duplin,152,48249.0,Coastal,59.8,2911.6,Substantial,-77.9330277459,34.9365348363,High
33256,2927,Madison,152,21146.0,Western,47.1,1247.6,High,-82.7057582627,35.8580358086,High
33202,1799,Alleghany,152,11057.0,Northern,46.4,697.2,High,-81.1278593427,36.4912704378,High
33276,7326,Richmond,152,43006.0,Eastern,90.7,5508.4,High,-79.7477780226,35.0060483545,High
33222,18929,Cleveland,152,99332.0,Western,214.4,2001.7,High,-81.5555471412,35.3341018022,High
33211,16160,Burke,152,88398.0,Western,173.0,1836.1,High,-81.7047784739,35.7496106399,High
33266,30503,Onslow,152,207928.0,Coastal,268.4,2191.23,Moderate,-77.4157658244,34.709836363,High
33255,5121,Macon,152,37041.0,Western,71.8,2077.4,Moderate,-83.4221767088,35.1504672096,High
33233,54035,Forsyth,152,387703.0,Northern,938.1,4129.5,High,-80.256300016,36.1306195485,High
33243,7834,Haywood,152,62831.0,Western,112.2,3591.8,High,-82.9821729698,35.5560557128,High
33212,34283,Cabarrus,152,232873.0,Central,625.1,1374.8,High,-80.5518508851,35.3867940405,High
33278,12951,Rockingham,152,90457.0,Northern,161.0,2130.4,High,-79.7749871967,36.3960127906,High
33204,3601,Ashe,152,26506.0,Northern,62.3,1123.1,High,-81.5005211955,36.434424701,High
33210,29796,Buncombe,152,271638.0,Western,410.4,3012.8,High,-82.5301070587,35.611177887,High
33229,6736,Davie,152,43127.0,Northern,162.0,1665.25,High,-80.5444636482,35.929110866,High
33237,1359,Graham,152,7935.0,Western,27.5,8085.4,High,-83.833581803,35.350171951,High
33223,10296,Columbus,152,49795.0,Coastal,54.0,2887.71,Substantial,-78.6550308717,34.2656450828,High
33254,15777,Lincoln,152,88742.0,Central,293.4,1745.2,High,-81.2235326264,35.4855950234,High
33236,1137,Gates,152,10324.0,Coastal,30.8,750.9,Substantial,-76.7005266521,36.4449435708,High
33239,3398,Greene,152,19978.0,Coastal,76.7,1640.3,Substantial,-77.6757626742,35.4849957203,High
33216,3302,Caswell,152,22400.0,Eastern,53.5,317.5,High,-79.3335234769,36.3932742158,High
33289,38050,Union,152,244960.0,Central,376.6,1582.3,High,-80.5307400446,34.9883574887,High
33279,27055,Rowan,152,148565.0,Northern,287.1,2292.8,High,-80.5247717485,35.6394734632,High
33263,15604,Nash,152,96101.0,Coastal,175.7,1838.5,Substantial,-77.9864448378,35.9672502839,High
33291,136106,Wake,152,1154170.0,Eastern,1353.3,1846.0,High,-78.6503081729,35.7902443741,High
33367,12247,Orange,153,148331.0,Eastern,374.0,1991.9,Substantial,-79.120649356,36.0611182361,High
33368,1759,Pamlico,153,12215.0,Coastal,36.5,2321.5,Moderate,-76.6694598427,35.151021226,Substantial
33398,6345,Yadkin,153,36925.0,Northern,111.1,1820.8,High,-80.6652439331,36.1605336919,High
33334,10317,Franklin,153,70655.0,Eastern,139.4,1314.6,High,-78.2856965824,36.0827733527,High
33335,41724,Gaston,153,233387.0,Central,640.7,2912.4,High,-81.1802416273,35.2943489527,High
33319,4750,Cherokee,153,28738.0,Western,63.2,3613.3,Substantial,-84.063444228,35.1338574515,High
33318,7015,Chatham,153,77095.0,Eastern,111.9,1456.0,Substantial,-79.2552758614,35.7025721296,High
33366,30508,Onslow,153,207928.0,Coastal,268.4,2191.23,Moderate,-77.4157658244,34.709836363,High
33371,1689,Perquimans,153,13049.0,Coastal,52.6,684.8,High,-76.4076199893,36.1772228503,High
33314,1226,Camden,153,10537.0,Coastal,43.1,793.0,High,-76.1609504039,36.3411216216,High
33369,5523,Pasquotank,153,40966.0,Coastal,178.8,2078.8,Substantial,-76.2492413613,36.2650187228,High
33364,29359,New Hanover,153,230423.0,Coastal,1174.0,2612.3,Substantial,-77.865597569,34.1815553357,High
33361,4679,Montgomery,153,25485.0,Eastern,52.4,2480.1,Substantial,-79.9054790812,35.332466935,High
33370,9178,Pender,153,62250.0,Coastal,69.1,1461.9,High,-77.8884355846,34.5150997489,High
33365,2631,Northampton,153,16953.0,Eastern,32.6,2092.6,Moderate,-77.3968212099,36.4177312434,Substantial
33317,29343,Catawba,153,162841.0,Northern,400.2,2802.5,High,-81.2150705598,35.662042354,High
33315,8736,Carteret,153,69039.0,Coastal,133.3,1912.1,Substantial,-76.5357430669,34.8612598084,Substantial
33363,15610,Nash,153,96101.0,Coastal,175.7,1838.5,Substantial,-77.9864448378,35.9672502839,High
33362,14004,Moore,153,102966.0,Eastern,142.9,1617.3,Substantial,-79.4813744392,35.3106538555,High
33316,3306,Caswell,153,22400.0,Eastern,53.5,317.5,High,-79.3335234769,36.3932742158,High
33324,14591,Craven,153,102568.0,Coastal,142.5,2112.3,Substantial,-77.082003837,35.117685821,High
33323,10302,Columbus,153,49795.0,Coastal,54.0,2887.71,Substantial,-78.6550308717,34.2656450828,High
33381,11566,Sampson,153,58371.0,Coastal,62.4,2241.9,High,-78.3713906105,34.9915361594,High
33352,9626,Lee,153,64360.0,Eastern,248.1,1631.1,Moderate,-79.1714836119,35.4751864248,High
33309,16884,Brunswick,153,144821.0,Coastal,160.8,1537.1,Substantial,-78.2274071617,34.0388755841,High
33345,2901,Hertford,153,20374.0,Coastal,61.0,2281.6,Substantial,-76.9807147831,36.3586360305,High
33388,580,Tyrrell,153,3315.0,Coastal,8.3,957.2,High,-76.1704523585,35.8694070017,High
33380,11768,Rutherford,153,63870.0,Western,114.0,2009.9,Substantial,-81.9198334642,35.4025956291,High
33353,9693,Lenoir,153,54323.0,Coastal,138.1,3246.04,Substantial,-77.6412486292,35.2387731611,High
33344,16019,Henderson,153,117429.0,Western,311.8,2039.7,High,-82.4799463782,35.3362263031,High
33339,3388,Greene,153,19978.0,Coastal,76.7,1640.3,Moderate,-77.6757626742,35.4849957203,High
33337,1360,Graham,153,7935.0,Western,27.5,8085.4,High,-83.833581803,35.350171951,High
33389,38106,Union,153,244960.0,Central,376.6,1582.3,High,-80.5307400446,34.9883574887,High
33379,27069,Rowan,153,148565.0,Northern,287.1,2292.8,High,-80.5247717485,35.6394734632,High
33354,15796,Lincoln,153,88742.0,Central,293.4,1745.2,High,-81.2235326264,35.4855950234,High
33348,30291,Iredell,153,192986.0,Northern,325.0,1866.4,High,-80.8734378255,35.8070259189,High
33310,29832,Buncombe,153,271638.0,Western,410.4,3012.8,High,-82.5301070587,35.611177887,High
33329,6751,Davie,153,43127.0,Northern,162.0,1665.25,High,-80.5444636482,35.929110866,High
33378,13042,Rockingham,153,90457.0,Northern,161.0,2130.4,High,-79.7749871967,36.3960127906,High
33355,5121,Macon,153,37041.0,Western,71.8,2077.4,Moderate,-83.4221767088,35.1504672096,High
33304,3614,Ashe,153,26506.0,Northern,62.3,1123.1,High,-81.5005211955,36.434424701,High
33301,6802,Alexander,153,36172.0,Northern,140.2,1440.7,High,-81.1770268506,35.9210263138,High
33325,47642,Cumberland,153,341793.0,Eastern,512.9,3748.5,Substantial,-78.8275607671,35.048611942,High
33305,2863,Avery,153,17347.0,Western,72.0,1003.4,Substantial,-81.9226013745,36.0766050343,High
33351,1387,Jones,153,9076.0,Coastal,19.5,0.0,Substantial,-77.3551679748,35.0217248029,Substantial
33327,4125,Dare,153,37817.0,Coastal,96.3,1872.9,High,-75.6852333134,35.664936694,High
33332,8150,Edgecombe,153,48604.0,Coastal,96.7,2366.3,Substantial,-77.5970588882,35.912880671,High
33347,857,Hyde,153,4595.0,Coastal,7.5,0.0,High,-76.1449651093,35.4081187361,Substantial
33338,8274,Granville,153,60720.0,Eastern,114.6,1466.3,High,-78.6527194252,36.3040698262,High
33307,2547,Bertie,153,17302.0,Coastal,25.7,1594.6,Moderate,-76.9667121404,36.0656302022,High
33386,2071,Swain,153,14046.0,Western,26.8,3517.8,High,-83.4927393736,35.4868150519,High
33384,6681,Stokes,153,44422.0,Northern,99.1,2146.85,High,-80.2395157151,36.4019040049,High
33349,5911,Jackson,153,41919.0,Western,87.8,1864.6,High,-83.1408496187,35.2875866253,High
33306,7458,Beaufort,153,44150.0,Coastal,53.6,2157.95,High,-76.8453144055,35.486983815,High
33396,11099,Wilkes,153,65151.0,Northern,87.5,1887.3,High,-81.1633856618,36.2062757623,High
33326,3017,Currituck,153,29385.0,Coastal,107.3,1344.3,High,-75.936949201,36.3672994836,High
33383,12176,Stanly,153,62143.0,Central,158.2,2425.2,High,-80.2509863077,35.3119550622,High
33350,33625,Johnston,153,224833.0,Coastal,272.7,1547.3,Substantial,-78.3657109025,35.5178069265,High
33308,5610,Bladen,153,29171.0,Coastal,33.8,2578.5,High,-78.5636493115,34.6145873342,High
33394,6909,Watauga,153,54804.0,Northern,173.1,1191.8,Substantial,-81.6964250718,36.2311062795,High
33372,5343,Person,153,39048.0,Eastern,99.7,1862.8,High,-78.9718051426,36.3900951244,High
33387,3999,Transylvania,153,32825.0,Western,87.2,978.5,Substantial,-82.7983001279,35.2021778635,High
33382,5862,Scotland,153,33662.0,Eastern,107.1,3528.0,Substantial,-79.4804292418,34.8408848102,High
33395,17577,Wayne,153,115895.0,Coastal,211.8,2813.0,High,-78.0039971272,35.3639599672,High
33328,26873,Davidson,153,171752.0,Northern,305.4,1757.8,High,-80.2127487756,35.7933524917,High
33346,7457,Hoke,153,53783.0,Eastern,133.5,2028.14,High,-79.237290715,35.0175290075,High
33343,7850,Haywood,153,62831.0,Western,112.2,3591.8,High,-82.9821729698,35.5560557128,High
33385,13136,Surry,153,70573.0,Northern,134.0,1507.5,High,-80.6880779273,36.4148205561,High
33359,162575,Mecklenburg,153,1128426.0,Central,2130.4,3736.1,High,-80.8327311406,35.2467670437,High
33358,8851,McDowell,153,44151.0,Western,101.3,2610.9,Substantial,-82.0493124426,35.6816924709,High
33377,25460,Robeson,153,115899.0,Coastal,123.0,5137.4,Substantial,-79.1038649277,34.6402420514,High
33375,22656,Randolph,153,143325.0,Northern,184.3,1615.5,High,-79.8060069064,35.7103417044,High
33391,136515,Wake,153,1154170.0,Eastern,1353.3,1846.0,High,-78.6503081729,35.7902443741,High
33392,2464,Warren,153,18621.0,Eastern,43.4,2235.0,Substantial,-78.1067171324,36.3965102811,High
33342,19053,Harnett,153,134986.0,Eastern,224.5,2172.6,Substantial,-78.8694125204,35.3686291614,High
33312,34308,Cabarrus,153,232873.0,Central,625.1,1374.8,High,-80.5518508851,35.3867940405,High
33336,1137,Gates,153,10324.0,Coastal,30.8,750.9,Substantial,-76.7005266521,36.4449435708,High
33341,8057,Halifax,153,47859.0,Coastal,67.2,2754.7,Moderate,-77.6517329831,36.2574485453,Substantial
33374,2432,Polk,153,19461.0,Western,81.3,1596.5,High,-82.1696779265,35.2792789622,High
33331,36166,Durham,153,331347.0,Eastern,1133.7,3966.0,Substantial,-78.8765926949,36.0360299243,High
33360,2163,Mitchell,153,14783.0,Western,67.4,458.42,High,-82.1635815487,36.0132038869,High
33333,54096,Forsyth,153,387703.0,Northern,938.1,4129.5,High,-80.256300016,36.1306195485,High
33321,1700,Clay,153,11238.0,Western,51.6,2288.34,Moderate,-83.7501767115,35.0571811284,High
33397,13571,Wilson,153,79078.0,Coastal,214.3,2386.9,Substantial,-77.9186629547,35.7051457145,High
33357,3759,Martin,153,21503.0,Coastal,48.3,2717.4,High,-77.109232267,35.843213981,High
33376,7329,Richmond,153,43006.0,Eastern,90.7,5508.4,High,-79.7477780226,35.0060483545,High
33330,10170,Duplin,153,48249.0,Coastal,59.8,2911.6,Substantial,-77.9330277459,34.9365348363,High
33393,1642,Washington,153,10708.0,Coastal,31.8,1746.8,High,-76.5693098876,35.8392646425,High
33320,2370,Chowan,153,13646.0,Coastal,79.4,1402.6,High,-76.6021303656,36.1265615389,Substantial
33399,3024,Yancey,153,18320.0,Western,59.1,557.0,High,-82.3076279784,35.8989479924,High
33302,1807,Alleghany,153,11057.0,Northern,46.4,697.2,High,-81.1278593427,36.4912704378,High
33303,4029,Anson,153,22028.0,Central,41.5,2802.1,Substantial,-80.102712026,34.9737894417,High
33311,16192,Burke,153,88398.0,Western,173.0,1836.1,High,-81.7047784739,35.7496106399,High
33313,13949,Caldwell,153,81319.0,Northern,170.9,2504.8,Substantial,-81.5464366451,35.9530379334,High
33322,18943,Cleveland,153,99332.0,Western,214.4,2001.7,High,-81.5555471412,35.3341018022,High
33340,70574,Guilford,153,545484.0,Northern,838.0,3371.1,Substantial,-79.7889042685,36.0794717315,High
33390,7079,Vance,153,41665.0,Eastern,168.7,3584.5,High,-78.4079288849,36.3649169333,High
33356,2926,Madison,153,21146.0,Western,47.1,1247.6,High,-82.7057582627,35.8580358086,High
33300,27430,Alamance,153,175029.0,Northern,404.8,3065.6,High,-79.3994248175,36.0437098766,High
33373,30407,Pitt,153,173536.0,Coastal,261.0,2238.9,Substantial,-77.3744965519,35.5932989746,High
33494,6932,Watauga,154,54804.0,Northern,173.1,1191.8,Substantial,-81.6964250718,36.2311062795,High
33443,7876,Haywood,154,62831.0,Western,112.2,3591.8,High,-82.9821729698,35.5560557128,High
33492,2466,Warren,154,18621.0,Eastern,43.4,2235.0,Substantial,-78.1067171324,36.3965102811,High
33498,6375,Yadkin,154,36925.0,Northern,111.1,1820.8,High,-80.6652439331,36.1605336919,High
33486,2089,Swain,154,14046.0,Western,26.8,3517.8,High,-83.4927393736,35.4868150519,High
33431,36220,Durham,154,331347.0,Eastern,1133.7,3966.0,Substantial,-78.8765926949,36.0360299243,High
33440,70723,Guilford,154,545484.0,Northern,838.0,3371.1,High,-79.7889042685,36.0794717315,High
33447,859,Hyde,154,4595.0,Coastal,7.5,0.0,High,-76.1449651093,35.4081187361,Substantial
33427,4145,Dare,154,37817.0,Coastal,96.3,1872.9,High,-75.6852333134,35.664936694,High
33446,7473,Hoke,154,53783.0,Eastern,133.5,2028.14,High,-79.237290715,35.0175290075,High
33406,7475,Beaufort,154,44150.0,Coastal,53.6,2157.95,High,-76.8453144055,35.486983815,High
33465,2635,Northampton,154,16953.0,Eastern,32.6,2092.6,Moderate,-77.3968212099,36.4177312434,Substantial
33487,4008,Transylvania,154,32825.0,Western,87.2,978.5,Substantial,-82.7983001279,35.2021778635,High
33429,6769,Davie,154,43127.0,Northern,162.0,1665.25,High,-80.5444636482,35.929110866,High
33490,7088,Vance,154,41665.0,Eastern,168.7,3584.5,High,-78.4079288849,36.3649169333,High
33404,3625,Ashe,154,26506.0,Northern,62.3,1123.1,High,-81.5005211955,36.434424701,High
33466,30543,Onslow,154,207928.0,Coastal,268.4,2191.23,Moderate,-77.4157658244,34.709836363,High
33416,3305,Caswell,154,22400.0,Eastern,53.5,317.5,High,-79.3335234769,36.3932742158,High
33489,38177,Union,154,244960.0,Central,376.6,1582.3,High,-80.5307400446,34.9883574887,High
33402,1815,Alleghany,154,11057.0,Northern,46.4,697.2,High,-81.1278593427,36.4912704378,High
33439,3395,Greene,154,19978.0,Coastal,76.7,1640.3,Substantial,-77.6757626742,35.4849957203,High
33430,10184,Duplin,154,48249.0,Coastal,59.8,2911.6,Substantial,-77.9330277459,34.9365348363,High
33441,8061,Halifax,154,47859.0,Coastal,67.2,2754.7,Moderate,-77.6517329831,36.2574485453,High
33444,16089,Henderson,154,117429.0,Western,311.8,2039.7,High,-82.4799463782,35.3362263031,High
33467,12278,Orange,154,148331.0,Eastern,374.0,1991.9,Substantial,-79.120649356,36.0611182361,Substantial
33488,580,Tyrrell,154,3315.0,Coastal,8.3,957.2,High,-76.1704523585,35.8694070017,High
33445,2901,Hertford,154,20374.0,Coastal,61.0,2281.6,Moderate,-76.9807147831,36.3586360305,Substantial
33428,26920,Davidson,154,171752.0,Northern,305.4,1757.8,High,-80.2127487756,35.7933524917,High
33417,29404,Catawba,154,162841.0,Northern,400.2,2802.5,High,-81.2150705598,35.662042354,High
33491,134830,Wake,154,1154170.0,Eastern,1353.3,1846.0,Error,-78.6503081729,35.7902443741,High
33403,4031,Anson,154,22028.0,Central,41.5,2802.1,Substantial,-80.102712026,34.9737894417,High
33405,2870,Avery,154,17347.0,Western,72.0,1003.4,Substantial,-81.9226013745,36.0766050343,High
33493,1642,Washington,154,10708.0,Coastal,31.8,1746.8,Substantial,-76.5693098876,35.8392646425,High
33442,19093,Harnett,154,134986.0,Eastern,224.5,2172.6,Substantial,-78.8694125204,35.3686291614,High
33472,5369,Person,154,39048.0,Eastern,99.7,1862.8,High,-78.9718051426,36.3900951244,High
33464,29385,New Hanover,154,230423.0,Coastal,1174.0,2612.3,Substantial,-77.865597569,34.1815553357,High
33448,30356,Iredell,154,192986.0,Northern,325.0,1866.4,High,-80.8734378255,35.8070259189,High
33455,5129,Macon,154,37041.0,Western,71.8,2077.4,Moderate,-83.4221767088,35.1504672096,High
33496,11135,Wilkes,154,65151.0,Northern,87.5,1887.3,High,-81.1633856618,36.2062757623,High
33477,25489,Robeson,154,115899.0,Coastal,123.0,5137.4,High,-79.1038649277,34.6402420514,High
33470,9191,Pender,154,62250.0,Coastal,69.1,1461.9,High,-77.8884355846,34.5150997489,High
33456,2935,Madison,154,21146.0,Western,47.1,1247.6,High,-82.7057582627,35.8580358086,High
33422,18964,Cleveland,154,99332.0,Western,214.4,2001.7,High,-81.5555471412,35.3341018022,High
33411,16207,Burke,154,88398.0,Western,173.0,1836.1,High,-81.7047784739,35.7496106399,High
33476,7335,Richmond,154,43006.0,Eastern,90.7,5508.4,High,-79.7477780226,35.0060483545,High
33419,4760,Cherokee,154,28738.0,Western,63.2,3613.3,High,-84.063444228,35.1338574515,High
33462,14026,Moore,154,102966.0,Eastern,142.9,1617.3,Substantial,-79.4813744392,35.3106538555,High
33457,3760,Martin,154,21503.0,Coastal,48.3,2717.4,High,-77.109232267,35.843213981,High
33433,54181,Forsyth,154,387703.0,Northern,938.1,4129.5,High,-80.256300016,36.1306195485,High
33436,1139,Gates,154,10324.0,Coastal,30.8,750.9,Substantial,-76.7005266521,36.4449435708,High
33478,13072,Rockingham,154,90457.0,Northern,161.0,2130.4,High,-79.7749871967,36.3960127906,High
33412,34375,Cabarrus,154,232873.0,Central,625.1,1374.8,High,-80.5518508851,35.3867940405,High
33458,8856,McDowell,154,44151.0,Western,101.3,2610.9,Substantial,-82.0493124426,35.6816924709,High
33421,1705,Clay,154,11238.0,Western,51.6,2288.34,Substantial,-83.7501767115,35.0571811284,High
33474,2437,Polk,154,19461.0,Western,81.3,1596.5,High,-82.1696779265,35.2792789622,High
33471,1694,Perquimans,154,13049.0,Coastal,52.6,684.8,High,-76.4076199893,36.1772228503,High
33414,1230,Camden,154,10537.0,Coastal,43.1,793.0,High,-76.1609504039,36.3411216216,High
33459,162794,Mecklenburg,154,1128426.0,Central,2130.4,3736.1,High,-80.8327311406,35.2467670437,High
33413,13959,Caldwell,154,81319.0,Northern,170.9,2504.8,Substantial,-81.5464366451,35.9530379334,High
33473,30453,Pitt,154,173536.0,Coastal,261.0,2238.9,Substantial,-77.3744965519,35.5932989746,High
33461,4684,Montgomery,154,25485.0,Eastern,52.4,2480.1,Substantial,-79.9054790812,35.332466935,High
33497,13579,Wilson,154,79078.0,Coastal,214.3,2386.9,Substantial,-77.9186629547,35.7051457145,High
33460,2171,Mitchell,154,14783.0,Western,67.4,458.42,High,-82.1635815487,36.0132038869,High
33420,2374,Chowan,154,13646.0,Coastal,79.4,1402.6,High,-76.6021303656,36.1265615389,Substantial
33400,27482,Alamance,154,175029.0,Northern,404.8,3065.6,High,-79.3994248175,36.0437098766,High
33475,22705,Randolph,154,143325.0,Northern,184.3,1615.5,High,-79.8060069064,35.7103417044,High
33410,29953,Buncombe,154,271638.0,Western,410.4,3012.8,High,-82.5301070587,35.611177887,High
33423,10317,Columbus,154,49795.0,Coastal,54.0,2887.71,Substantial,-78.6550308717,34.2656450828,High
33454,15845,Lincoln,154,88742.0,Central,293.4,1745.2,High,-81.2235326264,35.4855950234,High
33432,8160,Edgecombe,154,48604.0,Coastal,96.7,2366.3,Substantial,-77.5970588882,35.912880671,High
33468,1762,Pamlico,154,12215.0,Coastal,36.5,2321.5,Moderate,-76.6694598427,35.151021226,Substantial
33438,8306,Granville,154,60720.0,Eastern,114.6,1466.3,High,-78.6527194252,36.3040698262,High
33407,2551,Bertie,154,17302.0,Coastal,25.7,1594.6,Substantial,-76.9667121404,36.0656302022,High
33484,6694,Stokes,154,44422.0,Northern,99.1,2146.85,High,-80.2395157151,36.4019040049,High
33449,5935,Jackson,154,41919.0,Western,87.8,1864.6,High,-83.1408496187,35.2875866253,High
33418,7036,Chatham,154,77095.0,Eastern,111.9,1456.0,Substantial,-79.2552758614,35.7025721296,High
33499,3030,Yancey,154,18320.0,Western,59.1,557.0,High,-82.3076279784,35.8989479924,High
33426,3024,Currituck,154,29385.0,Coastal,107.3,1344.3,High,-75.936949201,36.3672994836,High
33483,12199,Stanly,154,62143.0,Central,158.2,2425.2,High,-80.2509863077,35.3119550622,High
33450,33685,Johnston,154,224833.0,Coastal,272.7,1547.3,Substantial,-78.3657109025,35.5178069265,High
33469,5539,Pasquotank,154,40966.0,Coastal,178.8,2078.8,High,-76.2492413613,36.2650187228,High
33408,5625,Bladen,154,29171.0,Coastal,33.8,2578.5,High,-78.5636493115,34.6145873342,High
33482,5864,Scotland,154,33662.0,Eastern,107.1,3528.0,Substantial,-79.4804292418,34.8408848102,High
33495,17644,Wayne,154,115895.0,Coastal,211.8,2813.0,High,-78.0039971272,35.3639599672,High
33451,1384,Jones,154,9076.0,Coastal,19.5,0.0,Substantial,-77.3551679748,35.0217248029,High
33425,47746,Cumberland,154,341793.0,Eastern,512.9,3748.5,High,-78.8275607671,35.048611942,High
33415,8757,Carteret,154,69039.0,Coastal,133.3,1912.1,Substantial,-76.5357430669,34.8612598084,Substantial
33401,6815,Alexander,154,36172.0,Northern,140.2,1440.7,High,-81.1770268506,35.9210263138,High
33481,11579,Sampson,154,58371.0,Coastal,62.4,2241.9,High,-78.3713906105,34.9915361594,High
33452,9638,Lee,154,64360.0,Eastern,248.1,1631.1,Substantial,-79.1714836119,35.4751864248,High
33463,15636,Nash,154,96101.0,Coastal,175.7,1838.5,Substantial,-77.9864448378,35.9672502839,High
33409,16926,Brunswick,154,144821.0,Coastal,160.8,1537.1,High,-78.2274071617,34.0388755841,High
33480,11777,Rutherford,154,63870.0,Western,114.0,2009.9,Substantial,-81.9198334642,35.4025956291,High
33453,9711,Lenoir,154,54323.0,Coastal,138.1,3246.04,Substantial,-77.6412486292,35.2387731611,High
33424,14619,Craven,154,102568.0,Coastal,142.5,2112.3,Substantial,-77.082003837,35.117685821,High
33437,1365,Graham,154,7935.0,Western,27.5,8085.4,High,-83.833581803,35.350171951,High
33435,41827,Gaston,154,233387.0,Central,640.7,2912.4,High,-81.1802416273,35.2943489527,High
33479,27097,Rowan,154,148565.0,Northern,287.1,2292.8,High,-80.5247717485,35.6394734632,High
33485,13154,Surry,154,70573.0,Northern,134.0,1507.5,High,-80.6880779273,36.4148205561,High
33434,10338,Franklin,154,70655.0,Eastern,139.4,1314.6,High,-78.2856965824,36.0827733527,High
33549,5961,Jackson,155,41919.0,Western,87.8,1864.6,High,-83.1408496187,35.2875866253,High
33597,13595,Wilson,155,79078.0,Coastal,214.3,2386.9,Substantial,-77.9186629547,35.7051457145,High
33525,47879,Cumberland,155,341793.0,Eastern,512.9,3748.5,High,-78.8275607671,35.048611942,High
33526,3039,Currituck,155,29385.0,Coastal,107.3,1344.3,High,-75.936949201,36.3672994836,High
33527,4157,Dare,155,37817.0,Coastal,96.3,1872.9,High,-75.6852333134,35.664936694,High
33528,26975,Davidson,155,171752.0,Northern,305.4,1757.8,High,-80.2127487756,35.7933524917,High
33529,6804,Davie,155,43127.0,Northern,162.0,1665.25,High,-80.5444636482,35.929110866,High
33530,10205,Duplin,155,48249.0,Coastal,59.8,2911.6,High,-77.9330277459,34.9365348363,High
33531,36276,Durham,155,331347.0,Eastern,1133.7,3966.0,Substantial,-78.8765926949,36.0360299243,High
33532,8180,Edgecombe,155,48604.0,Coastal,96.7,2366.3,High,-77.5970588882,35.912880671,High
33533,54333,Forsyth,155,387703.0,Northern,938.1,4129.5,High,-80.256300016,36.1306195485,High
33534,10356,Franklin,155,70655.0,Eastern,139.4,1314.6,High,-78.2856965824,36.0827733527,High
33535,41958,Gaston,155,233387.0,Central,640.7,2912.4,High,-81.1802416273,35.2943489527,High
33536,1139,Gates,155,10324.0,Coastal,30.8,750.9,Substantial,-76.7005266521,36.4449435708,High
33537,1368,Graham,155,7935.0,Western,27.5,8085.4,High,-83.833581803,35.350171951,High
33538,8331,Granville,155,60720.0,Eastern,114.6,1466.3,High,-78.6527194252,36.3040698262,High
33539,3403,Greene,155,19978.0,Coastal,76.7,1640.3,High,-77.6757626742,35.4849957203,High
33540,70916,Guilford,155,545484.0,Northern,838.0,3371.1,High,-79.7889042685,36.0794717315,High
33541,8069,Halifax,155,47859.0,Coastal,67.2,2754.7,Substantial,-77.6517329831,36.2574485453,High
33542,19133,Harnett,155,134986.0,Eastern,224.5,2172.6,High,-78.8694125204,35.3686291614,High
33543,7912,Haywood,155,62831.0,Western,112.2,3591.8,High,-82.9821729698,35.5560557128,High
33544,16148,Henderson,155,117429.0,Western,311.8,2039.7,High,-82.4799463782,35.3362263031,High
33545,2902,Hertford,155,20374.0,Coastal,61.0,2281.6,Moderate,-76.9807147831,36.3586360305,Substantial
33524,14642,Craven,155,102568.0,Coastal,142.5,2112.3,Substantial,-77.082003837,35.117685821,High
33546,7497,Hoke,155,53783.0,Eastern,133.5,2028.14,High,-79.237290715,35.0175290075,High
33523,10325,Columbus,155,49795.0,Coastal,54.0,2887.71,High,-78.6550308717,34.2656450828,High
33521,1709,Clay,155,11238.0,Western,51.6,2288.34,Substantial,-83.7501767115,35.0571811284,Substantial
33500,27554,Alamance,155,175029.0,Northern,404.8,3065.6,High,-79.3994248175,36.0437098766,High
33501,6820,Alexander,155,36172.0,Northern,140.2,1440.7,High,-81.1770268506,35.9210263138,High
33502,1818,Alleghany,155,11057.0,Northern,46.4,697.2,High,-81.1278593427,36.4912704378,High
33503,4042,Anson,155,22028.0,Central,41.5,2802.1,High,-80.102712026,34.9737894417,High
33504,3643,Ashe,155,26506.0,Northern,62.3,1123.1,High,-81.5005211955,36.434424701,High
33505,2878,Avery,155,17347.0,Western,72.0,1003.4,High,-81.9226013745,36.0766050343,High
33506,7492,Beaufort,155,44150.0,Coastal,53.6,2157.95,High,-76.8453144055,35.486983815,High
33507,2556,Bertie,155,17302.0,Coastal,25.7,1594.6,Substantial,-76.9667121404,36.0656302022,High
33508,5640,Bladen,155,29171.0,Coastal,33.8,2578.5,High,-78.5636493115,34.6145873342,High
33509,16971,Brunswick,155,144821.0,Coastal,160.8,1537.1,High,-78.2274071617,34.0388755841,High
33510,30050,Buncombe,155,271638.0,Western,410.4,3012.8,High,-82.5301070587,35.611177887,High
33511,16218,Burke,155,88398.0,Western,173.0,1836.1,High,-81.7047784739,35.7496106399,High
33512,34475,Cabarrus,155,232873.0,Central,625.1,1374.8,High,-80.5518508851,35.3867940405,High
33513,13972,Caldwell,155,81319.0,Northern,170.9,2504.8,Substantial,-81.5464366451,35.9530379334,High
33514,1231,Camden,155,10537.0,Coastal,43.1,793.0,High,-76.1609504039,36.3411216216,High
33515,8771,Carteret,155,69039.0,Coastal,133.3,1912.1,High,-76.5357430669,34.8612598084,High
33516,3319,Caswell,155,22400.0,Eastern,53.5,317.5,High,-79.3335234769,36.3932742158,High
33517,29501,Catawba,155,162841.0,Northern,400.2,2802.5,High,-81.2150705598,35.662042354,High
33518,7066,Chatham,155,77095.0,Eastern,111.9,1456.0,High,-79.2552758614,35.7025721296,High
33519,4766,Cherokee,155,28738.0,Western,63.2,3613.3,High,-84.063444228,35.1338574515,High
33520,2383,Chowan,155,13646.0,Coastal,79.4,1402.6,High,-76.6021303656,36.1265615389,High
33522,19005,Cleveland,155,99332.0,Western,214.4,2001.7,High,-81.5555471412,35.3341018022,High
33598,6399,Yadkin,155,36925.0,Northern,111.1,1820.8,High,-80.6652439331,36.1605336919,High
33547,859,Hyde,155,4595.0,Coastal,7.5,0.0,High,-76.1449651093,35.4081187361,High
33550,33744,Johnston,155,224833.0,Coastal,272.7,1547.3,High,-78.3657109025,35.5178069265,High
33576,7364,Richmond,155,43006.0,Eastern,90.7,5508.4,High,-79.7477780226,35.0060483545,High
33577,25537,Robeson,155,115899.0,Coastal,123.0,5137.4,High,-79.1038649277,34.6402420514,High
33578,13104,Rockingham,155,90457.0,Northern,161.0,2130.4,High,-79.7749871967,36.3960127906,High
33579,27158,Rowan,155,148565.0,Northern,287.1,2292.8,High,-80.5247717485,35.6394734632,High
33580,11795,Rutherford,155,63870.0,Western,114.0,2009.9,High,-81.9198334642,35.4025956291,High
33581,11604,Sampson,155,58371.0,Coastal,62.4,2241.9,High,-78.3713906105,34.9915361594,High
33582,5866,Scotland,155,33662.0,Eastern,107.1,3528.0,Substantial,-79.4804292418,34.8408848102,High
33583,12233,Stanly,155,62143.0,Central,158.2,2425.2,High,-80.2509863077,35.3119550622,High
33584,6729,Stokes,155,44422.0,Northern,99.1,2146.85,High,-80.2395157151,36.4019040049,High
33585,13189,Surry,155,70573.0,Northern,134.0,1507.5,High,-80.6880779273,36.4148205561,High
33586,2098,Swain,155,14046.0,Western,26.8,3517.8,High,-83.4927393736,35.4868150519,High
33587,4019,Transylvania,155,32825.0,Western,87.2,978.5,High,-82.7983001279,35.2021778635,High
33588,580,Tyrrell,155,3315.0,Coastal,8.3,957.2,High,-76.1704523585,35.8694070017,High
33589,38290,Union,155,244960.0,Central,376.6,1582.3,High,-80.5307400446,34.9883574887,High
33590,7109,Vance,155,41665.0,Eastern,168.7,3584.5,High,-78.4079288849,36.3649169333,High
33591,135166,Wake,155,1154170.0,Eastern,1353.3,1846.0,Error,-78.6503081729,35.7902443741,High
33592,2475,Warren,155,18621.0,Eastern,43.4,2235.0,High,-78.1067171324,36.3965102811,High
33593,1645,Washington,155,10708.0,Coastal,31.8,1746.8,High,-76.5693098876,35.8392646425,Substantial
33594,6954,Watauga,155,54804.0,Northern,173.1,1191.8,High,-81.6964250718,36.2311062795,High
33595,17700,Wayne,155,115895.0,Coastal,211.8,2813.0,High,-78.0039971272,35.3639599672,High
33596,11172,Wilkes,155,65151.0,Northern,87.5,1887.3,High,-81.1633856618,36.2062757623,High
33575,22790,Randolph,155,143325.0,Northern,184.3,1615.5,High,-79.8060069064,35.7103417044,High
33548,30459,Iredell,155,192986.0,Northern,325.0,1866.4,High,-80.8734378255,35.8070259189,High
33574,2439,Polk,155,19461.0,Western,81.3,1596.5,High,-82.1696779265,35.2792789622,High
33572,5402,Person,155,39048.0,Eastern,99.7,1862.8,High,-78.9718051426,36.3900951244,High
33551,1385,Jones,155,9076.0,Coastal,19.5,0.0,Substantial,-77.3551679748,35.0217248029,High
33552,9657,Lee,155,64360.0,Eastern,248.1,1631.1,Substantial,-79.1714836119,35.4751864248,High
33553,9730,Lenoir,155,54323.0,Coastal,138.1,3246.04,High,-77.6412486292,35.2387731611,High
33554,15905,Lincoln,155,88742.0,Central,293.4,1745.2,High,-81.2235326264,35.4855950234,High
33555,5134,Macon,155,37041.0,Western,71.8,2077.4,Substantial,-83.4221767088,35.1504672096,High
33556,2946,Madison,155,21146.0,Western,47.1,1247.6,High,-82.7057582627,35.8580358086,High
33557,3773,Martin,155,21503.0,Coastal,48.3,2717.4,High,-77.109232267,35.843213981,High
33558,8870,McDowell,155,44151.0,Western,101.3,2610.9,Substantial,-82.0493124426,35.6816924709,High
33559,163093,Mecklenburg,155,1128426.0,Central,2130.4,3736.1,High,-80.8327311406,35.2467670437,High
33560,2180,Mitchell,155,14783.0,Western,67.4,458.42,High,-82.1635815487,36.0132038869,High
33561,4688,Montgomery,155,25485.0,Eastern,52.4,2480.1,High,-79.9054790812,35.332466935,High
33562,14050,Moore,155,102966.0,Eastern,142.9,1617.3,High,-79.4813744392,35.3106538555,High
33563,15672,Nash,155,96101.0,Coastal,175.7,1838.5,High,-77.9864448378,35.9672502839,High
33564,29433,New Hanover,155,230423.0,Coastal,1174.0,2612.3,Substantial,-77.865597569,34.1815553357,High
33565,2639,Northampton,155,16953.0,Eastern,32.6,2092.6,Substantial,-77.3968212099,36.4177312434,Substantial
33566,30590,Onslow,155,207928.0,Coastal,268.4,2191.23,Substantial,-77.4157658244,34.709836363,High
33567,12321,Orange,155,148331.0,Eastern,374.0,1991.9,Substantial,-79.120649356,36.0611182361,High
33568,1763,Pamlico,155,12215.0,Coastal,36.5,2321.5,Substantial,-76.6694598427,35.151021226,High
33569,5559,Pasquotank,155,40966.0,Coastal,178.8,2078.8,High,-76.2492413613,36.2650187228,High
33570,9215,Pender,155,62250.0,Coastal,69.1,1461.9,High,-77.8884355846,34.5150997489,High
33571,1695,Perquimans,155,13049.0,Coastal,52.6,684.8,High,-76.4076199893,36.1772228503,High
33573,30499,Pitt,155,173536.0,Coastal,261.0,2238.9,High,-77.3744965519,35.5932989746,High
33599,3050,Yancey,155,18320.0,Western,59.1,557.0,High,-82.3076279784,35.8989479924,High
